-1.63367 0 0 0
-2.31617 0.0005 0 0
-2.53469 0.00125 0 0
-2.79833 0.0025 0 0
-3.12661 0.005 0 0
-3.18451 0.0075 0 0
-3.20095 0.01 0 0
-3.27375 0.015 0 0
-2.91279 0.025 0 0
-2.70112 0.05 0 0
-2.3035 0.1 0 0
-2.17484 0.125 0 0
-1.99685 0.15 0 0
-1.95478 0.175 0 0
-1.76956 0.2 0 0
-1.87606 0.225 0 0
-1.78251 0.275 0 0
-1.65446 0.325 0 0
-1.5936 0.35 0 0
-1.48904 0.375 0 0
-1.44134 0.4 0 0
-1.31441 0.425 0 0
-1.19259 0.45 0 0
-1.08597 0.475 0 0
-0.957398 0.5 0 0
-0.815855 0.525 0 0
-0.70006 0.55 0 0
-0.594677 0.575 0 0
-0.506475 0.6 0 0
-0.447792 0.625 0 0
-0.393395 0.65 0 0
-0.363602 0.675 0 0
-0.340947 0.7 0 0
-0.322167 0.75 0 0
-0.308592 0.8 0 0
-0.29338 0.825 0 0
-0.314318 0.85 0 0
-0.29318 0.875 0 0
-0.29706 0.9 0 0
-0.296245 0.925 0 0
-0.306152 0.95 0 0
-0.307575 0.99 0 0
-0.28981 0.99 0 0
0.0733925 0.975 0 0
0.168152 0.95 0 0
0.27149 0.925 0 0
0.310808 0.9 0 0
0.327858 0.875 0 0
0.354815 0.85 0 0
0.343593 0.825 0 0
0.322043 0.75 0 0
0.301623 0.725 0 0
0.272212 0.7 0 0
0.24454 0.675 0 0
0.19481 0.65 0 0
0.113435 0.625 0 0
0.118845 0.6 0 0
0.0972 0.575 0 0
0.0682025 0.55 0 0
0.0691175 0.525 0 0
0.0261325 0.5 0 0
-0.006545 0.475 0 0
-0.0161425 0.45 0 0
-0.01165 0.425 0 0
-0.010935 0.4 0 0
-0.028905 0.375 0 0
-0.05586 0.35 0 0
0.040835 0.325 0 0
0.0693275 0.3 0 0
0.08995 0.275 0 0
0.152237 0.25 0 0
0.18154 0.225 0 0
0.269768 0.2 0 0
0.329195 0.175 0 0
0.400365 0.15 0 0
0.493487 0.125 0 0
0.742128 0.075 0 0
0.895393 0.05 0 0
0.97963 0.025 0 0
1.0313 0.015 0 0
0.95523 0.01 0 0
0.872005 0.0075 0 0
0.685555 0.005 0 0
0.47776 0.0025 0 0
0.15642 0.00125 0 0
-0.310632 0.0005 0 0
-1.08044 0 0 0
-2.41532 0.00125 0 0
-3.1123 0.002375 0 0
-3.33492 0.00375 0 0
-3.61677 0.00625 0 0
-3.85481 0.01125 0 0
-3.85979 0.02 0 0
-3.77682 0.035 0 0
-3.81746 0.04625 0 0
-3.412 0.0625 0 0
-3.18981 0.09375 0 0
-2.74589 0.15 0 0
-2.64385 0.18125 0 0
-2.44248 0.21875 0 0
-2.3684 0.25625 0 0
-2.16796 0.2875 0 0
-2.24831 0.31875 0 0
-2.14285 0.375 0 0
-1.98306 0.43125 0 0
-1.89175 0.4625 0 0
-1.76053 0.49375 0 0
-1.68069 0.525 0 0
-1.51838 0.55625 0 0
-1.3676 0.5875 0 0
-1.23464 0.61875 0 0
-1.08402 0.65 0 0
-0.927803 0.68125 0 0
-0.798409 0.7125 0 0
-0.685578 0.74375 0 0
-0.591712 0.775 0 0
-0.528334 0.8125 0 0
-0.470543 0.85 0 0
-0.436947 0.88125 0 0
-0.419527 0.9125 0 0
-0.395462 0.96875 0 0
-0.382857 1.025 0 0
-0.367441 1.05625 0 0
-0.390856 1.0875 0 0
-0.370074 1.1225 0 0
-0.369513 1.1475 0 0
-0.277897 1.16875 0 0
-0.264114 1.1875 0 0
-0.239703 1.22125 0 0
-0.28981 0.99 0 0
0.0733925 0.975 0 0
0.168152 0.95 0 0
0.27149 0.925 0 0
0.310808 0.9 0 0
0.0577475 0.875 0 0
0.277157 0.850125 0 0
0.382698 0.825312 0 0
0.441482 0.750625 0 0
0.473011 0.72625 0 0
0.490214 0.701875 0 0
0.483348 0.6775 0 0
0.452635 0.65375 0 0
0.358343 0.63125 0 0
0.342693 0.6125 0 0
0.282732 0.59375 0 0
0.191574 0.58125 0 0
0.169209 0.5625 0 0
0.108431 0.54375 0 0
0.060897 0.525 0 0
0.0292425 0.50625 0 0
0.0264093 0.4875 0 0
0.0115525 0.46875 0 0
-0.0115731 0.45 0 0
-0.0456513 0.43125 0 0
0.02687 0.4125 0 0
0.0621012 0.39375 0 0
0.0872162 0.375 0 0
0.149325 0.35625 0 0
0.177504 0.3375 0 0
0.268131 0.31875 0 0
0.335728 0.3 0 0
0.417644 0.28125 0 0
0.510538 0.2625 0 0
-0.998473 0.21875 0 0
0.766428 0.21875 0 0
-0.221929 0.213 0 0
0.242318 0.2075 0 0
0.925104 0.2 0 0
0.558271 0.19 0 0
0.760961 0.18625 0 0
0.940058 0.1825 0 0
1.00799 0.18125 0 0
1.01636 0.17875 0 0
1.08 0.1775 0 0
-2.41532 0.00125 0 0
-3.1123 0.002375 0 0
-3.33492 0.00375 0 0
-3.61677 0.00625 0 0
-3.85481 0.01125 0 0
-3.85979 0.02 0 0
-3.77682 0.035 0 0
-3.81746 0.04625 0 0
-3.412 0.0625 0 0
-3.18981 0.09375 0 0
-2.74589 0.15 0 0
-2.64385 0.18125 0 0
-2.44248 0.21875 0 0
-2.3684 0.25625 0 0
-2.16796 0.2875 0 0
-2.24831 0.31875 0 0
-2.14285 0.375 0 0
-1.98306 0.43125 0 0
-1.89175 0.4625 0 0
-1.76053 0.49375 0 0
-1.68069 0.525 0 0
-1.51838 0.55625 0 0
-1.3676 0.5875 0 0
-1.23464 0.61875 0 0
-1.08402 0.65 0 0
-0.927803 0.68125 0 0
-0.798409 0.7125 0 0
-0.685578 0.74375 0 0
-0.591712 0.775 0 0
-0.528334 0.8125 0 0
-0.470543 0.85 0 0
-0.436947 0.88125 0 0
-0.419527 0.9125 0 0
-0.395462 0.96875 0 0
-0.382857 1.025 0 0
-0.367441 1.05625 0 0
-0.390856 1.0875 0 0
-0.370074 1.1225 0 0
-0.369513 1.1475 0 0
-0.277897 1.16875 0 0
-0.264114 1.1875 0 0
-0.239703 1.22125 0 0
-1.25351 0.992813 0 0
-0.8308 0.976562 0 0
-0.665577 0.950937 0 0
-0.506585 0.925594 0 0
-0.293022 0.900312 0 0
0.0577475 0.875 0 0
0.277157 0.850125 0 0
0.382698 0.825312 0 0
0.441482 0.750625 0 0
0.473011 0.72625 0 0
0.490214 0.701875 0 0
0.483348 0.6775 0 0
0.452635 0.65375 0 0
0.358343 0.63125 0 0
0.342693 0.6125 0 0
0.282732 0.59375 0 0
0.191574 0.58125 0 0
0.169209 0.5625 0 0
0.108431 0.54375 0 0
0.060897 0.525 0 0
0.0292425 0.50625 0 0
0.0264093 0.4875 0 0
0.0115525 0.46875 0 0
-0.0115731 0.45 0 0
-0.0456513 0.43125 0 0
0.02687 0.4125 0 0
0.0621012 0.39375 0 0
0.0872162 0.375 0 0
0.149325 0.35625 0 0
0.177504 0.3375 0 0
0.268131 0.31875 0 0
0.335728 0.3 0 0
0.417644 0.28125 0 0
0.510538 0.2625 0 0
-0.998473 0.21875 0 0
0.766428 0.21875 0 0
-0.221929 0.213 0 0
0.242318 0.2075 0 0
0.925104 0.2 0 0
0.558271 0.19 0 0
0.760961 0.18625 0 0
0.940058 0.1825 0 0
1.00799 0.18125 0 0
1.01636 0.17875 0 0
1.08 0.1775 0 0
-2.41532 0.00125 0 0
-3.1123 0.002375 0 0
-3.33492 0.00375 0 0
-3.61677 0.00625 0 0
-3.85481 0.01125 0 0
-3.85979 0.02 0 0
-3.77682 0.035 0 0
-3.81746 0.04625 0 0
-3.412 0.0625 0 0
-3.18981 0.09375 0 0
-2.74589 0.15 0 0
-2.64385 0.18125 0 0
-2.44248 0.21875 0 0
-2.3684 0.25625 0 0
-2.16796 0.2875 0 0
-2.24831 0.31875 0 0
-2.14285 0.375 0 0
-1.98306 0.43125 0 0
-1.89175 0.4625 0 0
-1.76053 0.49375 0 0
-1.68069 0.525 0 0
-1.51838 0.55625 0 0
-1.3676 0.5875 0 0
-1.23464 0.61875 0 0
-1.08402 0.65 0 0
-0.927803 0.68125 0 0
-0.798409 0.7125 0 0
-0.685578 0.74375 0 0
-0.591712 0.775 0 0
-0.528334 0.8125 0 0
-0.470543 0.85 0 0
-0.436947 0.88125 0 0
-0.419527 0.9125 0 0
-0.395462 0.96875 0 0
-0.382857 1.025 0 0
-0.367441 1.05625 0 0
-0.390856 1.0875 0 0
-0.370074 1.1225 0 0
-0.369513 1.1475 0 0
-0.277897 1.16875 0 0
-0.264114 1.1875 0 0
-0.239703 1.22125 0 0
-1.25351 0.992813 0 0
-0.8308 0.976562 0 0
-0.665577 0.950937 0 0
-0.506585 0.925594 0 0
-0.293022 0.900312 0 0
0.0577475 0.875 0 0
0.277157 0.850125 0 0
0.382698 0.825312 0 0
0.441482 0.750625 0 0
0.473011 0.72625 0 0
0.490214 0.701875 0 0
0.483348 0.6775 0 0
0.452635 0.65375 0 0
0.358343 0.63125 0 0
0.342693 0.6125 0 0
0.282732 0.59375 0 0
0.191574 0.58125 0 0
0.169209 0.5625 0 0
0.108431 0.54375 0 0
0.060897 0.525 0 0
0.0292425 0.50625 0 0
0.0264093 0.4875 0 0
0.0115525 0.46875 0 0
-0.0115731 0.45 0 0
-0.0456513 0.43125 0 0
0.02687 0.4125 0 0
0.0621012 0.39375 0 0
0.0872162 0.375 0 0
0.149325 0.35625 0 0
0.177504 0.3375 0 0
0.268131 0.31875 0 0
0.335728 0.3 0 0
0.417644 0.28125 0 0
0.510538 0.2625 0 0
-0.998473 0.21875 0 0
0.766428 0.21875 0 0
-0.221929 0.213 0 0
0.242318 0.2075 0 0
0.925104 0.2 0 0
0.558271 0.19 0 0
0.760961 0.18625 0 0
0.940058 0.1825 0 0
1.00799 0.18125 0 0
1.01636 0.17875 0 0
1.08 0.1775 0 0
-2.41532 0.00125 0 0
-3.1123 0.002375 0 0
-3.33492 0.00375 0 0
-3.61677 0.00625 0 0
-3.85481 0.01125 0 0
-3.85979 0.02 0 0
-3.77682 0.035 0 0
-3.81746 0.04625 0 0
-3.412 0.0625 0 0
-3.18981 0.09375 0 0
-2.74589 0.15 0 0
-2.64385 0.18125 0 0
-2.44248 0.21875 0 0
-2.3684 0.25625 0 0
-2.16796 0.2875 0 0
-2.24831 0.31875 0 0
-2.14285 0.375 0 0
-1.98306 0.43125 0 0
-1.89175 0.4625 0 0
-1.76053 0.49375 0 0
-1.68069 0.525 0 0
-1.51838 0.55625 0 0
-1.3676 0.5875 0 0
-1.23464 0.61875 0 0
-1.08402 0.65 0 0
-0.927803 0.68125 0 0
-0.798409 0.7125 0 0
-0.685578 0.74375 0 0
-0.591712 0.775 0 0
-0.528334 0.8125 0 0
-0.470543 0.85 0 0
-0.436947 0.88125 0 0
-0.419527 0.9125 0 0
-0.395462 0.96875 0 0
-0.382857 1.025 0 0
-0.367441 1.05625 0 0
-0.390856 1.0875 0 0
-0.370074 1.1225 0 0
-0.369513 1.1475 0 0
-0.277897 1.16875 0 0
-0.264114 1.1875 0 0
-0.239703 1.22125 0 0
-1.25351 0.992813 0 0
-0.8308 0.976562 0 0
-0.665577 0.950937 0 0
-0.506585 0.925594 0 0
-0.293022 0.900312 0 0
0.0577475 0.875 0 0
0.277157 0.850125 0 0
0.382698 0.825312 0 0
0.441482 0.750625 0 0
0.473011 0.72625 0 0
0.490214 0.701875 0 0
0.483348 0.6775 0 0
0.452635 0.65375 0 0
0.358343 0.63125 0 0
0.342693 0.6125 0 0
0.282732 0.59375 0 0
0.191574 0.58125 0 0
0.169209 0.5625 0 0
0.108431 0.54375 0 0
0.060897 0.525 0 0
0.0292425 0.50625 0 0
0.0264093 0.4875 0 0
0.0115525 0.46875 0 0
-0.0115731 0.45 0 0
-0.0456513 0.43125 0 0
0.02687 0.4125 0 0
0.0621012 0.39375 0 0
0.0872162 0.375 0 0
0.149325 0.35625 0 0
0.177504 0.3375 0 0
0.268131 0.31875 0 0
0.335728 0.3 0 0
0.417644 0.28125 0 0
0.510538 0.2625 0 0
-0.998473 0.21875 0 0
0.766428 0.21875 0 0
-0.221929 0.213 0 0
0.242318 0.2075 0 0
0.925104 0.2 0 0
0.558271 0.19 0 0
0.760961 0.18625 0 0
0.940058 0.1825 0 0
1.00799 0.18125 0 0
1.01636 0.17875 0 0
1.08 0.1775 0 0
-2.41532 0.00125 0 0
-3.1123 0.002375 0 0
-3.33492 0.00375 0 0
-3.61677 0.00625 0 0
-3.85481 0.01125 0 0
-3.85979 0.02 0 0
-3.77682 0.035 0 0
-3.81746 0.04625 0 0
-3.412 0.0625 0 0
-3.18981 0.09375 0 0
-2.74589 0.15 0 0
-2.64385 0.18125 0 0
-2.44248 0.21875 0 0
-2.3684 0.25625 0 0
-2.16796 0.2875 0 0
-2.24831 0.31875 0 0
-2.14285 0.375 0 0
-1.98306 0.43125 0 0
-1.89175 0.4625 0 0
-1.76053 0.49375 0 0
-1.68069 0.525 0 0
-1.51838 0.55625 0 0
-1.3676 0.5875 0 0
-1.23464 0.61875 0 0
-1.08402 0.65 0 0
-0.927803 0.68125 0 0
-0.798409 0.7125 0 0
-0.685578 0.74375 0 0
-0.591712 0.775 0 0
-0.528334 0.8125 0 0
-0.470543 0.85 0 0
-0.436947 0.88125 0 0
-0.419527 0.9125 0 0
-0.395462 0.96875 0 0
-0.382857 1.025 0 0
-0.367441 1.05625 0 0
-0.390856 1.0875 0 0
-0.370074 1.1225 0 0
-0.369513 1.1475 0 0
-0.277897 1.16875 0 0
-0.264114 1.1875 0 0
-0.239703 1.22125 0 0
-1.25351 0.992813 0 0
-0.8308 0.976562 0 0
-0.665577 0.950937 0 0
-0.506585 0.925594 0 0
-0.293022 0.900312 0 0
0.0577475 0.875 0 0
0.277157 0.850125 0 0
0.382698 0.825312 0 0
0.441482 0.750625 0 0
0.473011 0.72625 0 0
0.490214 0.701875 0 0
0.483348 0.6775 0 0
0.452635 0.65375 0 0
0.358343 0.63125 0 0
0.342693 0.6125 0 0
0.282732 0.59375 0 0
0.191574 0.58125 0 0
0.169209 0.5625 0 0
0.108431 0.54375 0 0
0.060897 0.525 0 0
0.0292425 0.50625 0 0
0.0264093 0.4875 0 0
0.0115525 0.46875 0 0
-0.0115731 0.45 0 0
-0.0456513 0.43125 0 0
0.02687 0.4125 0 0
0.0621012 0.39375 0 0
0.0872162 0.375 0 0
0.149325 0.35625 0 0
0.177504 0.3375 0 0
0.268131 0.31875 0 0
0.335728 0.3 0 0
0.417644 0.28125 0 0
0.510538 0.2625 0 0
-0.998473 0.21875 0 0
0.766428 0.21875 0 0
-0.221929 0.213 0 0
0.242318 0.2075 0 0
0.925104 0.2 0 0
0.558271 0.19 0 0
0.760961 0.18625 0 0
0.940058 0.1825 0 0
1.00799 0.18125 0 0
1.01636 0.17875 0 0
1.08 0.1775 0 0
