0 0 0 0
0 2.5 0 0
-0.579043 1.39373 0 0.035875
-0.633672 0.0003125 0 0
0 0 0 0
-2.41532 0.00125 0 0
-3.1123 0.002375 0 0
-3.33492 0.00375 0 0
-3.61677 0.00625 0 0
-3.85481 0.01125 0 0
-3.85979 0.02 0 0
-3.77682 0.035 0 0
-3.81746 0.04625 0 0
-3.412 0.0625 0 0
-3.18981 0.09375 0 0
-2.74589 0.15 0 0
-2.64385 0.18125 0 0
-2.44248 0.21875 0 0
-2.3684 0.25625 0 0
-2.16796 0.2875 0 0
-2.24831 0.31875 0 0
-2.14285 0.375 0 0
-1.98306 0.43125 0 0
-1.89175 0.4625 0 0
-1.76053 0.49375 0 0
-1.68069 0.525 0 0
-1.51838 0.55625 0 0
-1.3676 0.5875 0 0
-1.23464 0.61875 0 0
-1.08402 0.65 0 0
-0.927803 0.68125 0 0
-0.798409 0.7125 0 0
-0.685578 0.74375 0 0
-0.591712 0.775 0 0
-0.528334 0.8125 0 0
-0.470543 0.85 0 0
-0.436947 0.88125 0 0
-0.419527 0.9125 0 0
-0.395462 0.96875 0 0
-0.382857 1.025 0 0
-0.367441 1.05625 0 0
-0.390856 1.0875 0 0
-0.370074 1.1225 0 0
-0.369513 1.1475 0 0
-0.277897 1.16875 0 0
-0.264114 1.1875 0 0
-0.239703 1.22125 0 0
0 0 0 0
-0.998473 0.21875 0 0
-0.221929 0.213 0 0
0.242318 0.2075 0 0
0.558271 0.19 0 0
0.760961 0.18625 0 0
0.940058 0.1825 0 0
1.01636 0.17875 0 0
1.08 0.1775 0 0
1.00799 0.18125 0 0
0.925104 0.2 0 0
0.766428 0.21875 0 0
0.510538 0.2625 0 0
0.417644 0.28125 0 0
0.335728 0.3 0 0
0.268131 0.31875 0 0
0.177504 0.3375 0 0
0.149325 0.35625 0 0
0.0872162 0.375 0 0
0.0621012 0.39375 0 0
0.02687 0.4125 0 0
-0.0456513 0.43125 0 0
-0.0115731 0.45 0 0
0.0115525 0.46875 0 0
0.0264093 0.4875 0 0
0.0292425 0.50625 0 0
0.060897 0.525 0 0
0.108431 0.54375 0 0
0.169209 0.5625 0 0
0.191574 0.58125 0 0
0.282732 0.59375 0 0
0.342693 0.6125 0 0
0.358343 0.63125 0 0
0.452635 0.65375 0 0
0.483348 0.6775 0 0
0.490214 0.701875 0 0
0.473011 0.72625 0 0
0.441482 0.750625 0 0
0.382698 0.825312 0 0
0.277157 0.850125 0 0
0.0577475 0.875 0 0
-0.293022 0.900312 0 0
-0.506585 0.925594 0 0
-0.665577 0.950937 0 0
-0.8308 0.976562 0 0
-1.25351 0.992813 0 0
0 0 0 0
0.07055 0.07125 0 0
0.06601 0.0990625 0 0
0.159823 0.128125 0 0
0.234563 0.160938 0 0
0.330125 0.2 0 0
0.343175 0.232813 0 0
0.414547 0.267188 0 0
0.431233 0.301563 0 0
0.477057 0.334375 0 0
0.46575 0.367188 0 0
0.478733 0.40625 0 0
0.528185 0.445312 0 0
0.550188 0.478125 0 0
0.589433 0.510938 0 0
0.610515 0.54375 0 0
0.638635 0.576562 0 0
0.682455 0.599375 0 0
0.710692 0.622188 0 0
0.74692 0.645 0 0
0.798022 0.667813 0 0
0.816378 0.690625 0 0
0.85092 0.713437 0 0
0.816795 0.73625 0 0
0.902174 0.760625 0 0
0.902332 0.785 0 0
0.919506 0.807812 0 0
0.918858 0.830625 0 0
0.930597 0.859688 0 0
0.933643 0.88875 0 0
0.922797 0.911562 0 0
0.929291 0.934375 0 0
0.924179 0.958125 0 0
0.929214 0.979375 0 0
0.924448 0.999688 0 0
0.950669 1.01938 0 0
0.950439 1.04281 0 0
0.885217 0.995 0 0
1.01513 1.00125 0 0
1.03688 1.005 0 0
1.04373 1.00875 0 0
1.0602 1.0125 0 0
0.970887 1.01625 0 0
1.03423 1.02003 0 0
1.04102 1.02383 0 0
0.999666 1.01516 0 0
1.00081 1.01906 0 0
1.00451 1.02297 0 0
0.976029 1.02687 0 0
0.951694 1.03094 0 0
0.915756 1.03531 0 0
0.915196 1.04063 0 0
0.889678 1.04594 0 0
0.880753 1.05281 0 0
0.877392 1.05812 0 0
0.860548 1.06344 0 0
0.855392 1.06875 0 0
0.863403 1.07406 0 0
0.91393 1.07937 0 0
0.896616 1.08469 0 0
0.877649 1.09 0 0
0.885865 1.09531 0 0
0.898798 1.10062 0 0
0.936803 1.10594 0 0
0.953702 1.11125 0 0
0.968619 1.11656 0 0
0.974651 1.12188 0 0
1.02375 1.12719 0 0
1.04219 1.1325 0 0
1.0685 1.13781 0 0
1.09581 1.14312 0 0
0.741642 1.14219 0 0
1.17288 1.15219 0 0
0.914363 1.16075 0 0
1.04228 1.16937 0 0
1.2272 1.1775 0 0
1.1357 1.185 0 0
1.21018 1.19906 0 0
1.24126 1.21313 0 0
1.26306 1.22781 0 0
1.25628 1.24219 0 0
1.27618 1.25687 0 0
0.41327 1.22781 0 0
0.24148 1.24309 0 0
0.184398 1.25844 0 0
0.119955 1.27406 0 0
0.0513625 1.29031 0 0
0.05676 1.3075 0 0
0.076975 1.32625 0 0
0.06233 1.34406 0 0
0.16625 1.36312 0 0
0.22843 1.38594 0 0
0.313072 1.415 0 0
0.359512 1.43781 0 0
0.409652 1.46219 0 0
0.427965 1.48656 0 0
0.47664 1.50937 0 0
0.449308 1.54219 0 0
0.492223 1.58125 0 0
0.53482 1.62031 0 0
0.533958 1.65313 0 0
0.568188 1.68594 0 0
0.58856 1.71875 0 0
0.651195 1.75156 0 0
0.63926 1.78438 0 0
0.706703 1.81719 0 0
0.762742 1.85 0 0
0.771577 1.88281 0 0
0.81495 1.91562 0 0
0.828556 1.94844 0 0
0.87275 1.98125 0 0
0.895436 2.01562 0 0
0 0 0 0
-0.0918868 0.845313 0 0
-0.151149 1.16562 0 0
-0.162281 1.49219 0 0
-0.0998067 1.81875 0 0
-0.0918603 0.264062 0 0
-0.097714 0.271875 0 0
-0.0925185 0.280625 0 0
-0.0923782 0.286875 0 0
-0.0694743 0.292187 0 0
-0.0660285 0.296875 0 0
-0.0599257 0.305312 0 0
-0.313377 0.248203 0 0
-0.2077 0.244141 0 0
-0.166394 0.237734 0 0
-0.126646 0.231399 0 0
-0.0732555 0.225078 0 0
0.0144369 0.21875 0 0
0.0692892 0.212531 0 0
0.0956745 0.206328 0 0
0.11037 0.187656 0 0
0.118253 0.181562 0 0
0.122553 0.175469 0 0
0.120837 0.169375 0 0
0.113159 0.163438 0 0
0.0895858 0.157812 0 0
0.0856733 0.153125 0 0
0.070683 0.148438 0 0
0.0478935 0.145313 0 0
0.0423022 0.140625 0 0
0.0271077 0.135937 0 0
0.0152242 0.13125 0 0
0.00731063 0.126562 0 0
0.00660233 0.121875 0 0
0.00288813 0.117188 0 0
-0.00289327 0.1125 0 0
-0.0114128 0.107813 0 0
0.0067175 0.103125 0 0
0.0155253 0.0984375 0 0
0.021804 0.09375 0 0
0.0373313 0.0890625 0 0
0.044376 0.084375 0 0
0.0670328 0.0796875 0 0
0.083932 0.075 0 0
0.104411 0.0703125 0 0
0.127635 0.065625 0 0
-0.249618 0.0546875 0 0
0.191607 0.0546875 0 0
-0.0554822 0.05325 0 0
0.0605795 0.051875 0 0
0.231276 0.05 0 0
0.139568 0.0475 0 0
0.19024 0.0465625 0 0
0.235014 0.045625 0 0
0.251997 0.0453125 0 0
0.25409 0.0446875 0 0
0.27 0.044375 0 0
-0.60383 0.0003125 0 0
-0.778075 0.00059375 0 0
-0.83373 0.0009375 0 0
-0.904192 0.0015625 0 0
-0.963703 0.0028125 0 0
-0.964947 0.005 0 0
-0.944205 0.00875 0 0
-0.954365 0.0115625 0 0
-0.853 0.015625 0 0
-0.797453 0.0234375 0 0
-0.686473 0.0375 0 0
-0.660963 0.0453125 0 0
-0.61062 0.0546875 0 0
-0.5921 0.0640625 0 0
-0.54199 0.071875 0 0
-0.562078 0.0796875 0 0
-0.535713 0.09375 0 0
-0.495765 0.107813 0 0
-0.472938 0.115625 0 0
-0.440132 0.123438 0 0
-0.420173 0.13125 0 0
-0.379595 0.139063 0 0
-0.3419 0.146875 0 0
-0.30866 0.154688 0 0
-0.271005 0.1625 0 0
-0.231951 0.170313 0 0
-0.199602 0.178125 0 0
-0.171395 0.185938 0 0
-0.147928 0.19375 0 0
-0.132083 0.203125 0 0
-0.117636 0.2125 0 0
-0.109237 0.220312 0 0
-0.104882 0.228125 0 0
-0.0988655 0.242188 0 0
-0.0957143 0.25625 0 0
-0.0918603 0.264062 0 0
-0.097714 0.271875 0 0
-0.0925185 0.280625 0 0
-0.0923782 0.286875 0 0
-0.0694743 0.292187 0 0
-0.0660285 0.296875 0 0
-0.0599257 0.305312 0 0
-0.313377 0.248203 0 0
-0.2077 0.244141 0 0
-0.166394 0.237734 0 0
-0.126646 0.231399 0 0
-0.0732555 0.225078 0 0
0.0144369 0.21875 0 0
0.0692892 0.212531 0 0
0.0956745 0.206328 0 0
0.11037 0.187656 0 0
0.118253 0.181562 0 0
0.122553 0.175469 0 0
0.120837 0.169375 0 0
0.113159 0.163438 0 0
0.0895858 0.157812 0 0
0.0856733 0.153125 0 0
0.070683 0.148438 0 0
0.0478935 0.145313 0 0
0.0423022 0.140625 0 0
0.0271077 0.135937 0 0
0.0152242 0.13125 0 0
0.00731063 0.126562 0 0
0.00660233 0.121875 0 0
0.00288813 0.117188 0 0
-0.00289327 0.1125 0 0
-0.0114128 0.107813 0 0
0.0067175 0.103125 0 0
0.0155253 0.0984375 0 0
0.021804 0.09375 0 0
0.0373313 0.0890625 0 0
0.044376 0.084375 0 0
0.0670328 0.0796875 0 0
0.083932 0.075 0 0
0.104411 0.0703125 0 0
0.127635 0.065625 0 0
-0.249618 0.0546875 0 0
0.191607 0.0546875 0 0
-0.0554822 0.05325 0 0
0.0605795 0.051875 0 0
0.231276 0.05 0 0
0.139568 0.0475 0 0
0.19024 0.0465625 0 0
0.235014 0.045625 0 0
0.251997 0.0453125 0 0
0.25409 0.0446875 0 0
0.27 0.044375 0 0
-0.60383 0.0003125 0 0
-0.778075 0.00059375 0 0
-0.83373 0.0009375 0 0
-0.904192 0.0015625 0 0
-0.963703 0.0028125 0 0
-0.964947 0.005 0 0
-0.944205 0.00875 0 0
-0.954365 0.0115625 0 0
-0.853 0.015625 0 0
-0.797453 0.0234375 0 0
-0.686473 0.0375 0 0
-0.660963 0.0453125 0 0
-0.61062 0.0546875 0 0
-0.5921 0.0640625 0 0
-0.54199 0.071875 0 0
-0.562078 0.0796875 0 0
-0.535713 0.09375 0 0
-0.495765 0.107813 0 0
-0.472938 0.115625 0 0
-0.440132 0.123438 0 0
-0.420173 0.13125 0 0
-0.379595 0.139063 0 0
-0.3419 0.146875 0 0
-0.30866 0.154688 0 0
-0.271005 0.1625 0 0
-0.231951 0.170313 0 0
-0.199602 0.178125 0 0
-0.171395 0.185938 0 0
-0.147928 0.19375 0 0
-0.132083 0.203125 0 0
-0.117636 0.2125 0 0
-0.109237 0.220312 0 0
-0.104882 0.228125 0 0
-0.0988655 0.242188 0 0
-0.0957143 0.25625 0 0
-0.0918603 0.264062 0 0
-0.097714 0.271875 0 0
-0.0925185 0.280625 0 0
-0.0923782 0.286875 0 0
-0.0694743 0.292187 0 0
-0.0660285 0.296875 0 0
-0.0599257 0.305312 0 0
-0.313377 0.248203 0 0
-0.2077 0.244141 0 0
-0.166394 0.237734 0 0
-0.126646 0.231399 0 0
-0.0732555 0.225078 0 0
0.0144369 0.21875 0 0
0.0692892 0.212531 0 0
0.0956745 0.206328 0 0
0.11037 0.187656 0 0
0.118253 0.181562 0 0
0.122553 0.175469 0 0
0.120837 0.169375 0 0
0.113159 0.163438 0 0
0.0895858 0.157812 0 0
0.0856733 0.153125 0 0
0.070683 0.148438 0 0
0.0478935 0.145313 0 0
0.0423022 0.140625 0 0
0.0271077 0.135937 0 0
0.0152242 0.13125 0 0
0.00731063 0.126562 0 0
0.00660233 0.121875 0 0
0.00288813 0.117188 0 0
-0.00289327 0.1125 0 0
-0.0114128 0.107813 0 0
0.0067175 0.103125 0 0
0.0155253 0.0984375 0 0
0.021804 0.09375 0 0
0.0373313 0.0890625 0 0
0.044376 0.084375 0 0
0.0670328 0.0796875 0 0
0.083932 0.075 0 0
0.104411 0.0703125 0 0
0.127635 0.065625 0 0
-0.249618 0.0546875 0 0
0.191607 0.0546875 0 0
-0.0554822 0.05325 0 0
0.0605795 0.051875 0 0
0.231276 0.05 0 0
0.139568 0.0475 0 0
0.19024 0.0465625 0 0
0.235014 0.045625 0 0
0.251997 0.0453125 0 0
0.25409 0.0446875 0 0
0.27 0.044375 0 0
4
