0 0 0 0
0 -0.833333 0 0
0 -0.07815 0 0.00701667
0 0 0 0
0 0 0 0
0.693382 0 0 0
0.913698 0.0005 0 0
0.991997 0.00125 0 0
1.01415 0.0025 0 0
0.983853 0.005 0 0
0.943043 0.0075 0 0
0.834258 0.01 0 0
0.720222 0.015 0 0
0.566525 0.025 0 0
0.397002 0.05 0 0
0.047475 0.1 0 0
-0.0955783 0.125 0 0
-0.21404 0.15 0 0
-0.325187 0.175 0 0
-0.372435 0.2 0 0
-0.492313 0.225 0 0
-0.617785 0.275 0 0
-0.697635 0.325 0 0
-0.730587 0.35 0 0
-0.729052 0.375 0 0
-0.754188 0.4 0 0
-0.740958 0.425 0 0
-0.716078 0.45 0 0
-0.696772 0.475 0 0
-0.662447 0.5 0 0
-0.619828 0.525 0 0
-0.58826 0.55 0 0
-0.523565 0.575 0 0
-0.45257 0.6 0 0
-0.401808 0.625 0 0
-0.389813 0.65 0 0
-0.349747 0.675 0 0
-0.31088 0.7 0 0
-0.241657 0.75 0 0
-0.175088 0.8 0 0
-0.143128 0.825 0 0
-0.118652 0.85 0 0
-0.08355 0.875 0 0
-0.06546 0.9 0 0
-0.02916 0.925 0 0
0.005165 0.95 0 0
0.113862 0.99 0 0
0 0 0 0
0.493318 0 0 0
0.068185 0.0005 0 0
-0.181287 0.00125 0 0
-0.421672 0.0025 0 0
-0.608158 0.005 0 0
-0.845418 0.0075 0 0
-0.951143 0.01 0 0
-1.02991 0.015 0 0
-1.04886 0.025 0 0
-1.03646 0.05 0 0
-1.02487 0.075 0 0
-0.992375 0.125 0 0
-0.981835 0.15 0 0
-0.972038 0.175 0 0
-0.964758 0.2 0 0
-0.96915 0.225 0 0
-0.962158 0.25 0 0
-0.92197 0.275 0 0
-0.870333 0.3 0 0
-0.835315 0.325 0 0
-0.835638 0.35 0 0
-0.753983 0.375 0 0
-0.666483 0.4 0 0
-0.625453 0.425 0 0
-0.574053 0.45 0 0
-0.506908 0.475 0 0
-0.43135 0.5 0 0
-0.336977 0.525 0 0
-0.268112 0.55 0 0
-0.200847 0.575 0 0
-0.13085 0.6 0 0
-0.0611167 0.625 0 0
-0.0096 0.65 0 0
0.04773 0.675 0 0
0.106395 0.7 0 0
0.154082 0.725 0 0
0.191275 0.75 0 0
0.271378 0.825 0 0
0.293827 0.85 0 0
0.299537 0.875 0 0
0.30479 0.9 0 0
0.300953 0.925 0 0
0.27467 0.95 0 0
0.256648 0.975 0 0
0.194688 0.99 0 0
0 0 0 0
1.01377 0.0625 0 0
1.01392 0.0875 0 0
1.01265 0.1125 0 0
1.01461 0.1375 0 0
1.01481 0.1625 0 0
1.00974 0.1875 0 0
1.01665 0.2125 0 0
1.01517 0.2375 0 0
1.01397 0.2625 0 0
1.01583 0.2875 0 0
1.01047 0.3125 0 0
1.01529 0.3375 0 0
1.01496 0.3625 0 0
1.01821 0.3875 0 0
1.01752 0.4125 0 0
1.01392 0.4375 0 0
1.0163 0.4525 0 0
1.01493 0.4675 0 0
1.01331 0.4825 0 0
1.01718 0.4975 0 0
1.01397 0.5125 0 0
1.01348 0.5275 0 0
1.00059 0.5425 0 0
1.0179 0.5575 0 0
1.01213 0.5725 0 0
1.01699 0.5875 0 0
1.01528 0.6025 0 0
1.01588 0.6175 0 0
1.01628 0.6325 0 0
1.01194 0.6475 0 0
1.01361 0.6625 0 0
1.01277 0.6775 0 0
1.01492 0.6925 0 0
1.00475 0.7075 0 0
1.01257 0.7225 0 0
1.01233 0.7375 0 0
0.998935 0.7475 0 0
1.01031 0.7575 0 0
1.01147 0.7675 0 0
1.00407 0.7775 0 0
1.01018 0.7875 0 0
1.00998 0.7975 0 0
1.01633 0.8075 0 0
1.0137 0.8175 0 0
1.00801 0.8275 0 0
1.0101 0.8375 0 0
1.01574 0.8475 0 0
1.01275 0.8575 0 0
1.00971 0.8675 0 0
1.01267 0.8775 0 0
1.01355 0.8875 0 0
1.01003 0.8975 0 0
1.01245 0.9075 0 0
1.01243 0.9175 0 0
1.00652 0.9275 0 0
1.01076 0.9375 0 0
1.01072 0.9475 0 0
1.02196 0.9575 0 0
1.01563 0.9675 0 0
1.00863 0.9775 0 0
1.01165 0.9875 0 0
1.00623 0.9975 0 0
1.01282 1.0075 0 0
1.01349 1.0175 0 0
1.00439 1.0275 0 0
1.00509 1.0375 0 0
1.00808 1.0475 0 0
0.98843 1.0575 0 0
0.945657 1.0675 0 0
0.895963 1.0775 0 0
0.85934 1.0875 0 0
0.848968 1.0975 0 0
0.884157 1.1075 0 0
0.94167 1.1175 0 0
0.98417 1.1275 0 0
1.00358 1.1375 0 0
1.01094 1.1525 0 0
1.00893 1.1675 0 0
1.00816 1.1825 0 0
1.00735 1.1975 0 0
1.00652 1.2125 0 0
1.00933 1.2275 0 0
1.00939 1.2425 0 0
1.01088 1.2575 0 0
1.01209 1.2725 0 0
1.00818 1.2875 0 0
1.00963 1.3025 0 0
1.01042 1.3175 0 0
1.00897 1.3325 0 0
1.00961 1.3475 0 0
1.01 1.3625 0 0
1.00432 1.3775 0 0
1.00877 1.3925 0 0
1.00946 1.4075 0 0
1.00905 1.4225 0 0
1.01096 1.4375 0 0
1.00896 1.4625 0 0
1.01595 1.4875 0 0
1.01615 1.5125 0 0
1.01022 1.5375 0 0
1.00917 1.5625 0 0
1.00993 1.5875 0 0
1.01481 1.6125 0 0
0.99012 1.6375 0 0
1.01286 1.6625 0 0
1.01615 1.6875 0 0
1.0049 1.7125 0 0
1.00937 1.7375 0 0
1.00598 1.7625 0 0
1.0116 1.7875 0 0
1.01382 1.8125 0 0
0 0 0 0
-0.0145483 0.625 0 0
-0.0377917 0.9375 0 0
-0.0397 1.25 0 0
0.018895 1.5625 0 0
6
