-2.06541 0 0 0
-2.77096 0.0005 0 0
-2.97716 0.00125 0 0
-3.22332 0.0025 0 0
-3.52631 0.005 0 0
-3.55933 0.0075 0 0
-3.52911 0.01 0 0
-3.56855 0.015 0 0
-3.13992 0.025 0 0
-2.88999 0.05 0 0
-2.4136 0.1 0 0
-2.09677 0.125 0 0
-2.00634 0.15 0 0
-1.94135 0.175 0 0
-1.7232 0.2 0 0
-1.79232 0.225 0 0
-1.6397 0.275 0 0
-1.44547 0.325 0 0
-1.33891 0.35 0 0
-1.20554 0.375 0 0
-1.10056 0.4 0 0
-0.931243 0.425 0 0
-0.759397 0.45 0 0
-0.623328 0.475 0 0
-0.502684 0.5 0 0
-0.449952 0.525 0 0
-0.441074 0.55 0 0
-0.436668 0.575 0 0
-0.440879 0.6 0 0
-0.45528 0.625 0 0
-0.451075 0.65 0 0
-0.457233 0.675 0 0
-0.456186 0.7 0 0
-0.456587 0.75 0 0
-0.45275 0.8 0 0
-0.445517 0.825 0 0
-0.472909 0.85 0 0
-0.455616 0.875 0 0
-0.462242 0.9 0 0
-0.462647 0.925 0 0
-0.4714 0.95 0 0
-0.458816 0.99 0 0
-0.465877 0.99 0 0
-0.0295725 0.975 0 0
0.0893675 0.95 0 0
0.206651 0.925 0 0
0.256698 0.9 0 0
0.280761 0.875 0 0
0.313338 0.85 0 0
0.304588 0.825 0 0
0.293586 0.75 0 0
0.279618 0.725 0 0
0.256697 0.7 0 0
0.209747 0.675 0 0
0.101851 0.65 0 0
0.119956 0.625 0 0
0.115722 0.6 0 0
0.0916567 0.575 0 0
0.0620367 0.55 0 0
0.0616358 0.525 0 0
0.0197008 0.5 0 0
-0.00961333 0.475 0 0
-0.0127117 0.45 0 0
-0.0031825 0.425 0 0
0.00119083 0.4 0 0
-0.0107575 0.375 0 0
-0.0325633 0.35 0 0
0.0689033 0.325 0 0
0.100978 0.3 0 0
0.125247 0.275 0 0
0.193327 0.25 0 0
0.226982 0.225 0 0
0.319232 0.2 0 0
0.383246 0.175 0 0
0.456913 0.15 0 0
0.553505 0.125 0 0
0.799184 0.075 0 0
0.938818 0.05 0 0
1.00485 0.025 0 0
1.03181 0.015 0 0
0.898867 0.01 0 0
0.771784 0.0075 0 0
0.537914 0.005 0 0
0.288093 0.0025 0 0
-0.0865875 0.00125 0 0
-0.623759 0.0005 0 0
-1.47816 0 0 0
-2.35927 0.000416667 0 0
-3.06757 0.001125 0 0
-3.27126 0.00208333 0 0
-3.52069 0.00375 0 0
-3.78797 0.00708333 0 0
-3.80016 0.0116667 0 0
-3.73024 0.0183333 0 0
-3.74328 0.0254167 0 0
-3.30711 0.0375 0 0
-3.05177 0.0645833 0 0
-2.5572 0.116667 0 0
-2.24613 0.14375 0 0
-2.14298 0.172917 0 0
-2.06181 0.202083 0 0
-1.83477 0.229167 0 0
-1.89279 0.25625 0 0
-1.73141 0.308333 0 0
-1.52307 0.360417 0 0
-1.4022 0.3875 0 0
-1.25748 0.414583 0 0
-1.14245 0.441667 0 0
-0.968739 0.46875 0 0
-0.796153 0.495833 0 0
-0.659717 0.522917 0 0
-0.539424 0.55 0 0
-0.487892 0.577083 0 0
-0.478664 0.604167 0 0
-0.47477 0.63125 0 0
-0.478895 0.658333 0 0
-0.493329 0.6875 0 0
-0.488804 0.716667 0 0
-0.49436 0.74375 0 0
-0.495595 0.770833 0 0
-0.494555 0.822917 0 0
-0.49127 0.875 0 0
-0.484071 0.902083 0 0
-0.512192 0.929167 0 0
-0.49385 0.9575 0 0
-0.501065 0.9825 0 0
-0.465111 1.00625 0 0
-0.463953 1.02917 0 0
-0.441595 1.06708 0 0
-0.465877 0.99 0 0
-0.0295725 0.975 0 0
0.0893675 0.95 0 0
0.206651 0.925 0 0
0.256698 0.9 0 0
0.157581 0.875 0 0
0.261358 0.850042 0 0
0.297372 0.825104 0 0
0.317594 0.750208 0 0
0.324444 0.725417 0 0
0.321012 0.700625 0 0
0.284652 0.675833 0 0
0.187835 0.65125 0 0
0.203693 0.627083 0 0
0.193957 0.604167 0 0
0.158255 0.58125 0 0
0.108162 0.560417 0 0
0.0997119 0.5375 0 0
0.051638 0.514583 0 0
0.0169893 0.491667 0 0
0.0062035 0.46875 0 0
0.0129281 0.445833 0 0
0.0116281 0.422917 0 0
-0.00234267 0.4 0 0
-0.0268214 0.377083 0 0
0.0661897 0.354167 0 0
0.100082 0.33125 0 0
0.125346 0.308333 0 0
0.193061 0.285417 0 0
0.225922 0.2625 0 0
0.318431 0.239583 0 0
0.384888 0.216667 0 0
0.462049 0.19375 0 0
0.558675 0.170833 0 0
0.806822 0.122917 0 0
0.948462 0.1 0 0
1.01485 0.0770833 0 0
-1.45477 0.0729167 0 0
-0.597648 0.0713333 0 0
-0.0612052 0.07 0 0
1.0403 0.0691667 0 0
0.916346 0.06625 0 0
0.793176 0.0658333 0 0
0.561216 0.0654167 0 0
0.312559 0.065 0 0
-2.35927 0.000416667 0 0
-3.06757 0.001125 0 0
-3.27126 0.00208333 0 0
-3.52069 0.00375 0 0
-3.78797 0.00708333 0 0
-3.80016 0.0116667 0 0
-3.73024 0.0183333 0 0
-3.74328 0.0254167 0 0
-3.30711 0.0375 0 0
-3.05177 0.0645833 0 0
-2.5572 0.116667 0 0
-2.24613 0.14375 0 0
-2.14298 0.172917 0 0
-2.06181 0.202083 0 0
-1.83477 0.229167 0 0
-1.89279 0.25625 0 0
-1.73141 0.308333 0 0
-1.52307 0.360417 0 0
-1.4022 0.3875 0 0
-1.25748 0.414583 0 0
-1.14245 0.441667 0 0
-0.968739 0.46875 0 0
-0.796153 0.495833 0 0
-0.659717 0.522917 0 0
-0.539424 0.55 0 0
-0.487892 0.577083 0 0
-0.478664 0.604167 0 0
-0.47477 0.63125 0 0
-0.478895 0.658333 0 0
-0.493329 0.6875 0 0
-0.488804 0.716667 0 0
-0.49436 0.74375 0 0
-0.495595 0.770833 0 0
-0.494555 0.822917 0 0
-0.49127 0.875 0 0
-0.484071 0.902083 0 0
-0.512192 0.929167 0 0
-0.49385 0.9575 0 0
-0.501065 0.9825 0 0
-0.465111 1.00625 0 0
-0.463953 1.02917 0 0
-0.441595 1.06708 0 0
-0.781541 0.99059 0 0
-0.322963 0.975312 0 0
-0.183237 0.950174 0 0
-0.04898 0.925094 0 0
0.0600925 0.900035 0 0
0.157581 0.875 0 0
0.261358 0.850042 0 0
0.297372 0.825104 0 0
0.317594 0.750208 0 0
0.324444 0.725417 0 0
0.321012 0.700625 0 0
0.284652 0.675833 0 0
0.187835 0.65125 0 0
0.203693 0.627083 0 0
0.193957 0.604167 0 0
0.158255 0.58125 0 0
0.108162 0.560417 0 0
0.0997119 0.5375 0 0
0.051638 0.514583 0 0
0.0169893 0.491667 0 0
0.0062035 0.46875 0 0
0.0129281 0.445833 0 0
0.0116281 0.422917 0 0
-0.00234267 0.4 0 0
-0.0268214 0.377083 0 0
0.0661897 0.354167 0 0
0.100082 0.33125 0 0
0.125346 0.308333 0 0
0.193061 0.285417 0 0
0.225922 0.2625 0 0
0.318431 0.239583 0 0
0.384888 0.216667 0 0
0.462049 0.19375 0 0
0.558675 0.170833 0 0
0.806822 0.122917 0 0
0.948462 0.1 0 0
1.01485 0.0770833 0 0
-1.45477 0.0729167 0 0
-0.597648 0.0713333 0 0
-0.0612052 0.07 0 0
1.0403 0.0691667 0 0
0.916346 0.06625 0 0
0.793176 0.0658333 0 0
0.561216 0.0654167 0 0
0.312559 0.065 0 0
-2.35927 0.000416667 0 0
-3.06757 0.001125 0 0
-3.27126 0.00208333 0 0
-3.52069 0.00375 0 0
-3.78797 0.00708333 0 0
-3.80016 0.0116667 0 0
-3.73024 0.0183333 0 0
-3.74328 0.0254167 0 0
-3.30711 0.0375 0 0
-3.05177 0.0645833 0 0
-2.5572 0.116667 0 0
-2.24613 0.14375 0 0
-2.14298 0.172917 0 0
-2.06181 0.202083 0 0
-1.83477 0.229167 0 0
-1.89279 0.25625 0 0
-1.73141 0.308333 0 0
-1.52307 0.360417 0 0
-1.4022 0.3875 0 0
-1.25748 0.414583 0 0
-1.14245 0.441667 0 0
-0.968739 0.46875 0 0
-0.796153 0.495833 0 0
-0.659717 0.522917 0 0
-0.539424 0.55 0 0
-0.487892 0.577083 0 0
-0.478664 0.604167 0 0
-0.47477 0.63125 0 0
-0.478895 0.658333 0 0
-0.493329 0.6875 0 0
-0.488804 0.716667 0 0
-0.49436 0.74375 0 0
-0.495595 0.770833 0 0
-0.494555 0.822917 0 0
-0.49127 0.875 0 0
-0.484071 0.902083 0 0
-0.512192 0.929167 0 0
-0.49385 0.9575 0 0
-0.501065 0.9825 0 0
-0.465111 1.00625 0 0
-0.463953 1.02917 0 0
-0.441595 1.06708 0 0
-0.781541 0.99059 0 0
-0.322963 0.975312 0 0
-0.183237 0.950174 0 0
-0.04898 0.925094 0 0
0.0600925 0.900035 0 0
0.157581 0.875 0 0
0.261358 0.850042 0 0
0.297372 0.825104 0 0
0.317594 0.750208 0 0
0.324444 0.725417 0 0
0.321012 0.700625 0 0
0.284652 0.675833 0 0
0.187835 0.65125 0 0
0.203693 0.627083 0 0
0.193957 0.604167 0 0
0.158255 0.58125 0 0
0.108162 0.560417 0 0
0.0997119 0.5375 0 0
0.051638 0.514583 0 0
0.0169893 0.491667 0 0
0.0062035 0.46875 0 0
0.0129281 0.445833 0 0
0.0116281 0.422917 0 0
-0.00234267 0.4 0 0
-0.0268214 0.377083 0 0
0.0661897 0.354167 0 0
0.100082 0.33125 0 0
0.125346 0.308333 0 0
0.193061 0.285417 0 0
0.225922 0.2625 0 0
0.318431 0.239583 0 0
0.384888 0.216667 0 0
0.462049 0.19375 0 0
0.558675 0.170833 0 0
0.806822 0.122917 0 0
0.948462 0.1 0 0
1.01485 0.0770833 0 0
-1.45477 0.0729167 0 0
-0.597648 0.0713333 0 0
-0.0612052 0.07 0 0
1.0403 0.0691667 0 0
0.916346 0.06625 0 0
0.793176 0.0658333 0 0
0.561216 0.0654167 0 0
0.312559 0.065 0 0
-2.35927 0.000416667 0 0
-3.06757 0.001125 0 0
-3.27126 0.00208333 0 0
-3.52069 0.00375 0 0
-3.78797 0.00708333 0 0
-3.80016 0.0116667 0 0
-3.73024 0.0183333 0 0
-3.74328 0.0254167 0 0
-3.30711 0.0375 0 0
-3.05177 0.0645833 0 0
-2.5572 0.116667 0 0
-2.24613 0.14375 0 0
-2.14298 0.172917 0 0
-2.06181 0.202083 0 0
-1.83477 0.229167 0 0
-1.89279 0.25625 0 0
-1.73141 0.308333 0 0
-1.52307 0.360417 0 0
-1.4022 0.3875 0 0
-1.25748 0.414583 0 0
-1.14245 0.441667 0 0
-0.968739 0.46875 0 0
-0.796153 0.495833 0 0
-0.659717 0.522917 0 0
-0.539424 0.55 0 0
-0.487892 0.577083 0 0
-0.478664 0.604167 0 0
-0.47477 0.63125 0 0
-0.478895 0.658333 0 0
-0.493329 0.6875 0 0
-0.488804 0.716667 0 0
-0.49436 0.74375 0 0
-0.495595 0.770833 0 0
-0.494555 0.822917 0 0
-0.49127 0.875 0 0
-0.484071 0.902083 0 0
-0.512192 0.929167 0 0
-0.49385 0.9575 0 0
-0.501065 0.9825 0 0
-0.465111 1.00625 0 0
-0.463953 1.02917 0 0
-0.441595 1.06708 0 0
-0.781541 0.99059 0 0
-0.322963 0.975312 0 0
-0.183237 0.950174 0 0
-0.04898 0.925094 0 0
0.0600925 0.900035 0 0
0.157581 0.875 0 0
0.261358 0.850042 0 0
0.297372 0.825104 0 0
0.317594 0.750208 0 0
0.324444 0.725417 0 0
0.321012 0.700625 0 0
0.284652 0.675833 0 0
0.187835 0.65125 0 0
0.203693 0.627083 0 0
0.193957 0.604167 0 0
0.158255 0.58125 0 0
0.108162 0.560417 0 0
0.0997119 0.5375 0 0
0.051638 0.514583 0 0
0.0169893 0.491667 0 0
0.0062035 0.46875 0 0
0.0129281 0.445833 0 0
0.0116281 0.422917 0 0
-0.00234267 0.4 0 0
-0.0268214 0.377083 0 0
0.0661897 0.354167 0 0
0.100082 0.33125 0 0
0.125346 0.308333 0 0
0.193061 0.285417 0 0
0.225922 0.2625 0 0
0.318431 0.239583 0 0
0.384888 0.216667 0 0
0.462049 0.19375 0 0
0.558675 0.170833 0 0
0.806822 0.122917 0 0
0.948462 0.1 0 0
1.01485 0.0770833 0 0
-1.45477 0.0729167 0 0
-0.597648 0.0713333 0 0
-0.0612052 0.07 0 0
1.0403 0.0691667 0 0
0.916346 0.06625 0 0
0.793176 0.0658333 0 0
0.561216 0.0654167 0 0
0.312559 0.065 0 0
-2.35927 0.000416667 0 0
-3.06757 0.001125 0 0
-3.27126 0.00208333 0 0
-3.52069 0.00375 0 0
-3.78797 0.00708333 0 0
-3.80016 0.0116667 0 0
-3.73024 0.0183333 0 0
-3.74328 0.0254167 0 0
-3.30711 0.0375 0 0
-3.05177 0.0645833 0 0
-2.5572 0.116667 0 0
-2.24613 0.14375 0 0
-2.14298 0.172917 0 0
-2.06181 0.202083 0 0
-1.83477 0.229167 0 0
-1.89279 0.25625 0 0
-1.73141 0.308333 0 0
-1.52307 0.360417 0 0
-1.4022 0.3875 0 0
-1.25748 0.414583 0 0
-1.14245 0.441667 0 0
-0.968739 0.46875 0 0
-0.796153 0.495833 0 0
-0.659717 0.522917 0 0
-0.539424 0.55 0 0
-0.487892 0.577083 0 0
-0.478664 0.604167 0 0
-0.47477 0.63125 0 0
-0.478895 0.658333 0 0
-0.493329 0.6875 0 0
-0.488804 0.716667 0 0
-0.49436 0.74375 0 0
-0.495595 0.770833 0 0
-0.494555 0.822917 0 0
-0.49127 0.875 0 0
-0.484071 0.902083 0 0
-0.512192 0.929167 0 0
-0.49385 0.9575 0 0
-0.501065 0.9825 0 0
-0.465111 1.00625 0 0
-0.463953 1.02917 0 0
-0.441595 1.06708 0 0
-0.781541 0.99059 0 0
-0.322963 0.975312 0 0
-0.183237 0.950174 0 0
-0.04898 0.925094 0 0
0.0600925 0.900035 0 0
0.157581 0.875 0 0
0.261358 0.850042 0 0
0.297372 0.825104 0 0
0.317594 0.750208 0 0
0.324444 0.725417 0 0
0.321012 0.700625 0 0
0.284652 0.675833 0 0
0.187835 0.65125 0 0
0.203693 0.627083 0 0
0.193957 0.604167 0 0
0.158255 0.58125 0 0
0.108162 0.560417 0 0
0.0997119 0.5375 0 0
0.051638 0.514583 0 0
0.0169893 0.491667 0 0
0.0062035 0.46875 0 0
0.0129281 0.445833 0 0
0.0116281 0.422917 0 0
-0.00234267 0.4 0 0
-0.0268214 0.377083 0 0
0.0661897 0.354167 0 0
0.100082 0.33125 0 0
0.125346 0.308333 0 0
0.193061 0.285417 0 0
0.225922 0.2625 0 0
0.318431 0.239583 0 0
0.384888 0.216667 0 0
0.462049 0.19375 0 0
0.558675 0.170833 0 0
0.806822 0.122917 0 0
0.948462 0.1 0 0
1.01485 0.0770833 0 0
-1.45477 0.0729167 0 0
-0.597648 0.0713333 0 0
-0.0612052 0.07 0 0
1.0403 0.0691667 0 0
0.916346 0.06625 0 0
0.793176 0.0658333 0 0
0.561216 0.0654167 0 0
0.312559 0.065 0 0
