0 0 0 0
0 2.57143 0 0
0 1.39297 0 0.206114
0 0 0 0
0 0 0 0
-3.77467 0 0 0
-4.54061 0.0005 0 0
-4.67175 0.00125 0 0
-4.83769 0.0025 0 0
-5.00554 0.005 0 0
-4.94191 0.0075 0 0
-4.70198 0.01 0 0
-4.62457 0.015 0 0
-4.12201 0.025 0 0
-3.96181 0.05 0 0
-2.55133 0.1 0 0
-2.27116 0.125 0 0
-2.03731 0.15 0 0
-1.86582 0.175 0 0
-1.56393 0.2 0 0
-1.51935 0.225 0 0
-1.15459 0.275 0 0
-0.750979 0.325 0 0
-0.611506 0.35 0 0
-0.550306 0.375 0 0
-0.551467 0.4 0 0
-0.521706 0.425 0 0
-0.514984 0.45 0 0
-0.518001 0.475 0 0
-0.513826 0.5 0 0
-0.510351 0.525 0 0
-0.522396 0.55 0 0
-0.523439 0.575 0 0
-0.534611 0.6 0 0
-0.55285 0.625 0 0
-0.553083 0.65 0 0
-0.561534 0.675 0 0
-0.56466 0.7 0 0
-0.570566 0.75 0 0
-0.571781 0.8 0 0
-0.566626 0.825 0 0
-0.592103 0.85 0 0
-0.572823 0.875 0 0
-0.57768 0.9 0 0
-0.572417 0.925 0 0
-0.574794 0.95 0 0
-0.549903 0.99 0 0
0 0 0 0
-3.07305 0 0 0
-1.92927 0.0005 0 0
-1.13317 0.00125 0 0
-0.564017 0.0025 0 0
-0.160521 0.005 0 0
0.26277 0.0075 0 0
0.556897 0.01 0 0
0.926809 0.015 0 0
1.00723 0.025 0 0
1.02894 0.05 0 0
0.951876 0.075 0 0
0.738114 0.125 0 0
0.642234 0.15 0 0
0.566966 0.175 0 0
0.496214 0.2 0 0
0.396973 0.225 0 0
0.359457 0.25 0 0
0.277587 0.275 0 0
0.239779 0.3 0 0
0.195776 0.325 0 0
0.0825829 0.35 0 0
0.0917314 0.375 0 0
0.0923686 0.4 0 0
0.0751729 0.425 0 0
0.0533443 0.45 0 0
0.0439657 0.475 0 0
0.0609857 0.5 0 0
0.09735 0.525 0 0
0.0886657 0.55 0 0
0.113213 0.575 0 0
0.136143 0.6 0 0
0.145176 0.625 0 0
0.134344 0.65 0 0
0.169957 0.675 0 0
0.18906 0.7 0 0
0.21135 0.725 0 0
0.270467 0.75 0 0
0.275559 0.825 0 0
0.28164 0.85 0 0
0.24204 0.875 0 0
0.211236 0.9 0 0
0.15438 0.925 0 0
0.0238757 0.95 0 0
-0.104196 0.975 0 0
-0.559169 0.99 0 0
0 0 0 0
1.01614 0.0625 0 0
1.02228 0.0875 0 0
1.01527 0.1125 0 0
1.03334 0.1375 0 0
1.01921 0.1625 0 0
1.00769 0.1875 0 0
1.02894 0.2125 0 0
1.02518 0.2375 0 0
1.01823 0.2625 0 0
1.03056 0.2875 0 0
1.01834 0.3125 0 0
1.02622 0.3375 0 0
1.02495 0.3625 0 0
1.03572 0.3875 0 0
1.03323 0.4125 0 0
1.02089 0.4375 0 0
1.02703 0.4525 0 0
1.02274 0.4675 0 0
1.01997 0.4825 0 0
1.03247 0.4975 0 0
1.01933 0.5125 0 0
1.02576 0.5275 0 0
0.968037 0.5425 0 0
1.03694 0.5575 0 0
1.01846 0.5725 0 0
1.02466 0.5875 0 0
1.01667 0.6025 0 0
1.0176 0.6175 0 0
1.0066 0.6325 0 0
0.983607 0.6475 0 0
0.980761 0.6625 0 0
0.941986 0.6775 0 0
0.929711 0.6925 0 0
0.88727 0.7075 0 0
0.878483 0.7225 0 0
0.852894 0.7375 0 0
0.783641 0.7475 0 0
0.815663 0.7575 0 0
0.792741 0.7675 0 0
0.762417 0.7775 0 0
0.76619 0.7875 0 0
0.739373 0.7975 0 0
0.726529 0.8075 0 0
0.701276 0.8175 0 0
0.628901 0.8275 0 0
0.628949 0.8375 0 0
0.622806 0.8475 0 0
0.591004 0.8575 0 0
0.577736 0.8675 0 0
0.555851 0.8775 0 0
0.549551 0.8875 0 0
0.521246 0.8975 0 0
0.521536 0.9075 0 0
0.504507 0.9175 0 0
0.480761 0.9275 0 0
0.475366 0.9375 0 0
0.46733 0.9475 0 0
0.499801 0.9575 0 0
0.472276 0.9675 0 0
0.439629 0.9775 0 0
0.448546 0.9875 0 0
0.429036 0.9975 0 0
0.428239 1.0075 0 0
0.444571 1.0175 0 0
0.43323 1.0275 0 0
0.427964 1.0375 0 0
0.440459 1.0475 0 0
0.449719 1.0575 0 0
0.457919 1.0675 0 0
0.45288 1.0775 0 0
0.4941 1.0875 0 0
0.49416 1.0975 0 0
0.495203 1.1075 0 0
0.524803 1.1175 0 0
0.559323 1.1275 0 0
0.586773 1.1375 0 0
0.629629 1.1525 0 0
0.64474 1.1675 0 0
0.694296 1.1825 0 0
0.698667 1.1975 0 0
0.723843 1.2125 0 0
0.764901 1.2275 0 0
0.799881 1.2425 0 0
0.832136 1.2575 0 0
0.862819 1.2725 0 0
0.882559 1.2875 0 0
0.911331 1.3025 0 0
0.925226 1.3175 0 0
0.935013 1.3325 0 0
0.959209 1.3475 0 0
0.977331 1.3625 0 0
0.96437 1.3775 0 0
0.989904 1.3925 0 0
0.997486 1.4075 0 0
0.999504 1.4225 0 0
1.00615 1.4375 0 0
1.00279 1.4625 0 0
1.02507 1.4875 0 0
1.02941 1.5125 0 0
1.00793 1.5375 0 0
1.00648 1.5625 0 0
1.01099 1.5875 0 0
1.0305 1.6125 0 0
0.980656 1.6375 0 0
1.01858 1.6625 0 0
1.03653 1.6875 0 0
1.00433 1.7125 0 0
1.01725 1.7375 0 0
1.00208 1.7625 0 0
1.01974 1.7875 0 0
1.02906 1.8125 0 0
0 0 0 0
-0.0338943 0.625 0 0
-0.181827 0.9375 0 0
-0.147956 1.25 0 0
-0.02627 1.5625 0 0
7
