0 0 0 0
0 4 0 0
0 1.23798 0 0.25468
0 0 0 0
0 0 0 0
-2.62046 0 0 0
-2.65996 0.0005 0 0
-2.6349 0.00125 0 0
-2.6281 0.0025 0 0
-2.64243 0.005 0 0
-2.61726 0.0075 0 0
-2.58849 0.01 0 0
-2.81043 0.015 0 0
-2.58952 0.025 0 0
-2.6676 0.05 0 0
-2.47978 0.1 0 0
-2.13004 0.125 0 0
-1.83485 0.15 0 0
-1.6074 0.175 0 0
-1.34007 0.2 0 0
-1.11676 0.225 0 0
-0.689958 0.275 0 0
-0.585608 0.325 0 0
-0.577666 0.35 0 0
-0.575458 0.375 0 0
-0.581542 0.4 0 0
-0.577458 0.425 0 0
-0.579438 0.45 0 0
-0.584696 0.475 0 0
-0.588882 0.5 0 0
-0.59373 0.525 0 0
-0.601652 0.55 0 0
-0.60784 0.575 0 0
-0.616604 0.6 0 0
-0.62537 0.625 0 0
-0.630282 0.65 0 0
-0.635478 0.675 0 0
-0.63917 0.7 0 0
-0.645502 0.75 0 0
-0.646864 0.8 0 0
-0.647832 0.825 0 0
-0.654184 0.85 0 0
-0.648204 0.875 0 0
-0.645854 0.9 0 0
-0.641048 0.925 0 0
-0.633 0.95 0 0
-0.609962 0.99 0 0
0 0 0 0
-2.66543 0 0 0
-2.27452 0.0005 0 0
-1.40649 0.00125 0 0
-0.796758 0.0025 0 0
-0.365796 0.005 0 0
0.105264 0.0075 0 0
0.452066 0.01 0 0
0.866074 0.015 0 0
0.987072 0.025 0 0
1.02381 0.05 0 0
0.968018 0.075 0 0
0.7747 0.125 0 0
0.68345 0.15 0 0
0.596406 0.175 0 0
0.528212 0.2 0 0
0.432278 0.225 0 0
0.367076 0.25 0 0
0.30381 0.275 0 0
0.261694 0.3 0 0
0.216708 0.325 0 0
0.139934 0.35 0 0
0.123078 0.375 0 0
0.10534 0.4 0 0
0.080754 0.425 0 0
0.064622 0.45 0 0
0.058704 0.475 0 0
0.065798 0.5 0 0
0.088054 0.525 0 0
0.093666 0.55 0 0
0.106494 0.575 0 0
0.12314 0.6 0 0
0.141128 0.625 0 0
0.149976 0.65 0 0
0.170066 0.675 0 0
0.203896 0.7 0 0
0.247394 0.725 0 0
0.2567 0.75 0 0
0.2594 0.825 0 0
0.261938 0.85 0 0
0.226046 0.875 0 0
0.189454 0.9 0 0
0.131864 0.925 0 0
0.006144 0.95 0 0
-0.133582 0.975 0 0
-0.609136 0.99 0 0
0 0 0 0
1.01993 0.0625 0 0
1.02043 0.0875 0 0
1.01882 0.1125 0 0
1.02035 0.1375 0 0
1.02158 0.1625 0 0
1.01568 0.1875 0 0
1.02313 0.2125 0 0
1.02198 0.2375 0 0
1.02024 0.2625 0 0
1.0223 0.2875 0 0
1.01834 0.3125 0 0
1.02272 0.3375 0 0
1.02278 0.3625 0 0
1.02556 0.3875 0 0
1.02447 0.4125 0 0
1.02084 0.4375 0 0
1.02332 0.4525 0 0
1.02103 0.4675 0 0
1.01977 0.4825 0 0
1.02581 0.4975 0 0
1.02061 0.5125 0 0
1.02092 0.5275 0 0
1.00739 0.5425 0 0
1.02509 0.5575 0 0
1.01772 0.5725 0 0
1.02187 0.5875 0 0
1.01783 0.6025 0 0
1.017 0.6175 0 0
1.01389 0.6325 0 0
1.00108 0.6475 0 0
0.989138 0.6625 0 0
0.96971 0.6775 0 0
0.95001 0.6925 0 0
0.921328 0.7075 0 0
0.90119 0.7225 0 0
0.875104 0.7375 0 0
0.837878 0.7475 0 0
0.82707 0.7575 0 0
0.795564 0.7675 0 0
0.77591 0.7775 0 0
0.768014 0.7875 0 0
0.741618 0.7975 0 0
0.71544 0.8075 0 0
0.695434 0.8175 0 0
0.644534 0.8275 0 0
0.634928 0.8375 0 0
0.604944 0.8475 0 0
0.58116 0.8575 0 0
0.579242 0.8675 0 0
0.540524 0.8775 0 0
0.516478 0.8875 0 0
0.498202 0.8975 0 0
0.480556 0.9075 0 0
0.458968 0.9175 0 0
0.428196 0.9275 0 0
0.410006 0.9375 0 0
0.39205 0.9475 0 0
0.385862 0.9575 0 0
0.389532 0.9675 0 0
0.356072 0.9775 0 0
0.362522 0.9875 0 0
0.3559 0.9975 0 0
0.344938 1.0075 0 0
0.345716 1.0175 0 0
0.363802 1.0275 0 0
0.345906 1.0375 0 0
0.338484 1.0475 0 0
0.343506 1.0575 0 0
0.347514 1.0675 0 0
0.338666 1.0775 0 0
0.357744 1.0875 0 0
0.3565 1.0975 0 0
0.371108 1.1075 0 0
0.368088 1.1175 0 0
0.393132 1.1275 0 0
0.401904 1.1375 0 0
0.414208 1.1525 0 0
0.431216 1.1675 0 0
0.458918 1.1825 0 0
0.478062 1.1975 0 0
0.515044 1.2125 0 0
0.549992 1.2275 0 0
0.566042 1.2425 0 0
0.594156 1.2575 0 0
0.621954 1.2725 0 0
0.678792 1.2875 0 0
0.714164 1.3025 0 0
0.758428 1.3175 0 0
0.781014 1.3325 0 0
0.82006 1.3475 0 0
0.85727 1.3625 0 0
0.868288 1.3775 0 0
0.91205 1.3925 0 0
0.937738 1.4075 0 0
0.95802 1.4225 0 0
0.979016 1.4375 0 0
0.991212 1.4625 0 0
1.0055 1.4875 0 0
1.01455 1.5125 0 0
1.01581 1.5375 0 0
1.01736 1.5625 0 0
1.01874 1.5875 0 0
1.02472 1.6125 0 0
1.00145 1.6375 0 0
1.0216 1.6625 0 0
1.02519 1.6875 0 0
1.01399 1.7125 0 0
1.01702 1.7375 0 0
1.01426 1.7625 0 0
1.02018 1.7875 0 0
1.02303 1.8125 0 0
0 0 0 0
-0.022384 0.625 0 0
-0.215888 0.9375 0 0
-0.225258 1.25 0 0
-0.064334 1.5625 0 0
5
