0 0 0 0
0 1 0 0
0 1.34989 0 0.083
0 0 0 0
0 0 0 0
-2.06541 0 0 0
-2.77096 0.0005 0 0
-2.97716 0.00125 0 0
-3.22332 0.0025 0 0
-3.52631 0.005 0 0
-3.55933 0.0075 0 0
-3.52911 0.01 0 0
-3.56855 0.015 0 0
-3.13992 0.025 0 0
-2.88999 0.05 0 0
-2.4136 0.1 0 0
-2.09677 0.125 0 0
-2.00634 0.15 0 0
-1.94135 0.175 0 0
-1.7232 0.2 0 0
-1.79232 0.225 0 0
-1.6397 0.275 0 0
-1.44547 0.325 0 0
-1.33891 0.35 0 0
-1.20554 0.375 0 0
-1.10056 0.4 0 0
-0.931243 0.425 0 0
-0.759397 0.45 0 0
-0.623328 0.475 0 0
-0.502684 0.5 0 0
-0.449952 0.525 0 0
-0.441074 0.55 0 0
-0.436668 0.575 0 0
-0.440879 0.6 0 0
-0.45528 0.625 0 0
-0.451075 0.65 0 0
-0.457233 0.675 0 0
-0.456186 0.7 0 0
-0.456587 0.75 0 0
-0.45275 0.8 0 0
-0.445517 0.825 0 0
-0.472909 0.85 0 0
-0.455616 0.875 0 0
-0.462242 0.9 0 0
-0.462647 0.925 0 0
-0.4714 0.95 0 0
-0.458816 0.99 0 0
0 0 0 0
-1.47816 0 0 0
-0.623759 0.0005 0 0
-0.0865875 0.00125 0 0
0.288093 0.0025 0 0
0.537914 0.005 0 0
0.771784 0.0075 0 0
0.898867 0.01 0 0
1.03181 0.015 0 0
1.00485 0.025 0 0
0.938818 0.05 0 0
0.799184 0.075 0 0
0.553505 0.125 0 0
0.456913 0.15 0 0
0.383246 0.175 0 0
0.319232 0.2 0 0
0.226982 0.225 0 0
0.193327 0.25 0 0
0.125247 0.275 0 0
0.100978 0.3 0 0
0.0689033 0.325 0 0
-0.0325633 0.35 0 0
-0.0107575 0.375 0 0
0.00119083 0.4 0 0
-0.0031825 0.425 0 0
-0.0127117 0.45 0 0
-0.00961333 0.475 0 0
0.0197008 0.5 0 0
0.0616358 0.525 0 0
0.0620367 0.55 0 0
0.0916567 0.575 0 0
0.115722 0.6 0 0
0.119956 0.625 0 0
0.101851 0.65 0 0
0.209747 0.675 0 0
0.256697 0.7 0 0
0.279618 0.725 0 0
0.293586 0.75 0 0
0.304588 0.825 0 0
0.313338 0.85 0 0
0.280761 0.875 0 0
0.256698 0.9 0 0
0.206651 0.925 0 0
0.0893675 0.95 0 0
-0.0295725 0.975 0 0
-0.465877 0.99 0 0
0 0 0 0
1.01326 0.0625 0 0
1.02205 0.0875 0 0
1.01222 0.1125 0 0
1.03043 0.1375 0 0
1.01724 0.1625 0 0
1.00586 0.1875 0 0
1.0273 0.2125 0 0
1.02319 0.2375 0 0
1.01828 0.2625 0 0
1.02838 0.2875 0 0
1.01528 0.3125 0 0
1.0248 0.3375 0 0
1.02083 0.3625 0 0
1.0305 0.3875 0 0
1.0309 0.4125 0 0
1.01821 0.4375 0 0
1.02477 0.4525 0 0
1.02036 0.4675 0 0
1.01707 0.4825 0 0
1.03073 0.4975 0 0
1.01646 0.5125 0 0
1.02019 0.5275 0 0
0.965879 0.5425 0 0
1.03393 0.5575 0 0
1.02127 0.5725 0 0
1.02827 0.5875 0 0
1.02134 0.6025 0 0
1.03036 0.6175 0 0
1.02938 0.6325 0 0
1.01596 0.6475 0 0
1.02847 0.6625 0 0
1.01508 0.6775 0 0
1.02235 0.6925 0 0
1.00011 0.7075 0 0
1.01016 0.7225 0 0
1.01048 0.7375 0 0
0.953123 0.7475 0 0
0.993579 0.7575 0 0
0.988308 0.7675 0 0
0.972627 0.7775 0 0
0.981334 0.7875 0 0
0.968371 0.7975 0 0
0.979305 0.8075 0 0
0.965167 0.8175 0 0
0.920575 0.8275 0 0
0.914798 0.8375 0 0
0.908463 0.8475 0 0
0.876473 0.8575 0 0
0.852537 0.8675 0 0
0.832982 0.8775 0 0
0.815955 0.8875 0 0
0.788437 0.8975 0 0
0.774044 0.9075 0 0
0.75451 0.9175 0 0
0.722264 0.9275 0 0
0.713581 0.9375 0 0
0.707311 0.9475 0 0
0.743633 0.9575 0 0
0.703762 0.9675 0 0
0.686542 0.9775 0 0
0.690128 0.9875 0 0
0.669395 0.9975 0 0
0.685514 1.0075 0 0
0.693569 1.0175 0 0
0.683943 1.0275 0 0
0.690272 1.0375 0 0
0.715348 1.0475 0 0
0.729432 1.0575 0 0
0.742583 1.0675 0 0
0.749742 1.0775 0 0
0.78343 1.0875 0 0
0.78094 1.0975 0 0
0.776677 1.1075 0 0
0.804801 1.1175 0 0
0.829232 1.1275 0 0
0.850033 1.1375 0 0
0.892945 1.1525 0 0
0.907702 1.1675 0 0
0.934573 1.1825 0 0
0.936637 1.1975 0 0
0.95239 1.2125 0 0
0.976692 1.2275 0 0
0.988163 1.2425 0 0
1.00024 1.2575 0 0
1.01344 1.2725 0 0
1.00532 1.2875 0 0
1.01474 1.3025 0 0
1.01653 1.3175 0 0
1.0135 1.3325 0 0
1.01852 1.3475 0 0
1.01999 1.3625 0 0
0.997156 1.3775 0 0
1.01515 1.3925 0 0
1.01932 1.4075 0 0
1.01646 1.4225 0 0
1.02036 1.4375 0 0
1.01087 1.4625 0 0
1.02743 1.4875 0 0
1.0306 1.5125 0 0
1.0065 1.5375 0 0
1.00586 1.5625 0 0
1.00913 1.5875 0 0
1.02905 1.6125 0 0
0.978398 1.6375 0 0
1.01552 1.6625 0 0
1.03231 1.6875 0 0
1.00324 1.7125 0 0
1.01663 1.7375 0 0
0.999933 1.7625 0 0
1.01646 1.7875 0 0
1.0272 1.8125 0 0
0 0 0 0
0.0317783 0.625 0 0
-0.0910833 0.9375 0 0
-0.122394 1.25 0 0
-0.0199483 1.5625 0 0
12
