-0.498741 0 0 0
-1.05949 0.0005 0 0
-1.28918 0.00125 0 0
-1.56134 0.0025 0 0
-1.91668 0.005 0 0
-2.01633 0.0075 0 0
-2.13659 0.01 0 0
-2.27852 0.015 0 0
-2.09183 0.025 0 0
-2.01298 0.05 0 0
-1.84027 0.1 0 0
-1.78843 0.125 0 0
-1.75577 0.15 0 0
-1.75806 0.175 0 0
-1.61577 0.2 0 0
-1.7372 0.225 0 0
-1.72001 0.275 0 0
-1.65769 0.325 0 0
-1.62111 0.35 0 0
-1.5678 0.375 0 0
-1.54974 0.4 0 0
-1.48463 0.425 0 0
-1.4305 0.45 0 0
-1.27468 0.475 0 0
-1.14648 0.5 0 0
-1.04373 0.525 0 0
-0.955363 0.55 0 0
-0.890502 0.575 0 0
-0.816839 0.6 0 0
-0.735754 0.625 0 0
-0.678114 0.65 0 0
-0.607047 0.675 0 0
-0.536593 0.7 0 0
-0.40982 0.75 0 0
-0.295005 0.8 0 0
-0.23772 0.825 0 0
-0.210355 0.85 0 0
-0.141218 0.875 0 0
-0.105151 0.9 0 0
-0.0509237 0.925 0 0
-0.00625875 0.95 0 0
0.104131 0.99 0 0
0.129009 0.99 0 0
0.285083 0.975 0 0
0.324556 0.95 0 0
0.388098 0.925 0 0
0.406816 0.9 0 0
0.408448 0.875 0 0
0.423658 0.85 0 0
0.403506 0.825 0 0
0.362711 0.75 0 0
0.335804 0.725 0 0
0.298258 0.7 0 0
0.255678 0.675 0 0
0.213354 0.65 0 0
0.21656 0.625 0 0
0.191885 0.6 0 0
0.0377975 0.575 0 0
0.0197863 0.55 0 0
0.0319963 0.525 0 0
0.00020125 0.5 0 0
-0.0370362 0.475 0 0
-0.0567712 0.45 0 0
-0.0644588 0.425 0 0
-0.076865 0.4 0 0
-0.106475 0.375 0 0
-0.144475 0.35 0 0
-0.0597237 0.325 0 0
-0.0423725 0.3 0 0
-0.0371375 0.275 0 0
0.013785 0.25 0 0
0.0290025 0.225 0 0
0.10978 0.2 0 0
0.161566 0.175 0 0
0.222816 0.15 0 0
0.306242 0.125 0 0
0.547169 0.075 0 0
0.716928 0.05 0 0
0.840595 0.025 0 0
0.948951 0.015 0 0
1.00125 0.01 0 0
1.01829 0.0075 0 0
0.967775 0.005 0 0
0.870713 0.0025 0 0
0.70523 0.00125 0 0
0.435256 0.0005 0 0
-0.0771712 0 0 0
-0.738326 0.000625 0 0
-1.31153 0.0014375 0 0
-1.55625 0.0025 0 0
-1.84615 0.004375 0 0
-2.17815 0.008125 0 0
-2.26795 0.01375 0 0
-2.36663 0.0225 0 0
-2.50208 0.030625 0 0
-2.3113 0.04375 0 0
-2.23273 0.071875 0 0
-2.04224 0.125 0 0
-2.00558 0.153125 0 0
-1.97077 0.184375 0 0
-1.96527 0.215625 0 0
-1.81841 0.24375 0 0
-1.93318 0.271875 0 0
-1.91373 0.325 0 0
-1.84327 0.378125 0 0
-1.79993 0.40625 0 0
-1.72713 0.434375 0 0
-1.69305 0.4625 0 0
-1.61509 0.490625 0 0
-1.54992 0.51875 0 0
-1.386 0.546875 0 0
-1.24859 0.575 0 0
-1.1357 0.603125 0 0
-1.04013 0.63125 0 0
-0.966383 0.659375 0 0
-0.883913 0.6875 0 0
-0.786981 0.71875 0 0
-0.714989 0.75 0 0
-0.636762 0.778125 0 0
-0.562887 0.80625 0 0
-0.427472 0.859375 0 0
-0.308149 0.9125 0 0
-0.244085 0.940625 0 0
-0.211137 0.96875 0 0
-0.128201 0.99875 0 0
-0.0890251 1.02375 0 0
-0.0152884 1.04688 0 0
0.0343108 1.06875 0 0
0.152644 1.10563 0 0
0.129009 0.99 0 0
0.285083 0.975 0 0
0.324556 0.95 0 0
0.388098 0.925 0 0
0.406816 0.9 0 0
0.398801 0.875 0 0
0.478065 0.850062 0 0
0.49166 0.825156 0 0
0.47155 0.750312 0 0
0.456776 0.725625 0 0
0.425544 0.700938 0 0
0.380834 0.67625 0 0
0.331973 0.651875 0 0
0.321634 0.628125 0 0
0.281501 0.60625 0 0
0.106194 0.584375 0 0
0.0580665 0.565625 0 0
0.0598482 0.54375 0 0
0.020397 0.521875 0 0
-0.0233138 0.5 0 0
-0.0531459 0.478125 0 0
-0.0627356 0.45625 0 0
-0.0815072 0.434375 0 0
-0.111772 0.4125 0 0
-0.15194 0.390625 0 0
-0.0777831 0.36875 0 0
-0.0556819 0.346875 0 0
-0.0467456 0.325 0 0
0.00572765 0.303125 0 0
0.0219061 0.28125 0 0
0.10515 0.259375 0 0
0.161591 0.2375 0 0
0.226816 0.215625 0 0
0.308716 0.19375 0 0
0.551893 0.146875 0 0
0.740913 0.125 0 0
-0.0261152 0.109375 0 0
0.488213 0.10675 0 0
0.755668 0.104375 0 0
0.867665 0.103125 0 0
0.975621 0.09625 0 0
0.916051 0.09625 0 0
1.00975 0.095625 0 0
1.05557 0.095 0 0
1.03321 0.094375 0 0
-0.738326 0.000625 0 0
-1.31153 0.0014375 0 0
-1.55625 0.0025 0 0
-1.84615 0.004375 0 0
-2.17815 0.008125 0 0
-2.26795 0.01375 0 0
-2.36663 0.0225 0 0
-2.50208 0.030625 0 0
-2.3113 0.04375 0 0
-2.23273 0.071875 0 0
-2.04224 0.125 0 0
-2.00558 0.153125 0 0
-1.97077 0.184375 0 0
-1.96527 0.215625 0 0
-1.81841 0.24375 0 0
-1.93318 0.271875 0 0
-1.91373 0.325 0 0
-1.84327 0.378125 0 0
-1.79993 0.40625 0 0
-1.72713 0.434375 0 0
-1.69305 0.4625 0 0
-1.61509 0.490625 0 0
-1.54992 0.51875 0 0
-1.386 0.546875 0 0
-1.24859 0.575 0 0
-1.1357 0.603125 0 0
-1.04013 0.63125 0 0
-0.966383 0.659375 0 0
-0.883913 0.6875 0 0
-0.786981 0.71875 0 0
-0.714989 0.75 0 0
-0.636762 0.778125 0 0
-0.562887 0.80625 0 0
-0.427472 0.859375 0 0
-0.308149 0.9125 0 0
-0.244085 0.940625 0 0
-0.211137 0.96875 0 0
-0.128201 0.99875 0 0
-0.0890251 1.02375 0 0
-0.0152884 1.04688 0 0
0.0343108 1.06875 0 0
0.152644 1.10563 0 0
-0.14326 0.991016 0 0
0.0543137 0.975547 0 0
0.130025 0.950313 0 0
0.224156 0.92518 0 0
0.314526 0.900078 0 0
0.398801 0.875 0 0
0.478065 0.850062 0 0
0.49166 0.825156 0 0
0.47155 0.750312 0 0
0.456776 0.725625 0 0
0.425544 0.700938 0 0
0.380834 0.67625 0 0
0.331973 0.651875 0 0
0.321634 0.628125 0 0
0.281501 0.60625 0 0
0.106194 0.584375 0 0
0.0580665 0.565625 0 0
0.0598482 0.54375 0 0
0.020397 0.521875 0 0
-0.0233138 0.5 0 0
-0.0531459 0.478125 0 0
-0.0627356 0.45625 0 0
-0.0815072 0.434375 0 0
-0.111772 0.4125 0 0
-0.15194 0.390625 0 0
-0.0777831 0.36875 0 0
-0.0556819 0.346875 0 0
-0.0467456 0.325 0 0
0.00572765 0.303125 0 0
0.0219061 0.28125 0 0
0.10515 0.259375 0 0
0.161591 0.2375 0 0
0.226816 0.215625 0 0
0.308716 0.19375 0 0
0.551893 0.146875 0 0
0.740913 0.125 0 0
-0.0261152 0.109375 0 0
0.488213 0.10675 0 0
0.755668 0.104375 0 0
0.867665 0.103125 0 0
0.975621 0.09625 0 0
0.916051 0.09625 0 0
1.00975 0.095625 0 0
1.05557 0.095 0 0
1.03321 0.094375 0 0
-0.738326 0.000625 0 0
-1.31153 0.0014375 0 0
-1.55625 0.0025 0 0
-1.84615 0.004375 0 0
-2.17815 0.008125 0 0
-2.26795 0.01375 0 0
-2.36663 0.0225 0 0
-2.50208 0.030625 0 0
-2.3113 0.04375 0 0
-2.23273 0.071875 0 0
-2.04224 0.125 0 0
-2.00558 0.153125 0 0
-1.97077 0.184375 0 0
-1.96527 0.215625 0 0
-1.81841 0.24375 0 0
-1.93318 0.271875 0 0
-1.91373 0.325 0 0
-1.84327 0.378125 0 0
-1.79993 0.40625 0 0
-1.72713 0.434375 0 0
-1.69305 0.4625 0 0
-1.61509 0.490625 0 0
-1.54992 0.51875 0 0
-1.386 0.546875 0 0
-1.24859 0.575 0 0
-1.1357 0.603125 0 0
-1.04013 0.63125 0 0
-0.966383 0.659375 0 0
-0.883913 0.6875 0 0
-0.786981 0.71875 0 0
-0.714989 0.75 0 0
-0.636762 0.778125 0 0
-0.562887 0.80625 0 0
-0.427472 0.859375 0 0
-0.308149 0.9125 0 0
-0.244085 0.940625 0 0
-0.211137 0.96875 0 0
-0.128201 0.99875 0 0
-0.0890251 1.02375 0 0
-0.0152884 1.04688 0 0
0.0343108 1.06875 0 0
0.152644 1.10563 0 0
-0.14326 0.991016 0 0
0.0543137 0.975547 0 0
0.130025 0.950313 0 0
0.224156 0.92518 0 0
0.314526 0.900078 0 0
0.398801 0.875 0 0
0.478065 0.850062 0 0
0.49166 0.825156 0 0
0.47155 0.750312 0 0
0.456776 0.725625 0 0
0.425544 0.700938 0 0
0.380834 0.67625 0 0
0.331973 0.651875 0 0
0.321634 0.628125 0 0
0.281501 0.60625 0 0
0.106194 0.584375 0 0
0.0580665 0.565625 0 0
0.0598482 0.54375 0 0
0.020397 0.521875 0 0
-0.0233138 0.5 0 0
-0.0531459 0.478125 0 0
-0.0627356 0.45625 0 0
-0.0815072 0.434375 0 0
-0.111772 0.4125 0 0
-0.15194 0.390625 0 0
-0.0777831 0.36875 0 0
-0.0556819 0.346875 0 0
-0.0467456 0.325 0 0
0.00572765 0.303125 0 0
0.0219061 0.28125 0 0
0.10515 0.259375 0 0
0.161591 0.2375 0 0
0.226816 0.215625 0 0
0.308716 0.19375 0 0
0.551893 0.146875 0 0
0.740913 0.125 0 0
-0.0261152 0.109375 0 0
0.488213 0.10675 0 0
0.755668 0.104375 0 0
0.867665 0.103125 0 0
0.975621 0.09625 0 0
0.916051 0.09625 0 0
1.00975 0.095625 0 0
1.05557 0.095 0 0
1.03321 0.094375 0 0
-0.738326 0.000625 0 0
-1.31153 0.0014375 0 0
-1.55625 0.0025 0 0
-1.84615 0.004375 0 0
-2.17815 0.008125 0 0
-2.26795 0.01375 0 0
-2.36663 0.0225 0 0
-2.50208 0.030625 0 0
-2.3113 0.04375 0 0
-2.23273 0.071875 0 0
-2.04224 0.125 0 0
-2.00558 0.153125 0 0
-1.97077 0.184375 0 0
-1.96527 0.215625 0 0
-1.81841 0.24375 0 0
-1.93318 0.271875 0 0
-1.91373 0.325 0 0
-1.84327 0.378125 0 0
-1.79993 0.40625 0 0
-1.72713 0.434375 0 0
-1.69305 0.4625 0 0
-1.61509 0.490625 0 0
-1.54992 0.51875 0 0
-1.386 0.546875 0 0
-1.24859 0.575 0 0
-1.1357 0.603125 0 0
-1.04013 0.63125 0 0
-0.966383 0.659375 0 0
-0.883913 0.6875 0 0
-0.786981 0.71875 0 0
-0.714989 0.75 0 0
-0.636762 0.778125 0 0
-0.562887 0.80625 0 0
-0.427472 0.859375 0 0
-0.308149 0.9125 0 0
-0.244085 0.940625 0 0
-0.211137 0.96875 0 0
-0.128201 0.99875 0 0
-0.0890251 1.02375 0 0
-0.0152884 1.04688 0 0
0.0343108 1.06875 0 0
0.152644 1.10563 0 0
-0.14326 0.991016 0 0
0.0543137 0.975547 0 0
0.130025 0.950313 0 0
0.224156 0.92518 0 0
0.314526 0.900078 0 0
0.398801 0.875 0 0
0.478065 0.850062 0 0
0.49166 0.825156 0 0
0.47155 0.750312 0 0
0.456776 0.725625 0 0
0.425544 0.700938 0 0
0.380834 0.67625 0 0
0.331973 0.651875 0 0
0.321634 0.628125 0 0
0.281501 0.60625 0 0
0.106194 0.584375 0 0
0.0580665 0.565625 0 0
0.0598482 0.54375 0 0
0.020397 0.521875 0 0
-0.0233138 0.5 0 0
-0.0531459 0.478125 0 0
-0.0627356 0.45625 0 0
-0.0815072 0.434375 0 0
-0.111772 0.4125 0 0
-0.15194 0.390625 0 0
-0.0777831 0.36875 0 0
-0.0556819 0.346875 0 0
-0.0467456 0.325 0 0
0.00572765 0.303125 0 0
0.0219061 0.28125 0 0
0.10515 0.259375 0 0
0.161591 0.2375 0 0
0.226816 0.215625 0 0
0.308716 0.19375 0 0
0.551893 0.146875 0 0
0.740913 0.125 0 0
-0.0261152 0.109375 0 0
0.488213 0.10675 0 0
0.755668 0.104375 0 0
0.867665 0.103125 0 0
0.975621 0.09625 0 0
0.916051 0.09625 0 0
1.00975 0.095625 0 0
1.05557 0.095 0 0
1.03321 0.094375 0 0
-0.738326 0.000625 0 0
-1.31153 0.0014375 0 0
-1.55625 0.0025 0 0
-1.84615 0.004375 0 0
-2.17815 0.008125 0 0
-2.26795 0.01375 0 0
-2.36663 0.0225 0 0
-2.50208 0.030625 0 0
-2.3113 0.04375 0 0
-2.23273 0.071875 0 0
-2.04224 0.125 0 0
-2.00558 0.153125 0 0
-1.97077 0.184375 0 0
-1.96527 0.215625 0 0
-1.81841 0.24375 0 0
-1.93318 0.271875 0 0
-1.91373 0.325 0 0
-1.84327 0.378125 0 0
-1.79993 0.40625 0 0
-1.72713 0.434375 0 0
-1.69305 0.4625 0 0
-1.61509 0.490625 0 0
-1.54992 0.51875 0 0
-1.386 0.546875 0 0
-1.24859 0.575 0 0
-1.1357 0.603125 0 0
-1.04013 0.63125 0 0
-0.966383 0.659375 0 0
-0.883913 0.6875 0 0
-0.786981 0.71875 0 0
-0.714989 0.75 0 0
-0.636762 0.778125 0 0
-0.562887 0.80625 0 0
-0.427472 0.859375 0 0
-0.308149 0.9125 0 0
-0.244085 0.940625 0 0
-0.211137 0.96875 0 0
-0.128201 0.99875 0 0
-0.0890251 1.02375 0 0
-0.0152884 1.04688 0 0
0.0343108 1.06875 0 0
0.152644 1.10563 0 0
-0.14326 0.991016 0 0
0.0543137 0.975547 0 0
0.130025 0.950313 0 0
0.224156 0.92518 0 0
0.314526 0.900078 0 0
0.398801 0.875 0 0
0.478065 0.850062 0 0
0.49166 0.825156 0 0
0.47155 0.750312 0 0
0.456776 0.725625 0 0
0.425544 0.700938 0 0
0.380834 0.67625 0 0
0.331973 0.651875 0 0
0.321634 0.628125 0 0
0.281501 0.60625 0 0
0.106194 0.584375 0 0
0.0580665 0.565625 0 0
0.0598482 0.54375 0 0
0.020397 0.521875 0 0
-0.0233138 0.5 0 0
-0.0531459 0.478125 0 0
-0.0627356 0.45625 0 0
-0.0815072 0.434375 0 0
-0.111772 0.4125 0 0
-0.15194 0.390625 0 0
-0.0777831 0.36875 0 0
-0.0556819 0.346875 0 0
-0.0467456 0.325 0 0
0.00572765 0.303125 0 0
0.0219061 0.28125 0 0
0.10515 0.259375 0 0
0.161591 0.2375 0 0
0.226816 0.215625 0 0
0.308716 0.19375 0 0
0.551893 0.146875 0 0
0.740913 0.125 0 0
-0.0261152 0.109375 0 0
0.488213 0.10675 0 0
0.755668 0.104375 0 0
0.867665 0.103125 0 0
0.975621 0.09625 0 0
0.916051 0.09625 0 0
1.00975 0.095625 0 0
1.05557 0.095 0 0
1.03321 0.094375 0 0
