0 0 0 0
0 1.85714 0 0
0 1.28353 0 0.114157
0 0 0 0
0 0 0 0
-2.35471 0 0 0
-2.62278 0.0005 0 0
-2.59775 0.00125 0 0
-2.59095 0.0025 0 0
-2.60527 0.005 0 0
-2.58014 0.0075 0 0
-2.5514 0.01 0 0
-2.77305 0.015 0 0
-2.55243 0.025 0 0
-2.6304 0.05 0 0
-2.37298 0.1 0 0
-2.19116 0.125 0 0
-2.04213 0.15 0 0
-1.95593 0.175 0 0
-1.87259 0.2 0 0
-1.76482 0.225 0 0
-1.56946 0.275 0 0
-1.32542 0.325 0 0
-1.20039 0.35 0 0
-1.02697 0.375 0 0
-0.866427 0.4 0 0
-0.682777 0.425 0 0
-0.545181 0.45 0 0
-0.476243 0.475 0 0
-0.450121 0.5 0 0
-0.44171 0.525 0 0
-0.44221 0.55 0 0
-0.44224 0.575 0 0
-0.446377 0.6 0 0
-0.452044 0.625 0 0
-0.453809 0.65 0 0
-0.45812 0.675 0 0
-0.461106 0.7 0 0
-0.469026 0.75 0 0
-0.47285 0.8 0 0
-0.475737 0.825 0 0
-0.485919 0.85 0 0
-0.484091 0.875 0 0
-0.488476 0.9 0 0
-0.489517 0.925 0 0
-0.48881 0.95 0 0
-0.471694 0.99 0 0
0 0 0 0
-1.73917 0 0 0
-0.831247 0.0005 0 0
-0.237553 0.00125 0 0
0.166631 0.0025 0 0
0.434244 0.005 0 0
0.701369 0.0075 0 0
0.868959 0.01 0 0
1.01535 0.015 0 0
1.01245 0.025 0 0
0.950871 0.05 0 0
0.820243 0.075 0 0
0.581794 0.125 0 0
0.487924 0.15 0 0
0.401423 0.175 0 0
0.337639 0.2 0 0
0.247459 0.225 0 0
0.188251 0.25 0 0
0.138563 0.275 0 0
0.110637 0.3 0 0
0.0772657 0.325 0 0
0.0114671 0.35 0 0
0.00793429 0.375 0 0
0.0038 0.4 0 0
-0.00766286 0.425 0 0
-0.0102086 0.45 0 0
-0.00386571 0.475 0 0
0.0166614 0.5 0 0
0.0469971 0.525 0 0
0.0624614 0.55 0 0
0.0828129 0.575 0 0
0.101954 0.6 0 0
0.134311 0.625 0 0
0.180703 0.65 0 0
0.197506 0.675 0 0
0.232553 0.7 0 0
0.259141 0.725 0 0
0.274047 0.75 0 0
0.295337 0.825 0 0
0.300293 0.85 0 0
0.272647 0.875 0 0
0.242661 0.9 0 0
0.193221 0.925 0 0
0.08315 0.95 0 0
-0.0397214 0.975 0 0
-0.458184 0.99 0 0
0 0 0 0
1.01885 0.0625 0 0
1.01911 0.0875 0 0
1.01741 0.1125 0 0
1.02022 0.1375 0 0
1.02068 0.1625 0 0
1.01482 0.1875 0 0
1.0226 0.2125 0 0
1.02079 0.2375 0 0
1.01933 0.2625 0 0
1.02178 0.2875 0 0
1.01592 0.3125 0 0
1.02114 0.3375 0 0
1.02145 0.3625 0 0
1.02378 0.3875 0 0
1.02311 0.4125 0 0
1.01972 0.4375 0 0
1.02175 0.4525 0 0
1.01989 0.4675 0 0
1.01854 0.4825 0 0
1.02282 0.4975 0 0
1.01914 0.5125 0 0
1.01929 0.5275 0 0
1.00522 0.5425 0 0
1.02409 0.5575 0 0
1.0176 0.5725 0 0
1.02234 0.5875 0 0
1.02092 0.6025 0 0
1.02097 0.6175 0 0
1.021 0.6325 0 0
1.01598 0.6475 0 0
1.01794 0.6625 0 0
1.01513 0.6775 0 0
1.01609 0.6925 0 0
1.00623 0.7075 0 0
1.00611 0.7225 0 0
1.00184 0.7375 0 0
0.984977 0.7475 0 0
0.99004 0.7575 0 0
0.98231 0.7675 0 0
0.966039 0.7775 0 0
0.963026 0.7875 0 0
0.950663 0.7975 0 0
0.94018 0.8075 0 0
0.923984 0.8175 0 0
0.895639 0.8275 0 0
0.88312 0.8375 0 0
0.863727 0.8475 0 0
0.840264 0.8575 0 0
0.81932 0.8675 0 0
0.802634 0.8775 0 0
0.789713 0.8875 0 0
0.770373 0.8975 0 0
0.754374 0.9075 0 0
0.729759 0.9175 0 0
0.702519 0.9275 0 0
0.683861 0.9375 0 0
0.665627 0.9475 0 0
0.663229 0.9575 0 0
0.648623 0.9675 0 0
0.63349 0.9775 0 0
0.62863 0.9875 0 0
0.622323 0.9975 0 0
0.619877 1.0075 0 0
0.626124 1.0175 0 0
0.620157 1.0275 0 0
0.624377 1.0375 0 0
0.624761 1.0475 0 0
0.641249 1.0575 0 0
0.64622 1.0675 0 0
0.654557 1.0775 0 0
0.689419 1.0875 0 0
0.701921 1.0975 0 0
0.709697 1.1075 0 0
0.720769 1.1175 0 0
0.735956 1.1275 0 0
0.749476 1.1375 0 0
0.773736 1.1525 0 0
0.798126 1.1675 0 0
0.820587 1.1825 0 0
0.836271 1.1975 0 0
0.861339 1.2125 0 0
0.89261 1.2275 0 0
0.918104 1.2425 0 0
0.938863 1.2575 0 0
0.955097 1.2725 0 0
0.965966 1.2875 0 0
0.977617 1.3025 0 0
0.989319 1.3175 0 0
0.99307 1.3325 0 0
1.00111 1.3475 0 0
1.00872 1.3625 0 0
1.00282 1.3775 0 0
1.01159 1.3925 0 0
1.01299 1.4075 0 0
1.01386 1.4225 0 0
1.01707 1.4375 0 0
1.01523 1.4625 0 0
1.02223 1.4875 0 0
1.02219 1.5125 0 0
1.01644 1.5375 0 0
1.01521 1.5625 0 0
1.01566 1.5875 0 0
1.02125 1.6125 0 0
0.995424 1.6375 0 0
1.01894 1.6625 0 0
1.02248 1.6875 0 0
1.01093 1.7125 0 0
1.01497 1.7375 0 0
1.01186 1.7625 0 0
1.01786 1.7875 0 0
1.02029 1.8125 0 0
0 0 0 0
0.0153571 0.625 0 0
-0.12627 0.9375 0 0
-0.105776 1.25 0 0
-0.0172529 1.5625 0 0
7
