-1.82416 0 0 0
-2.51711 0.0005 0 0
-2.73012 0.00125 0 0
-2.98722 0.0025 0 0
-3.30438 0.005 0 0
-3.34944 0.0075 0 0
-3.34534 0.01 0 0
-3.40453 0.015 0 0
-3.01384 0.025 0 0
-2.78576 0.05 0 0
-2.35284 0.1 0 0
-2.1218 0.125 0 0
-1.98668 0.15 0 0
-1.95176 0.175 0 0
-1.74868 0.2 0 0
-1.83731 0.225 0 0
-1.71863 0.275 0 0
-1.56503 0.325 0 0
-1.48956 0.35 0 0
-1.37384 0.375 0 0
-1.31061 0.4 0 0
-1.16826 0.425 0 0
-1.03678 0.45 0 0
-0.911285 0.475 0 0
-0.76879 0.5 0 0
-0.629358 0.525 0 0
-0.535637 0.55 0 0
-0.462753 0.575 0 0
-0.431075 0.6 0 0
-0.42271 0.625 0 0
-0.409486 0.65 0 0
-0.410605 0.675 0 0
-0.409577 0.7 0 0
-0.411971 0.75 0 0
-0.411575 0.8 0 0
-0.403496 0.825 0 0
-0.430739 0.85 0 0
-0.411339 0.875 0 0
-0.417281 0.9 0 0
-0.416721 0.925 0 0
-0.429524 0.95 0 0
-0.42093 0.99 0 0
-0.405199 0.99 0 0
0.0121113 0.975 0 0
0.122203 0.95 0 0
0.230954 0.925 0 0
0.278524 0.9 0 0
0.300796 0.875 0 0
0.332034 0.85 0 0
0.319639 0.825 0 0
0.304279 0.75 0 0
0.287025 0.725 0 0
0.2607 0.7 0 0
0.231824 0.675 0 0
0.13372 0.65 0 0
0.115284 0.625 0 0
0.114668 0.6 0 0
0.0921375 0.575 0 0
0.061675 0.55 0 0
0.0613638 0.525 0 0
0.016765 0.5 0 0
-0.0127788 0.475 0 0
-0.0185138 0.45 0 0
-0.0123687 0.425 0 0
-0.00919625 0.4 0 0
-0.024815 0.375 0 0
-0.0493413 0.35 0 0
0.05225 0.325 0 0
0.0810262 0.3 0 0
0.103762 0.275 0 0
0.16869 0.25 0 0
0.20116 0.225 0 0
0.290046 0.2 0 0
0.352409 0.175 0 0
0.424961 0.15 0 0
0.520258 0.125 0 0
0.769263 0.075 0 0
0.916375 0.05 0 0
0.992411 0.025 0 0
1.03302 0.015 0 0
0.931375 0.01 0 0
0.828298 0.0075 0 0
0.621885 0.005 0 0
0.397516 0.0025 0 0
0.0530012 0.00125 0 0
-0.448342 0.0005 0 0
-1.25517 0 0 0
-2.23721 0.000625 0 0
-2.93579 0.0014375 0 0
-3.14829 0.0025 0 0
-3.41278 0.004375 0 0
-3.68111 0.008125 0 0
-3.69766 0.01375 0 0
-3.63945 0.0225 0 0
-3.66976 0.030625 0 0
-3.26217 0.04375 0 0
-3.02973 0.071875 0 0
-2.57142 0.125 0 0
-2.35147 0.153125 0 0
-2.20151 0.184375 0 0
-2.14739 0.215625 0 0
-1.93488 0.24375 0 0
-2.00904 0.271875 0 0
-1.88246 0.325 0 0
-1.71106 0.378125 0 0
-1.61916 0.40625 0 0
-1.48775 0.434375 0 0
-1.40671 0.4625 0 0
-1.24693 0.490625 0 0
-1.10373 0.51875 0 0
-0.969129 0.546875 0 0
-0.822674 0.575 0 0
-0.682196 0.603125 0 0
-0.586823 0.63125 0 0
-0.514078 0.659375 0 0
-0.482272 0.6875 0 0
-0.474206 0.71875 0 0
-0.460933 0.75 0 0
-0.461042 0.778125 0 0
-0.46342 0.80625 0 0
-0.463389 0.859375 0 0
-0.463735 0.9125 0 0
-0.455586 0.940625 0 0
-0.484429 0.96875 0 0
-0.463955 0.99875 0 0
-0.467931 1.02375 0 0
-0.415207 1.04688 0 0
-0.414248 1.06875 0 0
-0.392061 1.10563 0 0
-0.405199 0.99 0 0
0.0121113 0.975 0 0
0.122203 0.95 0 0
0.230954 0.925 0 0
0.278524 0.9 0 0
0.1439 0.875 0 0
0.275991 0.850062 0 0
0.326264 0.825156 0 0
0.353968 0.750312 0 0
0.364761 0.725625 0 0
0.364237 0.700938 0 0
0.348246 0.67625 0 0
0.262848 0.651875 0 0
0.239335 0.628125 0 0
0.229214 0.60625 0 0
0.188295 0.584375 0 0
0.126707 0.565625 0 0
0.114484 0.54375 0 0
0.0608161 0.521875 0 0
0.023477 0.5 0 0
0.00663125 0.478125 0 0
0.0087175 0.45625 0 0
0.003774 0.434375 0 0
-0.0146867 0.4125 0 0
-0.04281 0.390625 0 0
0.0460823 0.36875 0 0
0.0779244 0.346875 0 0
0.102613 0.325 0 0
0.167144 0.303125 0 0
0.198846 0.28125 0 0
0.288449 0.259375 0 0
0.354504 0.2375 0 0
0.432632 0.215625 0 0
0.527967 0.19375 0 0
0.78078 0.146875 0 0
0.930708 0.125 0 0
-1.21757 0.109375 0 0
-0.406838 0.10675 0 0
0.0929561 0.104375 0 0
1.00682 0.103125 0 0
1.04973 0.09625 0 0
0.435551 0.09625 0 0
0.657763 0.095625 0 0
0.860885 0.095 0 0
0.960353 0.094375 0 0
-2.23721 0.000625 0 0
-2.93579 0.0014375 0 0
-3.14829 0.0025 0 0
-3.41278 0.004375 0 0
-3.68111 0.008125 0 0
-3.69766 0.01375 0 0
-3.63945 0.0225 0 0
-3.66976 0.030625 0 0
-3.26217 0.04375 0 0
-3.02973 0.071875 0 0
-2.57142 0.125 0 0
-2.35147 0.153125 0 0
-2.20151 0.184375 0 0
-2.14739 0.215625 0 0
-1.93488 0.24375 0 0
-2.00904 0.271875 0 0
-1.88246 0.325 0 0
-1.71106 0.378125 0 0
-1.61916 0.40625 0 0
-1.48775 0.434375 0 0
-1.40671 0.4625 0 0
-1.24693 0.490625 0 0
-1.10373 0.51875 0 0
-0.969129 0.546875 0 0
-0.822674 0.575 0 0
-0.682196 0.603125 0 0
-0.586823 0.63125 0 0
-0.514078 0.659375 0 0
-0.482272 0.6875 0 0
-0.474206 0.71875 0 0
-0.460933 0.75 0 0
-0.461042 0.778125 0 0
-0.46342 0.80625 0 0
-0.463389 0.859375 0 0
-0.463735 0.9125 0 0
-0.455586 0.940625 0 0
-0.484429 0.96875 0 0
-0.463955 0.99875 0 0
-0.467931 1.02375 0 0
-0.415207 1.04688 0 0
-0.414248 1.06875 0 0
-0.392061 1.10563 0 0
-0.865338 0.991016 0 0
-0.414486 0.975547 0 0
-0.271334 0.950313 0 0
-0.13602 0.92518 0 0
-0.0011275 0.900078 0 0
0.1439 0.875 0 0
0.275991 0.850062 0 0
0.326264 0.825156 0 0
0.353968 0.750312 0 0
0.364761 0.725625 0 0
0.364237 0.700938 0 0
0.348246 0.67625 0 0
0.262848 0.651875 0 0
0.239335 0.628125 0 0
0.229214 0.60625 0 0
0.188295 0.584375 0 0
0.126707 0.565625 0 0
0.114484 0.54375 0 0
0.0608161 0.521875 0 0
0.023477 0.5 0 0
0.00663125 0.478125 0 0
0.0087175 0.45625 0 0
0.003774 0.434375 0 0
-0.0146867 0.4125 0 0
-0.04281 0.390625 0 0
0.0460823 0.36875 0 0
0.0779244 0.346875 0 0
0.102613 0.325 0 0
0.167144 0.303125 0 0
0.198846 0.28125 0 0
0.288449 0.259375 0 0
0.354504 0.2375 0 0
0.432632 0.215625 0 0
0.527967 0.19375 0 0
0.78078 0.146875 0 0
0.930708 0.125 0 0
-1.21757 0.109375 0 0
-0.406838 0.10675 0 0
0.0929561 0.104375 0 0
1.00682 0.103125 0 0
1.04973 0.09625 0 0
0.435551 0.09625 0 0
0.657763 0.095625 0 0
0.860885 0.095 0 0
0.960353 0.094375 0 0
-2.23721 0.000625 0 0
-2.93579 0.0014375 0 0
-3.14829 0.0025 0 0
-3.41278 0.004375 0 0
-3.68111 0.008125 0 0
-3.69766 0.01375 0 0
-3.63945 0.0225 0 0
-3.66976 0.030625 0 0
-3.26217 0.04375 0 0
-3.02973 0.071875 0 0
-2.57142 0.125 0 0
-2.35147 0.153125 0 0
-2.20151 0.184375 0 0
-2.14739 0.215625 0 0
-1.93488 0.24375 0 0
-2.00904 0.271875 0 0
-1.88246 0.325 0 0
-1.71106 0.378125 0 0
-1.61916 0.40625 0 0
-1.48775 0.434375 0 0
-1.40671 0.4625 0 0
-1.24693 0.490625 0 0
-1.10373 0.51875 0 0
-0.969129 0.546875 0 0
-0.822674 0.575 0 0
-0.682196 0.603125 0 0
-0.586823 0.63125 0 0
-0.514078 0.659375 0 0
-0.482272 0.6875 0 0
-0.474206 0.71875 0 0
-0.460933 0.75 0 0
-0.461042 0.778125 0 0
-0.46342 0.80625 0 0
-0.463389 0.859375 0 0
-0.463735 0.9125 0 0
-0.455586 0.940625 0 0
-0.484429 0.96875 0 0
-0.463955 0.99875 0 0
-0.467931 1.02375 0 0
-0.415207 1.04688 0 0
-0.414248 1.06875 0 0
-0.392061 1.10563 0 0
-0.865338 0.991016 0 0
-0.414486 0.975547 0 0
-0.271334 0.950313 0 0
-0.13602 0.92518 0 0
-0.0011275 0.900078 0 0
0.1439 0.875 0 0
0.275991 0.850062 0 0
0.326264 0.825156 0 0
0.353968 0.750312 0 0
0.364761 0.725625 0 0
0.364237 0.700938 0 0
0.348246 0.67625 0 0
0.262848 0.651875 0 0
0.239335 0.628125 0 0
0.229214 0.60625 0 0
0.188295 0.584375 0 0
0.126707 0.565625 0 0
0.114484 0.54375 0 0
0.0608161 0.521875 0 0
0.023477 0.5 0 0
0.00663125 0.478125 0 0
0.0087175 0.45625 0 0
0.003774 0.434375 0 0
-0.0146867 0.4125 0 0
-0.04281 0.390625 0 0
0.0460823 0.36875 0 0
0.0779244 0.346875 0 0
0.102613 0.325 0 0
0.167144 0.303125 0 0
0.198846 0.28125 0 0
0.288449 0.259375 0 0
0.354504 0.2375 0 0
0.432632 0.215625 0 0
0.527967 0.19375 0 0
0.78078 0.146875 0 0
0.930708 0.125 0 0
-1.21757 0.109375 0 0
-0.406838 0.10675 0 0
0.0929561 0.104375 0 0
1.00682 0.103125 0 0
1.04973 0.09625 0 0
0.435551 0.09625 0 0
0.657763 0.095625 0 0
0.860885 0.095 0 0
0.960353 0.094375 0 0
-2.23721 0.000625 0 0
-2.93579 0.0014375 0 0
-3.14829 0.0025 0 0
-3.41278 0.004375 0 0
-3.68111 0.008125 0 0
-3.69766 0.01375 0 0
-3.63945 0.0225 0 0
-3.66976 0.030625 0 0
-3.26217 0.04375 0 0
-3.02973 0.071875 0 0
-2.57142 0.125 0 0
-2.35147 0.153125 0 0
-2.20151 0.184375 0 0
-2.14739 0.215625 0 0
-1.93488 0.24375 0 0
-2.00904 0.271875 0 0
-1.88246 0.325 0 0
-1.71106 0.378125 0 0
-1.61916 0.40625 0 0
-1.48775 0.434375 0 0
-1.40671 0.4625 0 0
-1.24693 0.490625 0 0
-1.10373 0.51875 0 0
-0.969129 0.546875 0 0
-0.822674 0.575 0 0
-0.682196 0.603125 0 0
-0.586823 0.63125 0 0
-0.514078 0.659375 0 0
-0.482272 0.6875 0 0
-0.474206 0.71875 0 0
-0.460933 0.75 0 0
-0.461042 0.778125 0 0
-0.46342 0.80625 0 0
-0.463389 0.859375 0 0
-0.463735 0.9125 0 0
-0.455586 0.940625 0 0
-0.484429 0.96875 0 0
-0.463955 0.99875 0 0
-0.467931 1.02375 0 0
-0.415207 1.04688 0 0
-0.414248 1.06875 0 0
-0.392061 1.10563 0 0
-0.865338 0.991016 0 0
-0.414486 0.975547 0 0
-0.271334 0.950313 0 0
-0.13602 0.92518 0 0
-0.0011275 0.900078 0 0
0.1439 0.875 0 0
0.275991 0.850062 0 0
0.326264 0.825156 0 0
0.353968 0.750312 0 0
0.364761 0.725625 0 0
0.364237 0.700938 0 0
0.348246 0.67625 0 0
0.262848 0.651875 0 0
0.239335 0.628125 0 0
0.229214 0.60625 0 0
0.188295 0.584375 0 0
0.126707 0.565625 0 0
0.114484 0.54375 0 0
0.0608161 0.521875 0 0
0.023477 0.5 0 0
0.00663125 0.478125 0 0
0.0087175 0.45625 0 0
0.003774 0.434375 0 0
-0.0146867 0.4125 0 0
-0.04281 0.390625 0 0
0.0460823 0.36875 0 0
0.0779244 0.346875 0 0
0.102613 0.325 0 0
0.167144 0.303125 0 0
0.198846 0.28125 0 0
0.288449 0.259375 0 0
0.354504 0.2375 0 0
0.432632 0.215625 0 0
0.527967 0.19375 0 0
0.78078 0.146875 0 0
0.930708 0.125 0 0
-1.21757 0.109375 0 0
-0.406838 0.10675 0 0
0.0929561 0.104375 0 0
1.00682 0.103125 0 0
1.04973 0.09625 0 0
0.435551 0.09625 0 0
0.657763 0.095625 0 0
0.860885 0.095 0 0
0.960353 0.094375 0 0
-2.23721 0.000625 0 0
-2.93579 0.0014375 0 0
-3.14829 0.0025 0 0
-3.41278 0.004375 0 0
-3.68111 0.008125 0 0
-3.69766 0.01375 0 0
-3.63945 0.0225 0 0
-3.66976 0.030625 0 0
-3.26217 0.04375 0 0
-3.02973 0.071875 0 0
-2.57142 0.125 0 0
-2.35147 0.153125 0 0
-2.20151 0.184375 0 0
-2.14739 0.215625 0 0
-1.93488 0.24375 0 0
-2.00904 0.271875 0 0
-1.88246 0.325 0 0
-1.71106 0.378125 0 0
-1.61916 0.40625 0 0
-1.48775 0.434375 0 0
-1.40671 0.4625 0 0
-1.24693 0.490625 0 0
-1.10373 0.51875 0 0
-0.969129 0.546875 0 0
-0.822674 0.575 0 0
-0.682196 0.603125 0 0
-0.586823 0.63125 0 0
-0.514078 0.659375 0 0
-0.482272 0.6875 0 0
-0.474206 0.71875 0 0
-0.460933 0.75 0 0
-0.461042 0.778125 0 0
-0.46342 0.80625 0 0
-0.463389 0.859375 0 0
-0.463735 0.9125 0 0
-0.455586 0.940625 0 0
-0.484429 0.96875 0 0
-0.463955 0.99875 0 0
-0.467931 1.02375 0 0
-0.415207 1.04688 0 0
-0.414248 1.06875 0 0
-0.392061 1.10563 0 0
-0.865338 0.991016 0 0
-0.414486 0.975547 0 0
-0.271334 0.950313 0 0
-0.13602 0.92518 0 0
-0.0011275 0.900078 0 0
0.1439 0.875 0 0
0.275991 0.850062 0 0
0.326264 0.825156 0 0
0.353968 0.750312 0 0
0.364761 0.725625 0 0
0.364237 0.700938 0 0
0.348246 0.67625 0 0
0.262848 0.651875 0 0
0.239335 0.628125 0 0
0.229214 0.60625 0 0
0.188295 0.584375 0 0
0.126707 0.565625 0 0
0.114484 0.54375 0 0
0.0608161 0.521875 0 0
0.023477 0.5 0 0
0.00663125 0.478125 0 0
0.0087175 0.45625 0 0
0.003774 0.434375 0 0
-0.0146867 0.4125 0 0
-0.04281 0.390625 0 0
0.0460823 0.36875 0 0
0.0779244 0.346875 0 0
0.102613 0.325 0 0
0.167144 0.303125 0 0
0.198846 0.28125 0 0
0.288449 0.259375 0 0
0.354504 0.2375 0 0
0.432632 0.215625 0 0
0.527967 0.19375 0 0
0.78078 0.146875 0 0
0.930708 0.125 0 0
-1.21757 0.109375 0 0
-0.406838 0.10675 0 0
0.0929561 0.104375 0 0
1.00682 0.103125 0 0
1.04973 0.09625 0 0
0.435551 0.09625 0 0
0.657763 0.095625 0 0
0.860885 0.095 0 0
0.960353 0.094375 0 0
