0 0 0 0
0 1.375 0 0
-0.314639 1.38217 0 0.0476875
-0.341265 0.00015625 0 0
0 0 0 0
-2.23721 0.000625 0 0
-2.93579 0.0014375 0 0
-3.14829 0.0025 0 0
-3.41278 0.004375 0 0
-3.68111 0.008125 0 0
-3.69766 0.01375 0 0
-3.63945 0.0225 0 0
-3.66976 0.030625 0 0
-3.26217 0.04375 0 0
-3.02973 0.071875 0 0
-2.57142 0.125 0 0
-2.35147 0.153125 0 0
-2.20151 0.184375 0 0
-2.14739 0.215625 0 0
-1.93488 0.24375 0 0
-2.00904 0.271875 0 0
-1.88246 0.325 0 0
-1.71106 0.378125 0 0
-1.61916 0.40625 0 0
-1.48775 0.434375 0 0
-1.40671 0.4625 0 0
-1.24693 0.490625 0 0
-1.10373 0.51875 0 0
-0.969129 0.546875 0 0
-0.822674 0.575 0 0
-0.682196 0.603125 0 0
-0.586823 0.63125 0 0
-0.514078 0.659375 0 0
-0.482272 0.6875 0 0
-0.474206 0.71875 0 0
-0.460933 0.75 0 0
-0.461042 0.778125 0 0
-0.46342 0.80625 0 0
-0.463389 0.859375 0 0
-0.463735 0.9125 0 0
-0.455586 0.940625 0 0
-0.484429 0.96875 0 0
-0.463955 0.99875 0 0
-0.467931 1.02375 0 0
-0.415207 1.04688 0 0
-0.414248 1.06875 0 0
-0.392061 1.10563 0 0
0 0 0 0
-1.21757 0.109375 0 0
-0.406838 0.10675 0 0
0.0929561 0.104375 0 0
0.435551 0.09625 0 0
0.657763 0.095625 0 0
0.860885 0.095 0 0
0.960353 0.094375 0 0
1.04973 0.09625 0 0
1.00682 0.103125 0 0
0.930708 0.125 0 0
0.78078 0.146875 0 0
0.527967 0.19375 0 0
0.432632 0.215625 0 0
0.354504 0.2375 0 0
0.288449 0.259375 0 0
0.198846 0.28125 0 0
0.167144 0.303125 0 0
0.102613 0.325 0 0
0.0779244 0.346875 0 0
0.0460823 0.36875 0 0
-0.04281 0.390625 0 0
-0.0146867 0.4125 0 0
0.003774 0.434375 0 0
0.0087175 0.45625 0 0
0.00663125 0.478125 0 0
0.023477 0.5 0 0
0.0608161 0.521875 0 0
0.114484 0.54375 0 0
0.126707 0.565625 0 0
0.188295 0.584375 0 0
0.229214 0.60625 0 0
0.239335 0.628125 0 0
0.262848 0.651875 0 0
0.348246 0.67625 0 0
0.364237 0.700938 0 0
0.364761 0.725625 0 0
0.353968 0.750312 0 0
0.326264 0.825156 0 0
0.275991 0.850062 0 0
0.1439 0.875 0 0
-0.0011275 0.900078 0 0
-0.13602 0.92518 0 0
-0.271334 0.950313 0 0
-0.414486 0.975547 0 0
-0.865338 0.991016 0 0
0 0 0 0
0.555959 0.0653125 0 0
0.564314 0.0913281 0 0
0.603738 0.117969 0 0
0.652505 0.146484 0 0
0.696124 0.178125 0 0
0.711376 0.206641 0 0
0.751067 0.235547 0 0
0.756195 0.264453 0 0
0.77482 0.292969 0 0
0.77482 0.321484 0 0
0.779069 0.353125 0 0
0.81196 0.384766 0 0
0.818078 0.413281 0 0
0.845201 0.441797 0 0
0.85436 0.470313 0 0
0.862863 0.498828 0 0
0.886142 0.517344 0 0
0.897946 0.535859 0 0
0.913437 0.554375 0 0
0.943544 0.572891 0 0
0.94102 0.591406 0 0
0.954419 0.609922 0 0
0.905341 0.628437 0 0
0.973689 0.647344 0 0
0.96434 0.66625 0 0
0.972522 0.684766 0 0
0.962947 0.703281 0 0
0.973354 0.724922 0 0
0.968597 0.746563 0 0
0.95645 0.765078 0 0
0.968009 0.783594 0 0
0.959399 0.802344 0 0
0.964686 0.820469 0 0
0.943115 0.83836 0 0
0.958341 0.856094 0 0
0.954142 0.875704 0 0
0.899045 0.87125 0 0
0.991154 0.879375 0 0
1.00154 0.88625 0 0
0.991968 0.893125 0 0
0.99813 0.9 0 0
0.965492 0.906875 0 0
0.984424 0.913758 0 0
0.967928 0.920644 0 0
0.921314 0.921289 0 0
0.910118 0.928203 0 0
0.901303 0.935117 0 0
0.871922 0.942031 0 0
0.842451 0.948984 0 0
0.828264 0.956016 0 0
0.827585 0.963281 0 0
0.808274 0.970547 0 0
0.8023 0.978203 0 0
0.793243 0.985469 0 0
0.769687 0.992734 0 0
0.7836 1 0 0
0.801506 1.00727 0 0
0.85752 1.01453 0 0
0.842359 1.0218 0 0
0.835802 1.02906 0 0
0.844448 1.03633 0 0
0.845074 1.04359 0 0
0.878117 1.05086 0 0
0.896719 1.05812 0 0
0.901605 1.06539 0 0
0.909546 1.07266 0 0
0.954489 1.07992 0 0
0.962038 1.08719 0 0
0.98698 1.09445 0 0
1.00898 1.10172 0 0
1.07237 1.10586 0 0
1.08496 1.11312 0 0
0.806858 1.12117 0 0
0.919463 1.13084 0 0
0.991823 1.14055 0 0
1.1121 1.15039 0 0
1.14321 1.16453 0 0
1.05645 1.17953 0 0
1.08955 1.19445 0 0
1.10725 1.20937 0 0
1.12209 1.2243 0 0
0.737243 1.22758 0 0
0.652426 1.24268 0 0
0.62391 1.25781 0 0
0.599769 1.27305 0 0
0.550401 1.28852 0 0
0.556829 1.30422 0 0
0.56441 1.32031 0 0
0.556116 1.33633 0 0
0.61449 1.35297 0 0
0.642324 1.37148 0 0
0.680504 1.39312 0 0
0.721671 1.41164 0 0
0.745223 1.43055 0 0
0.750512 1.44945 0 0
0.779027 1.46797 0 0
0.761301 1.49648 0 0
0.792376 1.52813 0 0
0.815651 1.55977 0 0
0.804406 1.58828 0 0
0.818321 1.6168 0 0
0.830706 1.64531 0 0
0.873669 1.67383 0 0
0.838873 1.70234 0 0
0.89482 1.73086 0 0
0.93013 1.75937 0 0
0.917114 1.78789 0 0
0.940816 1.81641 0 0
0.935374 1.84492 0 0
0.957889 1.87344 0 0
0.968518 1.90234 0 0
0 0 0 0
-0.0434278 0.722266 0 0
-0.134203 1.03828 0 0
-0.123592 1.35742 0 0
-0.0641569 1.67656 0 0
-0.0569482 0.117578 0 0
-0.0605536 0.121094 0 0
-0.0579944 0.124844 0 0
-0.0584914 0.127969 0 0
-0.0519009 0.13086 0 0
-0.051781 0.133594 0 0
-0.0490076 0.138204 0 0
-0.108167 0.123877 0 0
-0.0518108 0.121943 0 0
-0.0339168 0.118789 0 0
-0.0170025 0.115648 0 0
-0.000140938 0.11251 0 0
0.0179875 0.109375 0 0
0.0344989 0.106258 0 0
0.040783 0.103145 0 0
0.044246 0.093789 0 0
0.0455951 0.0907031 0 0
0.0455296 0.0876172 0 0
0.0435307 0.0845313 0 0
0.032856 0.0814844 0 0
0.0299169 0.0785156 0 0
0.0286518 0.0757812 0 0
0.0235369 0.0730469 0 0
0.0158384 0.0707031 0 0
0.0143105 0.0679687 0 0
0.00760201 0.0652344 0 0
0.00293463 0.0625 0 0
0.000828906 0.0597656 0 0
0.00108969 0.0570312 0 0
0.00047175 0.0542969 0 0
-0.00183584 0.0515625 0 0
-0.00535125 0.0488281 0 0
0.00576029 0.0460938 0 0
0.00974055 0.0433594 0 0
0.0128266 0.040625 0 0
0.020893 0.0378906 0 0
0.0248557 0.0351562 0 0
0.0360561 0.0324219 0 0
0.044313 0.0296875 0 0
0.054079 0.0269531 0 0
0.0659959 0.0242188 0 0
0.0975975 0.0183594 0 0
0.116338 0.015625 0 0
-0.152196 0.0136719 0 0
-0.0508547 0.0133437 0 0
0.0116195 0.0130469 0 0
0.125853 0.0128906 0 0
0.131216 0.0120313 0 0
0.0544439 0.0120313 0 0
0.0822204 0.0119531 0 0
0.107611 0.011875 0 0
0.120044 0.0117969 0 0
-0.279651 7.8125e-05 0 0
-0.366974 0.000179687 0 0
-0.393536 0.0003125 0 0
-0.426598 0.000546875 0 0
-0.460139 0.00101563 0 0
-0.462207 0.00171875 0 0
-0.454931 0.0028125 0 0
-0.45872 0.00382812 0 0
-0.407771 0.00546875 0 0
-0.378716 0.00898437 0 0
-0.321427 0.015625 0 0
-0.293934 0.0191406 0 0
-0.275189 0.0230469 0 0
-0.268424 0.0269531 0 0
-0.24186 0.0304687 0 0
-0.25113 0.0339844 0 0
-0.235308 0.040625 0 0
-0.213883 0.0472656 0 0
-0.202395 0.0507812 0 0
-0.185969 0.0542969 0 0
-0.175839 0.0578125 0 0
-0.155866 0.0613281 0 0
-0.137966 0.0648438 0 0
-0.121141 0.0683594 0 0
-0.102834 0.071875 0 0
-0.0852745 0.0753906 0 0
-0.0733529 0.0789062 0 0
-0.0642598 0.0824219 0 0
-0.060284 0.0859375 0 0
-0.0592758 0.0898438 0 0
-0.0576166 0.09375 0 0
-0.0576303 0.0972656 0 0
-0.0579275 0.100781 0 0
-0.0579236 0.107422 0 0
-0.0579669 0.114062 0 0
-0.0569482 0.117578 0 0
-0.0605536 0.121094 0 0
-0.0579944 0.124844 0 0
-0.0584914 0.127969 0 0
-0.0519009 0.13086 0 0
-0.051781 0.133594 0 0
-0.0490076 0.138204 0 0
-0.108167 0.123877 0 0
-0.0518108 0.121943 0 0
-0.0339168 0.118789 0 0
-0.0170025 0.115648 0 0
-0.000140938 0.11251 0 0
0.0179875 0.109375 0 0
0.0344989 0.106258 0 0
0.040783 0.103145 0 0
0.044246 0.093789 0 0
0.0455951 0.0907031 0 0
0.0455296 0.0876172 0 0
0.0435307 0.0845313 0 0
0.032856 0.0814844 0 0
0.0299169 0.0785156 0 0
0.0286518 0.0757812 0 0
0.0235369 0.0730469 0 0
0.0158384 0.0707031 0 0
0.0143105 0.0679687 0 0
0.00760201 0.0652344 0 0
0.00293463 0.0625 0 0
0.000828906 0.0597656 0 0
0.00108969 0.0570312 0 0
0.00047175 0.0542969 0 0
-0.00183584 0.0515625 0 0
-0.00535125 0.0488281 0 0
0.00576029 0.0460938 0 0
0.00974055 0.0433594 0 0
0.0128266 0.040625 0 0
0.020893 0.0378906 0 0
0.0248557 0.0351562 0 0
0.0360561 0.0324219 0 0
0.044313 0.0296875 0 0
0.054079 0.0269531 0 0
0.0659959 0.0242188 0 0
0.0975975 0.0183594 0 0
0.116338 0.015625 0 0
-0.152196 0.0136719 0 0
-0.0508547 0.0133437 0 0
0.0116195 0.0130469 0 0
0.125853 0.0128906 0 0
0.131216 0.0120313 0 0
0.0544439 0.0120313 0 0
0.0822204 0.0119531 0 0
0.107611 0.011875 0 0
0.120044 0.0117969 0 0
-0.279651 7.8125e-05 0 0
-0.366974 0.000179687 0 0
-0.393536 0.0003125 0 0
-0.426598 0.000546875 0 0
-0.460139 0.00101563 0 0
-0.462207 0.00171875 0 0
-0.454931 0.0028125 0 0
-0.45872 0.00382812 0 0
-0.407771 0.00546875 0 0
-0.378716 0.00898437 0 0
-0.321427 0.015625 0 0
-0.293934 0.0191406 0 0
-0.275189 0.0230469 0 0
-0.268424 0.0269531 0 0
-0.24186 0.0304687 0 0
-0.25113 0.0339844 0 0
-0.235308 0.040625 0 0
-0.213883 0.0472656 0 0
-0.202395 0.0507812 0 0
-0.185969 0.0542969 0 0
-0.175839 0.0578125 0 0
-0.155866 0.0613281 0 0
-0.137966 0.0648438 0 0
-0.121141 0.0683594 0 0
-0.102834 0.071875 0 0
-0.0852745 0.0753906 0 0
-0.0733529 0.0789062 0 0
-0.0642598 0.0824219 0 0
-0.060284 0.0859375 0 0
-0.0592758 0.0898438 0 0
-0.0576166 0.09375 0 0
-0.0576303 0.0972656 0 0
-0.0579275 0.100781 0 0
-0.0579236 0.107422 0 0
-0.0579669 0.114062 0 0
-0.0569482 0.117578 0 0
-0.0605536 0.121094 0 0
-0.0579944 0.124844 0 0
-0.0584914 0.127969 0 0
-0.0519009 0.13086 0 0
-0.051781 0.133594 0 0
-0.0490076 0.138204 0 0
-0.108167 0.123877 0 0
-0.0518108 0.121943 0 0
-0.0339168 0.118789 0 0
-0.0170025 0.115648 0 0
-0.000140938 0.11251 0 0
0.0179875 0.109375 0 0
0.0344989 0.106258 0 0
0.040783 0.103145 0 0
0.044246 0.093789 0 0
0.0455951 0.0907031 0 0
0.0455296 0.0876172 0 0
0.0435307 0.0845313 0 0
0.032856 0.0814844 0 0
0.0299169 0.0785156 0 0
0.0286518 0.0757812 0 0
0.0235369 0.0730469 0 0
0.0158384 0.0707031 0 0
0.0143105 0.0679687 0 0
0.00760201 0.0652344 0 0
0.00293463 0.0625 0 0
0.000828906 0.0597656 0 0
0.00108969 0.0570312 0 0
0.00047175 0.0542969 0 0
-0.00183584 0.0515625 0 0
-0.00535125 0.0488281 0 0
0.00576029 0.0460938 0 0
0.00974055 0.0433594 0 0
0.0128266 0.040625 0 0
0.020893 0.0378906 0 0
0.0248557 0.0351562 0 0
0.0360561 0.0324219 0 0
0.044313 0.0296875 0 0
0.054079 0.0269531 0 0
0.0659959 0.0242188 0 0
0.0975975 0.0183594 0 0
0.116338 0.015625 0 0
-0.152196 0.0136719 0 0
-0.0508547 0.0133437 0 0
0.0116195 0.0130469 0 0
0.125853 0.0128906 0 0
0.131216 0.0120313 0 0
0.0544439 0.0120313 0 0
0.0822204 0.0119531 0 0
0.107611 0.011875 0 0
0.120044 0.0117969 0 0
8
