0 0 0 0
0 -0.333333 0 0
0.306714 0.4365 0 0.00713333
0.268444 0.000416667 0 0
0 0 0 0
1.16803 0.00166667 0 0
1.03627 0.003 0 0
0.855582 0.00458333 0 0
0.640191 0.0075 0 0
0.407623 0.0133333 0 0
0.249799 0.0241667 0 0
-0.0309343 0.0433333 0 0
-0.315052 0.0566667 0 0
-0.391098 0.075 0 0
-0.566322 0.108333 0 0
-0.81 0.166667 0 0
-0.958567 0.2 0 0
-1.0662 0.241667 0 0
-1.15991 0.283333 0 0
-1.14464 0.316667 0 0
-1.2669 0.35 0 0
-1.35993 0.408333 0 0
-1.37837 0.466667 0 0
-1.36672 0.5 0 0
-1.33572 0.533333 0 0
-1.3359 0.566667 0 0
-1.27838 0.6 0 0
-1.22615 0.633333 0 0
-1.14834 0.666667 0 0
-1.04939 0.7 0 0
-1.00615 0.733333 0 0
-0.987981 0.766667 0 0
-0.85035 0.8 0 0
-0.686828 0.833333 0 0
-0.627456 0.875 0 0
-0.574683 0.916667 0 0
-0.516168 0.95 0 0
-0.462668 0.983333 0 0
-0.35382 1.04167 0 0
-0.258256 1.1 0 0
-0.201504 1.13333 0 0
-0.175614 1.16667 0 0
-0.0801833 1.205 0 0
-0.0364 1.23 0 0
0.0405033 1.25 0 0
0.0844677 1.26667 0 0
0.22025 1.29833 0 0
0 0 0 0
1.14454 0.291667 0 0
1.05417 0.283833 0 0
0.921551 0.27625 0 0
0.752204 0.2525 0 0
0.620806 0.246667 0 0
0.41617 0.240833 0 0
0.248801 0.235 0 0
0.0384256 0.231667 0 0
-0.0919289 0.233333 0 0
-0.207104 0.25 0 0
-0.334797 0.266667 0 0
-0.473606 0.308333 0 0
-0.51716 0.325 0 0
-0.620182 0.341667 0 0
-0.645439 0.358333 0 0
-0.694868 0.375 0 0
-0.689313 0.391667 0 0
-0.712944 0.408333 0 0
-0.701013 0.425 0 0
-0.708469 0.441667 0 0
-0.74498 0.458333 0 0
-0.685378 0.475 0 0
-0.640922 0.491667 0 0
-0.602198 0.508333 0 0
-0.591759 0.525 0 0
-0.562752 0.541667 0 0
-0.54156 0.558333 0 0
-0.28708 0.575 0 0
-0.257261 0.591667 0 0
-0.169421 0.6 0 0
-0.0769757 0.616667 0 0
0.00142233 0.633333 0 0
0.0675256 0.655 0 0
0.190786 0.678333 0 0
0.296341 0.7025 0 0
0.409252 0.726667 0 0
0.485707 0.750833 0 0
0.598662 0.825417 0 0
0.666489 0.850167 0 0
0.689627 0.875 0 0
0.740167 0.900556 0 0
0.683643 0.926 0 0
0.573527 0.951528 0 0
0.479637 0.9775 0 0
0.302754 0.994444 0 0
0 0 0 0
1.00066 0.0769444 0 0
0.911099 0.106389 0 0
0.875991 0.1375 0 0
0.838053 0.173611 0 0
0.74151 0.218056 0 0
0.686834 0.254167 0 0
0.667767 0.293056 0 0
0.63206 0.331944 0 0
0.631727 0.368056 0 0
0.60236 0.404167 0 0
0.556573 0.448611 0 0
0.56154 0.493056 0 0
0.56122 0.529167 0 0
0.581587 0.565278 0 0
0.579223 0.601389 0 0
0.58606 0.6375 0 0
0.614313 0.663611 0 0
0.635237 0.689722 0 0
0.66415 0.715833 0 0
0.69429 0.741944 0 0
0.682726 0.768056 0 0
0.729147 0.794167 0 0
0.731597 0.820278 0 0
0.822961 0.849167 0 0
0.824149 0.878056 0 0
0.855721 0.904167 0 0
0.865687 0.930278 0 0
0.90658 0.964723 0 0
0.937755 0.999167 0 0
0.945562 1.02528 0 0
0.962192 1.05139 0 0
0.989389 1.07917 0 0
1.00778 1.1025 0 0
1.00861 1.12417 0 0
1.04143 1.14472 0 0
1.08588 1.17028 0 0
1.01739 1.0775 0 0
1.09687 1.0825 0 0
1.1068 1.08417 0 0
1.10866 1.08583 0 0
1.12642 1.0875 0 0
1.23542 1.08917 0 0
1.2536 1.09089 0 0
1.22502 1.09264 0 0
1.16094 1.07778 0 0
1.14495 1.07972 0 0
1.12249 1.08167 0 0
1.07565 1.08361 0 0
1.03497 1.08583 0 0
1.0147 1.08861 0 0
0.997915 1.09306 0 0
0.956393 1.0975 0 0
0.929823 1.10472 0 0
0.918257 1.10917 0 0
0.82028 1.11361 0 0
0.820809 1.11806 0 0
0.813577 1.1225 0 0
0.850361 1.12694 0 0
0.812099 1.13139 0 0
0.770037 1.13583 0 0
0.712213 1.14028 0 0
0.64197 1.14472 0 0
0.617476 1.14917 0 0
0.591002 1.15361 0 0
0.611892 1.15806 0 0
0.656264 1.1625 0 0
0.74648 1.16694 0 0
0.784453 1.17139 0 0
0.834917 1.17583 0 0
0.856485 1.18028 0 0
1.41417 1.18472 0 0
1.3675 1.19211 0 0
1.30486 1.19958 0 0
0.892048 1.20639 0 0
1.26197 1.21167 0 0
0.942065 1.22083 0 0
1.23593 1.23472 0 0
1.14942 1.24778 0 0
1.0962 1.26083 0 0
0.96948 1.27528 0 0
1.0151 1.28972 0 0
1.40166 1.22806 0 0
1.36303 1.2435 0 0
1.30307 1.25903 0 0
1.23968 1.275 0 0
1.14711 1.29194 0 0
1.10128 1.31056 0 0
1.00594 1.33194 0 0
0.907169 1.35139 0 0
0.886704 1.3725 0 0
0.832093 1.39861 0 0
0.724837 1.43306 0 0
0.690361 1.45917 0 0
0.66126 1.48806 0 0
0.62623 1.51694 0 0
0.63525 1.54306 0 0
0.58636 1.57917 0 0
0.571213 1.62361 0 0
0.566423 1.66806 0 0
0.550107 1.70417 0 0
0.55868 1.74028 0 0
0.55862 1.77639 0 0
0.596633 1.8125 0 0
0.5685 1.84861 0 0
0.63198 1.88472 0 0
0.6792 1.92083 0 0
0.665283 1.95694 0 0
0.683133 1.99306 0 0
0.72047 2.02917 0 0
0.784324 2.06528 0 0
0.814558 2.10417 0 0
0 0 0 0
-0.176919 0.941667 0 0
-0.180103 1.26528 0 0
-0.160217 1.59722 0 0
-0.062892 1.92917 0 0
-0.067168 0.377777 0 0
-0.058538 0.38889 0 0
-0.0267278 0.401667 0 0
-0.0121333 0.41 0 0
0.0135011 0.416667 0 0
0.0281559 0.422223 0 0
0.0734167 0.432777 0 0
0.100918 0.331481 0 0
0.159879 0.325833 0 0
0.191176 0.317176 0 0
0.227881 0.308667 0 0
0.246722 0.300185 0 0
0.229876 0.291667 0 0
0.222163 0.283389 0 0
0.199554 0.275139 0 0
0.161902 0.250278 0 0
0.136417 0.242222 0 0
0.0987803 0.234167 0 0
0.0635953 0.226111 0 0
0.0225085 0.218333 0 0
0.00047411 0.211111 0 0
-0.0256586 0.205556 0 0
-0.0564737 0.2 0 0
-0.0857537 0.197222 0 0
-0.0956933 0.191667 0 0
-0.18052 0.186111 0 0
-0.187584 0.180556 0 0
-0.197253 0.175 0 0
-0.200733 0.169444 0 0
-0.213641 0.163889 0 0
-0.228459 0.158333 0 0
-0.248327 0.152778 0 0
-0.236156 0.147222 0 0
-0.233671 0.141667 0 0
-0.237648 0.136111 0 0
-0.229771 0.130556 0 0
-0.231623 0.125 0 0
-0.215146 0.119444 0 0
-0.206727 0.113889 0 0
-0.172387 0.108333 0 0
-0.157869 0.102778 0 0
0.381513 0.0972223 0 0
0.35139 0.094611 0 0
0.307184 0.0920833 0 0
-0.111599 0.088889 0 0
0.250735 0.0841667 0 0
-0.0690347 0.0833333 0 0
0.206935 0.0822223 0 0
0.138723 0.0802777 0 0
0.0829337 0.0783333 0 0
-0.030643 0.0777777 0 0
0.0128085 0.0772223 0 0
0.389343 0.000555557 0 0
0.345423 0.001 0 0
0.285194 0.00152778 0 0
0.213397 0.0025 0 0
0.135874 0.00444443 0 0
0.0832663 0.00805557 0 0
-0.0103114 0.0144444 0 0
-0.105017 0.0188889 0 0
-0.130366 0.025 0 0
-0.188774 0.036111 0 0
-0.27 0.0555557 0 0
-0.319522 0.0666667 0 0
-0.3554 0.0805557 0 0
-0.386637 0.0944443 0 0
-0.381547 0.105556 0 0
-0.4223 0.116667 0 0
-0.45331 0.136111 0 0
-0.459457 0.155556 0 0
-0.455573 0.166667 0 0
-0.44524 0.177778 0 0
-0.4453 0.188889 0 0
-0.426127 0.2 0 0
-0.408717 0.211111 0 0
-0.38278 0.222222 0 0
-0.349797 0.233333 0 0
-0.335383 0.244444 0 0
-0.329327 0.255556 0 0
-0.28345 0.266667 0 0
-0.228943 0.277778 0 0
-0.209152 0.291667 0 0
-0.191561 0.305556 0 0
-0.172056 0.316667 0 0
-0.154223 0.327778 0 0
-0.11794 0.347223 0 0
-0.0860853 0.366667 0 0
-0.067168 0.377777 0 0
-0.058538 0.38889 0 0
-0.0267278 0.401667 0 0
-0.0121333 0.41 0 0
0.0135011 0.416667 0 0
0.0281559 0.422223 0 0
0.0734167 0.432777 0 0
0.100918 0.331481 0 0
0.159879 0.325833 0 0
0.191176 0.317176 0 0
0.227881 0.308667 0 0
0.246722 0.300185 0 0
0.229876 0.291667 0 0
0.222163 0.283389 0 0
0.199554 0.275139 0 0
0.161902 0.250278 0 0
0.136417 0.242222 0 0
0.0987803 0.234167 0 0
0.0635953 0.226111 0 0
0.0225085 0.218333 0 0
0.00047411 0.211111 0 0
-0.0256586 0.205556 0 0
-0.0564737 0.2 0 0
-0.0857537 0.197222 0 0
-0.0956933 0.191667 0 0
-0.18052 0.186111 0 0
-0.187584 0.180556 0 0
-0.197253 0.175 0 0
-0.200733 0.169444 0 0
-0.213641 0.163889 0 0
-0.228459 0.158333 0 0
-0.248327 0.152778 0 0
-0.236156 0.147222 0 0
-0.233671 0.141667 0 0
-0.237648 0.136111 0 0
-0.229771 0.130556 0 0
-0.231623 0.125 0 0
-0.215146 0.119444 0 0
-0.206727 0.113889 0 0
-0.172387 0.108333 0 0
-0.157869 0.102778 0 0
0.381513 0.0972223 0 0
0.35139 0.094611 0 0
0.307184 0.0920833 0 0
-0.111599 0.088889 0 0
0.250735 0.0841667 0 0
-0.0690347 0.0833333 0 0
0.206935 0.0822223 0 0
0.138723 0.0802777 0 0
0.0829337 0.0783333 0 0
-0.030643 0.0777777 0 0
0.0128085 0.0772223 0 0
0.389343 0.000555557 0 0
0.345423 0.001 0 0
0.285194 0.00152778 0 0
0.213397 0.0025 0 0
0.135874 0.00444443 0 0
0.0832663 0.00805557 0 0
-0.0103114 0.0144444 0 0
-0.105017 0.0188889 0 0
-0.130366 0.025 0 0
-0.188774 0.036111 0 0
-0.27 0.0555557 0 0
-0.319522 0.0666667 0 0
-0.3554 0.0805557 0 0
-0.386637 0.0944443 0 0
-0.381547 0.105556 0 0
-0.4223 0.116667 0 0
-0.45331 0.136111 0 0
-0.459457 0.155556 0 0
-0.455573 0.166667 0 0
-0.44524 0.177778 0 0
-0.4453 0.188889 0 0
-0.426127 0.2 0 0
-0.408717 0.211111 0 0
-0.38278 0.222222 0 0
-0.349797 0.233333 0 0
-0.335383 0.244444 0 0
-0.329327 0.255556 0 0
-0.28345 0.266667 0 0
-0.228943 0.277778 0 0
-0.209152 0.291667 0 0
-0.191561 0.305556 0 0
-0.172056 0.316667 0 0
-0.154223 0.327778 0 0
-0.11794 0.347223 0 0
-0.0860853 0.366667 0 0
-0.067168 0.377777 0 0
-0.058538 0.38889 0 0
-0.0267278 0.401667 0 0
-0.0121333 0.41 0 0
0.0135011 0.416667 0 0
0.0281559 0.422223 0 0
0.0734167 0.432777 0 0
0.100918 0.331481 0 0
0.159879 0.325833 0 0
0.191176 0.317176 0 0
0.227881 0.308667 0 0
0.246722 0.300185 0 0
0.229876 0.291667 0 0
0.222163 0.283389 0 0
0.199554 0.275139 0 0
0.161902 0.250278 0 0
0.136417 0.242222 0 0
0.0987803 0.234167 0 0
0.0635953 0.226111 0 0
0.0225085 0.218333 0 0
0.00047411 0.211111 0 0
-0.0256586 0.205556 0 0
-0.0564737 0.2 0 0
-0.0857537 0.197222 0 0
-0.0956933 0.191667 0 0
-0.18052 0.186111 0 0
-0.187584 0.180556 0 0
-0.197253 0.175 0 0
-0.200733 0.169444 0 0
-0.213641 0.163889 0 0
-0.228459 0.158333 0 0
-0.248327 0.152778 0 0
-0.236156 0.147222 0 0
-0.233671 0.141667 0 0
-0.237648 0.136111 0 0
-0.229771 0.130556 0 0
-0.231623 0.125 0 0
-0.215146 0.119444 0 0
-0.206727 0.113889 0 0
-0.172387 0.108333 0 0
-0.157869 0.102778 0 0
0.381513 0.0972223 0 0
0.35139 0.094611 0 0
0.307184 0.0920833 0 0
-0.111599 0.088889 0 0
0.250735 0.0841667 0 0
-0.0690347 0.0833333 0 0
0.206935 0.0822223 0 0
0.138723 0.0802777 0 0
0.0829337 0.0783333 0 0
-0.030643 0.0777777 0 0
0.0128085 0.0772223 0 0
3
