0 0 0 0
0 -1.16667 0 0
0 -0.331083 0 0.00923333
0 0 0 0
0 0 0 0
0.199082 0 0 0
0.598738 0.0005 0 0
0.798585 0.00125 0 0
0.933635 0.0025 0 0
1.00626 0.005 0 0
1.01362 0.0075 0 0
0.982058 0.01 0 0
0.893722 0.015 0 0
0.79463 0.025 0 0
0.644118 0.05 0 0
0.291603 0.1 0 0
0.138452 0.125 0 0
0.010745 0.15 0 0
-0.107625 0.175 0 0
-0.175468 0.2 0 0
-0.29047 0.225 0 0
-0.431292 0.275 0 0
-0.528533 0.325 0 0
-0.568362 0.35 0 0
-0.576858 0.375 0 0
-0.610725 0.4 0 0
-0.605795 0.425 0 0
-0.5898 0.45 0 0
-0.57975 0.475 0 0
-0.553962 0.5 0 0
-0.514595 0.525 0 0
-0.480758 0.55 0 0
-0.451257 0.575 0 0
-0.421223 0.6 0 0
-0.332525 0.625 0 0
-0.31927 0.65 0 0
-0.288755 0.675 0 0
-0.25696 0.7 0 0
-0.19905 0.75 0 0
-0.141207 0.8 0 0
-0.113348 0.825 0 0
-0.093315 0.85 0 0
-0.0619617 0.875 0 0
-0.0477817 0.9 0 0
-0.01571 0.925 0 0
0.0135017 0.95 0 0
0.114152 0.99 0 0
0 0 0 0
-0.094205 0 0 0
-0.673915 0.0005 0 0
-0.954615 0.00125 0 0
-1.21461 0.0025 0 0
-1.40903 0.005 0 0
-1.64235 0.0075 0 0
-1.70232 0.01 0 0
-1.66096 0.015 0 0
-1.6074 0.025 0 0
-1.50804 0.05 0 0
-1.41367 0.075 0 0
-1.28552 0.125 0 0
-1.2484 0.15 0 0
-1.21886 0.175 0 0
-1.10425 0.2 0 0
-1.15886 0.225 0 0
-1.13781 0.25 0 0
-1.08905 0.275 0 0
-1.01458 0.3 0 0
-0.954868 0.325 0 0
-0.967797 0.35 0 0
-0.871462 0.375 0 0
-0.791598 0.4 0 0
-0.73237 0.425 0 0
-0.662953 0.45 0 0
-0.58278 0.475 0 0
-0.495832 0.5 0 0
-0.396905 0.525 0 0
-0.319903 0.55 0 0
-0.246395 0.575 0 0
-0.171087 0.6 0 0
-0.100592 0.625 0 0
-0.0471833 0.65 0 0
0.0112583 0.675 0 0
0.0625583 0.7 0 0
0.104307 0.725 0 0
0.138502 0.75 0 0
0.211548 0.825 0 0
0.23304 0.85 0 0
0.244098 0.875 0 0
0.256172 0.9 0 0
0.259973 0.925 0 0
0.24785 0.95 0 0
0.239648 0.975 0 0
0.1966 0.99 0 0
0 0 0 0
1.01252 0.0625 0 0
1.01182 0.0875 0 0
1.0112 0.1125 0 0
1.01204 0.1375 0 0
1.01297 0.1625 0 0
1.00794 0.1875 0 0
1.01525 0.2125 0 0
1.01384 0.2375 0 0
1.0117 0.2625 0 0
1.01365 0.2875 0 0
1.00884 0.3125 0 0
1.0135 0.3375 0 0
1.01347 0.3625 0 0
1.01611 0.3875 0 0
1.01584 0.4125 0 0
1.01191 0.4375 0 0
1.0142 0.4525 0 0
1.01275 0.4675 0 0
1.01167 0.4825 0 0
1.01591 0.4975 0 0
1.01158 0.5125 0 0
1.01206 0.5275 0 0
0.998275 0.5425 0 0
1.01704 0.5575 0 0
1.01054 0.5725 0 0
1.01487 0.5875 0 0
1.01382 0.6025 0 0
1.01381 0.6175 0 0
1.0143 0.6325 0 0
1.01026 0.6475 0 0
1.01206 0.6625 0 0
1.01048 0.6775 0 0
1.01252 0.6925 0 0
1.00216 0.7075 0 0
1.00978 0.7225 0 0
1.00978 0.7375 0 0
0.996395 0.7475 0 0
1.00776 0.7575 0 0
1.0093 0.7675 0 0
1.00086 0.7775 0 0
1.00758 0.7875 0 0
1.00735 0.7975 0 0
1.01413 0.8075 0 0
1.01126 0.8175 0 0
1.00533 0.8275 0 0
1.00817 0.8375 0 0
1.01362 0.8475 0 0
1.01054 0.8575 0 0
1.00805 0.8675 0 0
1.0109 0.8775 0 0
1.0115 0.8875 0 0
1.0074 0.8975 0 0
1.00977 0.9075 0 0
1.01069 0.9175 0 0
1.00458 0.9275 0 0
1.00838 0.9375 0 0
1.00877 0.9475 0 0
1.01936 0.9575 0 0
1.01338 0.9675 0 0
1.00583 0.9775 0 0
1.00922 0.9875 0 0
1.00377 0.9975 0 0
1.01064 1.0075 0 0
1.01112 1.0175 0 0
1.00266 1.0275 0 0
1.0034 1.0375 0 0
1.00867 1.0475 0 0
1.00345 1.0575 0 0
1.0024 1.0675 0 0
0.991118 1.0775 0 0
0.974252 1.0875 0 0
0.927798 1.0975 0 0
0.884582 1.1075 0 0
0.85278 1.1175 0 0
0.84473 1.1275 0 0
0.861032 1.1375 0 0
0.911067 1.1525 0 0
0.976345 1.1675 0 0
1.00158 1.1825 0 0
1.00514 1.1975 0 0
1.00454 1.2125 0 0
1.00749 1.2275 0 0
1.00775 1.2425 0 0
1.00879 1.2575 0 0
1.0092 1.2725 0 0
1.00591 1.2875 0 0
1.00763 1.3025 0 0
1.00853 1.3175 0 0
1.00739 1.3325 0 0
1.00831 1.3475 0 0
1.0078 1.3625 0 0
1.0028 1.3775 0 0
1.00711 1.3925 0 0
1.0069 1.4075 0 0
1.00673 1.4225 0 0
1.00846 1.4375 0 0
1.00636 1.4625 0 0
1.01389 1.4875 0 0
1.01439 1.5125 0 0
1.00805 1.5375 0 0
1.00699 1.5625 0 0
1.00785 1.5875 0 0
1.01309 1.6125 0 0
0.986683 1.6375 0 0
1.01071 1.6625 0 0
1.01408 1.6875 0 0
1.00278 1.7125 0 0
1.00702 1.7375 0 0
1.00388 1.7625 0 0
1.0098 1.7875 0 0
1.01196 1.8125 0 0
0 0 0 0
-0.0244617 0.625 0 0
-0.043365 0.9375 0 0
-0.0397867 1.25 0 0
0.0218233 1.5625 0 0
6
