-1.44018 0 0 0
-2.10706 0.0005 0 0
-2.33149 0.00125 0 0
-2.60054 0.0025 0 0
-2.93775 0.005 0 0
-3.0052 0.0075 0 0
-3.04246 0.01 0 0
-3.1272 0.015 0 0
-2.8001 0.025 0 0
-2.61427 0.05 0 0
-2.25137 0.1 0 0
-2.13171 0.125 0 0
-2.0559 0.15 0 0
-1.99149 0.175 0 0
-1.77237 0.2 0 0
-1.8915 0.225 0 0
-1.82651 0.275 0 0
-1.72483 0.325 0 0
-1.67577 0.35 0 0
-1.58368 0.375 0 0
-1.55144 0.4 0 0
-1.43721 0.425 0 0
-1.33261 0.45 0 0
-1.2442 0.475 0 0
-1.13551 0.5 0 0
-1.00878 0.525 0 0
-0.90442 0.55 0 0
-0.813024 0.575 0 0
-0.725306 0.6 0 0
-0.639631 0.625 0 0
-0.556063 0.65 0 0
-0.480663 0.675 0 0
-0.406321 0.7 0 0
-0.289927 0.75 0 0
-0.207697 0.8 0 0
-0.176044 0.825 0 0
-0.181939 0.85 0 0
-0.147543 0.875 0 0
-0.142286 0.9 0 0
-0.133351 0.925 0 0
-0.136324 0.95 0 0
-0.132761 0.99 0 0
-0.13224 0.99 0 0
0.158421 0.975 0 0
0.234456 0.95 0 0
0.321357 0.925 0 0
0.354937 0.9 0 0
0.367843 0.875 0 0
0.390683 0.85 0 0
0.374091 0.825 0 0
0.347229 0.75 0 0
0.325093 0.725 0 0
0.293441 0.7 0 0
0.258693 0.675 0 0
0.230311 0.65 0 0
0.165014 0.625 0 0
0.121741 0.6 0 0
0.103347 0.575 0 0
0.0774771 0.55 0 0
0.08022 0.525 0 0
0.0365886 0.5 0 0
0.00383286 0.475 0 0
-0.00802286 0.45 0 0
-0.00463857 0.425 0 0
-0.00796571 0.4 0 0
-0.0291629 0.375 0 0
-0.0569029 0.35 0 0
0.0361257 0.325 0 0
0.06153 0.3 0 0
0.0785271 0.275 0 0
0.138154 0.25 0 0
0.164146 0.225 0 0
0.252207 0.2 0 0
0.310144 0.175 0 0
0.377597 0.15 0 0
0.469403 0.125 0 0
0.717779 0.075 0 0
0.871721 0.05 0 0
0.96458 0.025 0 0
1.02771 0.015 0 0
0.972347 0.01 0 0
0.906706 0.0075 0 0
0.746217 0.005 0 0
0.555426 0.0025 0 0
0.261726 0.00125 0 0
-0.173934 0.0005 0 0
-0.90634 0 0 0
-1.85986 0.000714286 0 0
-2.53638 0.00157143 0 0
-2.76613 0.00267857 0 0
-3.04729 0.00464286 0 0
-3.33777 0.00857143 0 0
-3.37867 0.0146429 0 0
-3.36409 0.0242857 0 0
-3.43173 0.0328571 0 0
-3.0938 0.0464286 0 0
-2.89877 0.075 0 0
-2.50456 0.128571 0 0
-2.40192 0.157143 0 0
-2.31683 0.189286 0 0
-2.2379 0.221429 0 0
-2.01177 0.25 0 0
-2.11774 0.278571 0 0
-2.04814 0.332143 0 0
-1.93015 0.385714 0 0
-1.86615 0.414286 0 0
-1.76142 0.442857 0 0
-1.71366 0.471429 0 0
-1.58132 0.5 0 0
-1.46182 0.528571 0 0
-1.36034 0.557143 0 0
-1.23913 0.585714 0 0
-1.10016 0.614286 0 0
-0.983858 0.642857 0 0
-0.88169 0.671429 0 0
-0.783352 0.7 0 0
-0.68105 0.732143 0 0
-0.585734 0.764286 0 0
-0.505812 0.792857 0 0
-0.432313 0.821429 0 0
-0.311005 0.875 0 0
-0.228024 0.928571 0 0
-0.195094 0.957143 0 0
-0.201413 0.985714 0 0
-0.166509 1.01643 0 0
-0.161177 1.04143 0 0
-0.11072 1.06429 0 0
-0.102831 1.08571 0 0
-0.0868533 1.12214 0 0
-0.13224 0.99 0 0
0.158421 0.975 0 0
0.234456 0.95 0 0
0.321357 0.925 0 0
0.354937 0.9 0 0
0.238366 0.875 0 0
0.365835 0.850071 0 0
0.411481 0.825179 0 0
0.426575 0.750357 0 0
0.431695 0.725714 0 0
0.422971 0.701071 0 0
0.3976 0.676429 0 0
0.377127 0.652143 0 0
0.302811 0.628571 0 0
0.246273 0.607143 0 0
0.205887 0.585714 0 0
0.144535 0.567857 0 0
0.134162 0.546429 0 0
0.0808949 0.525 0 0
0.0398624 0.503571 0 0
0.0154266 0.482143 0 0
0.0150977 0.460714 0 0
0.00325244 0.439286 0 0
-0.0203729 0.417857 0 0
-0.051742 0.396429 0 0
0.0279967 0.375 0 0
0.0573639 0.353571 0 0
0.0773892 0.332143 0 0
0.137492 0.310714 0 0
0.163 0.289286 0 0
0.252755 0.267857 0 0
0.315371 0.246429 0 0
0.389057 0.225 0 0
0.480471 0.203571 0 0
0.732542 0.157143 0 0
0.889113 0.135714 0 0
-0.853791 0.125 0 0
-0.118122 0.121929 0 0
0.315167 0.119107 0 0
0.988153 0.114286 0 0
0.60503 0.109643 0 0
0.792659 0.108571 0 0
1.06061 0.107857 0 0
0.948626 0.1075 0 0
1.0093 0.106429 0 0
-1.85986 0.000714286 0 0
-2.53638 0.00157143 0 0
-2.76613 0.00267857 0 0
-3.04729 0.00464286 0 0
-3.33777 0.00857143 0 0
-3.37867 0.0146429 0 0
-3.36409 0.0242857 0 0
-3.43173 0.0328571 0 0
-3.0938 0.0464286 0 0
-2.89877 0.075 0 0
-2.50456 0.128571 0 0
-2.40192 0.157143 0 0
-2.31683 0.189286 0 0
-2.2379 0.221429 0 0
-2.01177 0.25 0 0
-2.11774 0.278571 0 0
-2.04814 0.332143 0 0
-1.93015 0.385714 0 0
-1.86615 0.414286 0 0
-1.76142 0.442857 0 0
-1.71366 0.471429 0 0
-1.58132 0.5 0 0
-1.46182 0.528571 0 0
-1.36034 0.557143 0 0
-1.23913 0.585714 0 0
-1.10016 0.614286 0 0
-0.983858 0.642857 0 0
-0.88169 0.671429 0 0
-0.783352 0.7 0 0
-0.68105 0.732143 0 0
-0.585734 0.764286 0 0
-0.505812 0.792857 0 0
-0.432313 0.821429 0 0
-0.311005 0.875 0 0
-0.228024 0.928571 0 0
-0.195094 0.957143 0 0
-0.201413 0.985714 0 0
-0.166509 1.01643 0 0
-0.161177 1.04143 0 0
-0.11072 1.06429 0 0
-0.102831 1.08571 0 0
-0.0868533 1.12214 0 0
-0.609064 0.991224 0 0
-0.276906 0.975663 0 0
-0.160706 0.950383 0 0
-0.0409829 0.925224 0 0
0.0892429 0.900102 0 0
0.238366 0.875 0 0
0.365835 0.850071 0 0
0.411481 0.825179 0 0
0.426575 0.750357 0 0
0.431695 0.725714 0 0
0.422971 0.701071 0 0
0.3976 0.676429 0 0
0.377127 0.652143 0 0
0.302811 0.628571 0 0
0.246273 0.607143 0 0
0.205887 0.585714 0 0
0.144535 0.567857 0 0
0.134162 0.546429 0 0
0.0808949 0.525 0 0
0.0398624 0.503571 0 0
0.0154266 0.482143 0 0
0.0150977 0.460714 0 0
0.00325244 0.439286 0 0
-0.0203729 0.417857 0 0
-0.051742 0.396429 0 0
0.0279967 0.375 0 0
0.0573639 0.353571 0 0
0.0773892 0.332143 0 0
0.137492 0.310714 0 0
0.163 0.289286 0 0
0.252755 0.267857 0 0
0.315371 0.246429 0 0
0.389057 0.225 0 0
0.480471 0.203571 0 0
0.732542 0.157143 0 0
0.889113 0.135714 0 0
-0.853791 0.125 0 0
-0.118122 0.121929 0 0
0.315167 0.119107 0 0
0.988153 0.114286 0 0
0.60503 0.109643 0 0
0.792659 0.108571 0 0
1.06061 0.107857 0 0
0.948626 0.1075 0 0
1.0093 0.106429 0 0
-1.85986 0.000714286 0 0
-2.53638 0.00157143 0 0
-2.76613 0.00267857 0 0
-3.04729 0.00464286 0 0
-3.33777 0.00857143 0 0
-3.37867 0.0146429 0 0
-3.36409 0.0242857 0 0
-3.43173 0.0328571 0 0
-3.0938 0.0464286 0 0
-2.89877 0.075 0 0
-2.50456 0.128571 0 0
-2.40192 0.157143 0 0
-2.31683 0.189286 0 0
-2.2379 0.221429 0 0
-2.01177 0.25 0 0
-2.11774 0.278571 0 0
-2.04814 0.332143 0 0
-1.93015 0.385714 0 0
-1.86615 0.414286 0 0
-1.76142 0.442857 0 0
-1.71366 0.471429 0 0
-1.58132 0.5 0 0
-1.46182 0.528571 0 0
-1.36034 0.557143 0 0
-1.23913 0.585714 0 0
-1.10016 0.614286 0 0
-0.983858 0.642857 0 0
-0.88169 0.671429 0 0
-0.783352 0.7 0 0
-0.68105 0.732143 0 0
-0.585734 0.764286 0 0
-0.505812 0.792857 0 0
-0.432313 0.821429 0 0
-0.311005 0.875 0 0
-0.228024 0.928571 0 0
-0.195094 0.957143 0 0
-0.201413 0.985714 0 0
-0.166509 1.01643 0 0
-0.161177 1.04143 0 0
-0.11072 1.06429 0 0
-0.102831 1.08571 0 0
-0.0868533 1.12214 0 0
-0.609064 0.991224 0 0
-0.276906 0.975663 0 0
-0.160706 0.950383 0 0
-0.0409829 0.925224 0 0
0.0892429 0.900102 0 0
0.238366 0.875 0 0
0.365835 0.850071 0 0
0.411481 0.825179 0 0
0.426575 0.750357 0 0
0.431695 0.725714 0 0
0.422971 0.701071 0 0
0.3976 0.676429 0 0
0.377127 0.652143 0 0
0.302811 0.628571 0 0
0.246273 0.607143 0 0
0.205887 0.585714 0 0
0.144535 0.567857 0 0
0.134162 0.546429 0 0
0.0808949 0.525 0 0
0.0398624 0.503571 0 0
0.0154266 0.482143 0 0
0.0150977 0.460714 0 0
0.00325244 0.439286 0 0
-0.0203729 0.417857 0 0
-0.051742 0.396429 0 0
0.0279967 0.375 0 0
0.0573639 0.353571 0 0
0.0773892 0.332143 0 0
0.137492 0.310714 0 0
0.163 0.289286 0 0
0.252755 0.267857 0 0
0.315371 0.246429 0 0
0.389057 0.225 0 0
0.480471 0.203571 0 0
0.732542 0.157143 0 0
0.889113 0.135714 0 0
-0.853791 0.125 0 0
-0.118122 0.121929 0 0
0.315167 0.119107 0 0
0.988153 0.114286 0 0
0.60503 0.109643 0 0
0.792659 0.108571 0 0
1.06061 0.107857 0 0
0.948626 0.1075 0 0
1.0093 0.106429 0 0
-1.85986 0.000714286 0 0
-2.53638 0.00157143 0 0
-2.76613 0.00267857 0 0
-3.04729 0.00464286 0 0
-3.33777 0.00857143 0 0
-3.37867 0.0146429 0 0
-3.36409 0.0242857 0 0
-3.43173 0.0328571 0 0
-3.0938 0.0464286 0 0
-2.89877 0.075 0 0
-2.50456 0.128571 0 0
-2.40192 0.157143 0 0
-2.31683 0.189286 0 0
-2.2379 0.221429 0 0
-2.01177 0.25 0 0
-2.11774 0.278571 0 0
-2.04814 0.332143 0 0
-1.93015 0.385714 0 0
-1.86615 0.414286 0 0
-1.76142 0.442857 0 0
-1.71366 0.471429 0 0
-1.58132 0.5 0 0
-1.46182 0.528571 0 0
-1.36034 0.557143 0 0
-1.23913 0.585714 0 0
-1.10016 0.614286 0 0
-0.983858 0.642857 0 0
-0.88169 0.671429 0 0
-0.783352 0.7 0 0
-0.68105 0.732143 0 0
-0.585734 0.764286 0 0
-0.505812 0.792857 0 0
-0.432313 0.821429 0 0
-0.311005 0.875 0 0
-0.228024 0.928571 0 0
-0.195094 0.957143 0 0
-0.201413 0.985714 0 0
-0.166509 1.01643 0 0
-0.161177 1.04143 0 0
-0.11072 1.06429 0 0
-0.102831 1.08571 0 0
-0.0868533 1.12214 0 0
-0.609064 0.991224 0 0
-0.276906 0.975663 0 0
-0.160706 0.950383 0 0
-0.0409829 0.925224 0 0
0.0892429 0.900102 0 0
0.238366 0.875 0 0
0.365835 0.850071 0 0
0.411481 0.825179 0 0
0.426575 0.750357 0 0
0.431695 0.725714 0 0
0.422971 0.701071 0 0
0.3976 0.676429 0 0
0.377127 0.652143 0 0
0.302811 0.628571 0 0
0.246273 0.607143 0 0
0.205887 0.585714 0 0
0.144535 0.567857 0 0
0.134162 0.546429 0 0
0.0808949 0.525 0 0
0.0398624 0.503571 0 0
0.0154266 0.482143 0 0
0.0150977 0.460714 0 0
0.00325244 0.439286 0 0
-0.0203729 0.417857 0 0
-0.051742 0.396429 0 0
0.0279967 0.375 0 0
0.0573639 0.353571 0 0
0.0773892 0.332143 0 0
0.137492 0.310714 0 0
0.163 0.289286 0 0
0.252755 0.267857 0 0
0.315371 0.246429 0 0
0.389057 0.225 0 0
0.480471 0.203571 0 0
0.732542 0.157143 0 0
0.889113 0.135714 0 0
-0.853791 0.125 0 0
-0.118122 0.121929 0 0
0.315167 0.119107 0 0
0.988153 0.114286 0 0
0.60503 0.109643 0 0
0.792659 0.108571 0 0
1.06061 0.107857 0 0
0.948626 0.1075 0 0
1.0093 0.106429 0 0
-1.85986 0.000714286 0 0
-2.53638 0.00157143 0 0
-2.76613 0.00267857 0 0
-3.04729 0.00464286 0 0
-3.33777 0.00857143 0 0
-3.37867 0.0146429 0 0
-3.36409 0.0242857 0 0
-3.43173 0.0328571 0 0
-3.0938 0.0464286 0 0
-2.89877 0.075 0 0
-2.50456 0.128571 0 0
-2.40192 0.157143 0 0
-2.31683 0.189286 0 0
-2.2379 0.221429 0 0
-2.01177 0.25 0 0
-2.11774 0.278571 0 0
-2.04814 0.332143 0 0
-1.93015 0.385714 0 0
-1.86615 0.414286 0 0
-1.76142 0.442857 0 0
-1.71366 0.471429 0 0
-1.58132 0.5 0 0
-1.46182 0.528571 0 0
-1.36034 0.557143 0 0
-1.23913 0.585714 0 0
-1.10016 0.614286 0 0
-0.983858 0.642857 0 0
-0.88169 0.671429 0 0
-0.783352 0.7 0 0
-0.68105 0.732143 0 0
-0.585734 0.764286 0 0
-0.505812 0.792857 0 0
-0.432313 0.821429 0 0
-0.311005 0.875 0 0
-0.228024 0.928571 0 0
-0.195094 0.957143 0 0
-0.201413 0.985714 0 0
-0.166509 1.01643 0 0
-0.161177 1.04143 0 0
-0.11072 1.06429 0 0
-0.102831 1.08571 0 0
-0.0868533 1.12214 0 0
-0.609064 0.991224 0 0
-0.276906 0.975663 0 0
-0.160706 0.950383 0 0
-0.0409829 0.925224 0 0
0.0892429 0.900102 0 0
0.238366 0.875 0 0
0.365835 0.850071 0 0
0.411481 0.825179 0 0
0.426575 0.750357 0 0
0.431695 0.725714 0 0
0.422971 0.701071 0 0
0.3976 0.676429 0 0
0.377127 0.652143 0 0
0.302811 0.628571 0 0
0.246273 0.607143 0 0
0.205887 0.585714 0 0
0.144535 0.567857 0 0
0.134162 0.546429 0 0
0.0808949 0.525 0 0
0.0398624 0.503571 0 0
0.0154266 0.482143 0 0
0.0150977 0.460714 0 0
0.00325244 0.439286 0 0
-0.0203729 0.417857 0 0
-0.051742 0.396429 0 0
0.0279967 0.375 0 0
0.0573639 0.353571 0 0
0.0773892 0.332143 0 0
0.137492 0.310714 0 0
0.163 0.289286 0 0
0.252755 0.267857 0 0
0.315371 0.246429 0 0
0.389057 0.225 0 0
0.480471 0.203571 0 0
0.732542 0.157143 0 0
0.889113 0.135714 0 0
-0.853791 0.125 0 0
-0.118122 0.121929 0 0
0.315167 0.119107 0 0
0.988153 0.114286 0 0
0.60503 0.109643 0 0
0.792659 0.108571 0 0
1.06061 0.107857 0 0
0.948626 0.1075 0 0
1.0093 0.106429 0 0
