0 0 0 0
0 1.28571 0 0
-0.301009 1.42639 0 0.0204286
-0.33307 0.000178571 0 0
0 0 0 0
-1.85986 0.000714286 0 0
-2.53638 0.00157143 0 0
-2.76613 0.00267857 0 0
-3.04729 0.00464286 0 0
-3.33777 0.00857143 0 0
-3.37867 0.0146429 0 0
-3.36409 0.0242857 0 0
-3.43173 0.0328571 0 0
-3.0938 0.0464286 0 0
-2.89877 0.075 0 0
-2.50456 0.128571 0 0
-2.40192 0.157143 0 0
-2.31683 0.189286 0 0
-2.2379 0.221429 0 0
-2.01177 0.25 0 0
-2.11774 0.278571 0 0
-2.04814 0.332143 0 0
-1.93015 0.385714 0 0
-1.86615 0.414286 0 0
-1.76142 0.442857 0 0
-1.71366 0.471429 0 0
-1.58132 0.5 0 0
-1.46182 0.528571 0 0
-1.36034 0.557143 0 0
-1.23913 0.585714 0 0
-1.10016 0.614286 0 0
-0.983858 0.642857 0 0
-0.88169 0.671429 0 0
-0.783352 0.7 0 0
-0.68105 0.732143 0 0
-0.585734 0.764286 0 0
-0.505812 0.792857 0 0
-0.432313 0.821429 0 0
-0.311005 0.875 0 0
-0.228024 0.928571 0 0
-0.195094 0.957143 0 0
-0.201413 0.985714 0 0
-0.166509 1.01643 0 0
-0.161177 1.04143 0 0
-0.11072 1.06429 0 0
-0.102831 1.08571 0 0
-0.0868533 1.12214 0 0
0 0 0 0
-0.853791 0.125 0 0
-0.118122 0.121929 0 0
0.315167 0.119107 0 0
0.60503 0.109643 0 0
0.792659 0.108571 0 0
0.948626 0.1075 0 0
1.0093 0.106429 0 0
1.06061 0.107857 0 0
0.988153 0.114286 0 0
0.889113 0.135714 0 0
0.732542 0.157143 0 0
0.480471 0.203571 0 0
0.389057 0.225 0 0
0.315371 0.246429 0 0
0.252755 0.267857 0 0
0.163 0.289286 0 0
0.137492 0.310714 0 0
0.0773892 0.332143 0 0
0.0573639 0.353571 0 0
0.0279967 0.375 0 0
-0.051742 0.396429 0 0
-0.0203729 0.417857 0 0
0.00325244 0.439286 0 0
0.0150977 0.460714 0 0
0.0154266 0.482143 0 0
0.0398624 0.503571 0 0
0.0808949 0.525 0 0
0.134162 0.546429 0 0
0.144535 0.567857 0 0
0.205887 0.585714 0 0
0.246273 0.607143 0 0
0.302811 0.628571 0 0
0.377127 0.652143 0 0
0.3976 0.676429 0 0
0.422971 0.701071 0 0
0.431695 0.725714 0 0
0.426575 0.750357 0 0
0.411481 0.825179 0 0
0.365835 0.850071 0 0
0.238366 0.875 0 0
0.0892429 0.900102 0 0
-0.0409829 0.925224 0 0
-0.160706 0.950383 0 0
-0.276906 0.975663 0 0
-0.609064 0.991224 0 0
0 0 0 0
0.531647 0.0659694 0 0
0.529874 0.0921939 0 0
0.570496 0.119133 0 0
0.617809 0.148214 0 0
0.660514 0.180867 0 0
0.662039 0.209949 0 0
0.695743 0.239541 0 0
0.703457 0.269133 0 0
0.729683 0.298214 0 0
0.726054 0.327296 0 0
0.724897 0.359949 0 0
0.74672 0.392602 0 0
0.756096 0.421684 0 0
0.780517 0.450765 0 0
0.786057 0.479847 0 0
0.79188 0.508929 0 0
0.817833 0.52801 0 0
0.825376 0.547092 0 0
0.841346 0.566173 0 0
0.873057 0.585255 0 0
0.873907 0.604337 0 0
0.893696 0.623418 0 0
0.85454 0.6425 0 0
0.936024 0.662092 0 0
0.936851 0.681684 0 0
0.956854 0.700765 0 0
0.959935 0.719847 0 0
0.985496 0.7425 0 0
0.996015 0.765153 0 0
0.985709 0.784235 0 0
0.998527 0.803316 0 0
0.990434 0.822704 0 0
0.999833 0.841276 0 0
0.980527 0.859541 0 0
1.00257 0.877601 0 0
1.00432 0.897806 0 0
0.945271 0.888929 0 0
1.02879 0.896786 0 0
1.04147 0.903214 0 0
1.03245 0.909643 0 0
1.04343 0.916071 0 0
1.00996 0.9225 0 0
1.03237 0.928939 0 0
1.01032 0.935383 0 0
0.956822 0.934694 0 0
0.933724 0.941173 0 0
0.91385 0.947653 0 0
0.877757 0.954133 0 0
0.85557 0.960663 0 0
0.849756 0.967296 0 0
0.858909 0.974235 0 0
0.86447 0.981173 0 0
0.883906 0.988622 0 0
0.907543 0.995561 0 0
0.916575 1.0025 0 0
0.94126 1.00944 0 0
0.962061 1.01638 0 0
1.02164 1.02332 0 0
1.0068 1.03026 0 0
0.996425 1.03719 0 0
1.00386 1.04413 0 0
1.00082 1.05107 0 0
1.03059 1.05801 0 0
1.03351 1.06495 0 0
1.03001 1.07189 0 0
1.02408 1.07883 0 0
1.06189 1.08577 0 0
1.05653 1.0927 0 0
1.07144 1.09964 0 0
1.08566 1.10658 0 0
1.13896 1.10995 0 0
1.14514 1.11689 0 0
0.877713 1.12536 0 0
0.987537 1.13492 0 0
1.05638 1.14452 0 0
1.15305 1.15383 0 0
1.11764 1.16816 0 0
1.12997 1.18301 0 0
1.16667 1.19791 0 0
1.14104 1.21286 0 0
1.14813 1.2277 0 0
0.75116 1.2276 0 0
0.658943 1.24272 0 0
0.619853 1.25788 0 0
0.59034 1.27316 0 0
0.535934 1.28872 0 0
0.53482 1.30459 0 0
0.539591 1.32097 0 0
0.525667 1.33719 0 0
0.580193 1.35413 0 0
0.608573 1.37321 0 0
0.644339 1.39587 0 0
0.674066 1.41495 0 0
0.689324 1.43454 0 0
0.700023 1.45413 0 0
0.733893 1.47321 0 0
0.709934 1.5023 0 0
0.735353 1.53495 0 0
0.754429 1.5676 0 0
0.741379 1.59668 0 0
0.755706 1.62577 0 0
0.76544 1.65485 0 0
0.804029 1.68393 0 0
0.770114 1.71301 0 0
0.825727 1.74209 0 0
0.856826 1.77117 0 0
0.84771 1.80026 0 0
0.875539 1.82934 0 0
0.873369 1.85842 0 0
0.906517 1.8875 0 0
0.928833 1.91709 0 0
0 0 0 0
-0.0538889 0.738265 0 0
-0.0873061 1.05485 0 0
-0.100571 1.375 0 0
-0.0308491 1.69515 0 0
-0.0278706 0.136735 0 0
-0.0287733 0.140816 0 0
-0.023787 0.145204 0 0
-0.0230253 0.148776 0 0
-0.0158171 0.152041 0 0
-0.0146901 0.155101 0 0
-0.0124076 0.160306 0 0
-0.0870091 0.141603 0 0
-0.039558 0.13938 0 0
-0.022958 0.135769 0 0
-0.0058547 0.132175 0 0
0.012749 0.128586 0 0
0.0340523 0.125 0 0
0.0522621 0.121439 0 0
0.058783 0.117883 0 0
0.0609393 0.107194 0 0
0.0616707 0.103673 0 0
0.0604244 0.100153 0 0
0.0568 0.0966327 0 0
0.0538753 0.0931633 0 0
0.0432587 0.0897959 0 0
0.0351819 0.0867347 0 0
0.0294124 0.0836734 0 0
0.0206479 0.0811224 0 0
0.019166 0.0780613 0 0
0.0115564 0.075 0 0
0.00569463 0.0719387 0 0
0.0022038 0.0688776 0 0
0.00215681 0.0658163 0 0
0.000464634 0.0627551 0 0
-0.00291041 0.0596939 0 0
-0.00739171 0.0566327 0 0
0.00399953 0.0535714 0 0
0.00819484 0.0505101 0 0
0.0110556 0.047449 0 0
0.0196417 0.0443877 0 0
0.0232857 0.0413266 0 0
0.0361079 0.0382653 0 0
0.045053 0.0352041 0 0
0.0555796 0.0321429 0 0
0.0686387 0.0290816 0 0
0.104649 0.022449 0 0
0.127016 0.0193877 0 0
-0.12197 0.0178571 0 0
-0.0168746 0.0174184 0 0
0.0450239 0.0170153 0 0
0.141165 0.0163266 0 0
0.0864329 0.0156633 0 0
0.113237 0.0155101 0 0
0.151516 0.0154081 0 0
0.135518 0.0153571 0 0
0.144186 0.0152041 0 0
-0.265694 0.000102041 0 0
-0.36234 0.00022449 0 0
-0.395161 0.000382653 0 0
-0.435327 0.000663266 0 0
-0.476824 0.00122449 0 0
-0.482667 0.00209184 0 0
-0.480584 0.00346939 0 0
-0.490247 0.00469387 0 0
-0.441971 0.00663266 0 0
-0.41411 0.0107143 0 0
-0.357794 0.0183673 0 0
-0.343131 0.022449 0 0
-0.330976 0.0270409 0 0
-0.3197 0.0316327 0 0
-0.287396 0.0357143 0 0
-0.302534 0.0397959 0 0
-0.292591 0.047449 0 0
-0.275736 0.055102 0 0
-0.266593 0.0591837 0 0
-0.251631 0.0632653 0 0
-0.244809 0.067347 0 0
-0.225903 0.0714286 0 0
-0.208831 0.0755101 0 0
-0.194334 0.0795919 0 0
-0.177019 0.0836734 0 0
-0.157166 0.0877551 0 0
-0.140551 0.0918367 0 0
-0.125956 0.0959184 0 0
-0.111907 0.1 0 0
-0.0972929 0.104592 0 0
-0.0836763 0.109184 0 0
-0.0722589 0.113265 0 0
-0.061759 0.117347 0 0
-0.0444293 0.125 0 0
-0.0325749 0.132653 0 0
-0.0278706 0.136735 0 0
-0.0287733 0.140816 0 0
-0.023787 0.145204 0 0
-0.0230253 0.148776 0 0
-0.0158171 0.152041 0 0
-0.0146901 0.155101 0 0
-0.0124076 0.160306 0 0
-0.0870091 0.141603 0 0
-0.039558 0.13938 0 0
-0.022958 0.135769 0 0
-0.0058547 0.132175 0 0
0.012749 0.128586 0 0
0.0340523 0.125 0 0
0.0522621 0.121439 0 0
0.058783 0.117883 0 0
0.0609393 0.107194 0 0
0.0616707 0.103673 0 0
0.0604244 0.100153 0 0
0.0568 0.0966327 0 0
0.0538753 0.0931633 0 0
0.0432587 0.0897959 0 0
0.0351819 0.0867347 0 0
0.0294124 0.0836734 0 0
0.0206479 0.0811224 0 0
0.019166 0.0780613 0 0
0.0115564 0.075 0 0
0.00569463 0.0719387 0 0
0.0022038 0.0688776 0 0
0.00215681 0.0658163 0 0
0.000464634 0.0627551 0 0
-0.00291041 0.0596939 0 0
-0.00739171 0.0566327 0 0
0.00399953 0.0535714 0 0
0.00819484 0.0505101 0 0
0.0110556 0.047449 0 0
0.0196417 0.0443877 0 0
0.0232857 0.0413266 0 0
0.0361079 0.0382653 0 0
0.045053 0.0352041 0 0
0.0555796 0.0321429 0 0
0.0686387 0.0290816 0 0
0.104649 0.022449 0 0
0.127016 0.0193877 0 0
-0.12197 0.0178571 0 0
-0.0168746 0.0174184 0 0
0.0450239 0.0170153 0 0
0.141165 0.0163266 0 0
0.0864329 0.0156633 0 0
0.113237 0.0155101 0 0
0.151516 0.0154081 0 0
0.135518 0.0153571 0 0
0.144186 0.0152041 0 0
-0.265694 0.000102041 0 0
-0.36234 0.00022449 0 0
-0.395161 0.000382653 0 0
-0.435327 0.000663266 0 0
-0.476824 0.00122449 0 0
-0.482667 0.00209184 0 0
-0.480584 0.00346939 0 0
-0.490247 0.00469387 0 0
-0.441971 0.00663266 0 0
-0.41411 0.0107143 0 0
-0.357794 0.0183673 0 0
-0.343131 0.022449 0 0
-0.330976 0.0270409 0 0
-0.3197 0.0316327 0 0
-0.287396 0.0357143 0 0
-0.302534 0.0397959 0 0
-0.292591 0.047449 0 0
-0.275736 0.055102 0 0
-0.266593 0.0591837 0 0
-0.251631 0.0632653 0 0
-0.244809 0.067347 0 0
-0.225903 0.0714286 0 0
-0.208831 0.0755101 0 0
-0.194334 0.0795919 0 0
-0.177019 0.0836734 0 0
-0.157166 0.0877551 0 0
-0.140551 0.0918367 0 0
-0.125956 0.0959184 0 0
-0.111907 0.1 0 0
-0.0972929 0.104592 0 0
-0.0836763 0.109184 0 0
-0.0722589 0.113265 0 0
-0.061759 0.117347 0 0
-0.0444293 0.125 0 0
-0.0325749 0.132653 0 0
-0.0278706 0.136735 0 0
-0.0287733 0.140816 0 0
-0.023787 0.145204 0 0
-0.0230253 0.148776 0 0
-0.0158171 0.152041 0 0
-0.0146901 0.155101 0 0
-0.0124076 0.160306 0 0
-0.0870091 0.141603 0 0
-0.039558 0.13938 0 0
-0.022958 0.135769 0 0
-0.0058547 0.132175 0 0
0.012749 0.128586 0 0
0.0340523 0.125 0 0
0.0522621 0.121439 0 0
0.058783 0.117883 0 0
0.0609393 0.107194 0 0
0.0616707 0.103673 0 0
0.0604244 0.100153 0 0
0.0568 0.0966327 0 0
0.0538753 0.0931633 0 0
0.0432587 0.0897959 0 0
0.0351819 0.0867347 0 0
0.0294124 0.0836734 0 0
0.0206479 0.0811224 0 0
0.019166 0.0780613 0 0
0.0115564 0.075 0 0
0.00569463 0.0719387 0 0
0.0022038 0.0688776 0 0
0.00215681 0.0658163 0 0
0.000464634 0.0627551 0 0
-0.00291041 0.0596939 0 0
-0.00739171 0.0566327 0 0
0.00399953 0.0535714 0 0
0.00819484 0.0505101 0 0
0.0110556 0.047449 0 0
0.0196417 0.0443877 0 0
0.0232857 0.0413266 0 0
0.0361079 0.0382653 0 0
0.045053 0.0352041 0 0
0.0555796 0.0321429 0 0
0.0686387 0.0290816 0 0
0.104649 0.022449 0 0
0.127016 0.0193877 0 0
-0.12197 0.0178571 0 0
-0.0168746 0.0174184 0 0
0.0450239 0.0170153 0 0
0.141165 0.0163266 0 0
0.0864329 0.0156633 0 0
0.113237 0.0155101 0 0
0.151516 0.0154081 0 0
0.135518 0.0153571 0 0
0.144186 0.0152041 0 0
7
