-3.18179 0 0 0
-3.93809 0.0005 0 0
-4.09965 0.00125 0 0
-4.30143 0.0025 0 0
-4.52475 0.005 0 0
-4.49948 0.0075 0 0
-4.33747 0.01 0 0
-4.3017 0.015 0 0
-3.75468 0.025 0 0
-3.59522 0.05 0 0
-2.50473 0.1 0 0
-2.27966 0.125 0 0
-2.09296 0.15 0 0
-1.96281 0.175 0 0
-1.69444 0.2 0 0
-1.70378 0.225 0 0
-1.44713 0.275 0 0
-1.13234 0.325 0 0
-0.96273 0.35 0 0
-0.783318 0.375 0 0
-0.664452 0.4 0 0
-0.549802 0.425 0 0
-0.504595 0.45 0 0
-0.491842 0.475 0 0
-0.481548 0.5 0 0
-0.474897 0.525 0 0
-0.486493 0.55 0 0
-0.48581 0.575 0 0
-0.494665 0.6 0 0
-0.509768 0.625 0 0
-0.507085 0.65 0 0
-0.51478 0.675 0 0
-0.515732 0.7 0 0
-0.520745 0.75 0 0
-0.520463 0.8 0 0
-0.517517 0.825 0 0
-0.545517 0.85 0 0
-0.527808 0.875 0 0
-0.534595 0.9 0 0
-0.534943 0.925 0 0
-0.541188 0.95 0 0
-0.523763 0.99 0 0
-0.541058 0.99 0 0
-0.084145 0.975 0 0
0.0394017 0.95 0 0
0.167613 0.925 0 0
0.22225 0.9 0 0
0.251485 0.875 0 0
0.289515 0.85 0 0
0.280315 0.825 0 0
0.290137 0.75 0 0
0.254763 0.725 0 0
0.18271 0.7 0 0
0.16124 0.675 0 0
0.125755 0.65 0 0
0.137008 0.625 0 0
0.13042 0.6 0 0
0.104475 0.575 0 0
0.0775733 0.55 0 0
0.0827933 0.525 0 0
0.0458633 0.5 0 0
0.0237683 0.475 0 0
0.0281617 0.45 0 0
0.0473117 0.425 0 0
0.0593267 0.4 0 0
0.0547267 0.375 0 0
0.0407233 0.35 0 0
0.151437 0.325 0 0
0.190628 0.3 0 0
0.224542 0.275 0 0
0.302098 0.25 0 0
0.339773 0.225 0 0
0.437242 0.2 0 0
0.506217 0.175 0 0
0.581782 0.15 0 0
0.678903 0.125 0 0
0.907317 0.075 0 0
1.00916 0.05 0 0
1.01979 0.025 0 0
0.9799 0.015 0 0
0.696268 0.01 0 0
0.461237 0.0075 0 0
0.103558 0.005 0 0
-0.247458 0.0025 0 0
-0.749345 0.00125 0 0
-1.46071 0.0005 0 0
-2.50991 0 0 0
-3.93591 0.000833333 0 0
-4.68801 0.00175 0 0
-4.82256 0.00291667 0 0
-5.01838 0.005 0 0
-5.15053 0.00916667 0 0
-5.09868 0.0158333 0 0
-4.75493 0.0266667 0 0
-4.68164 0.0358333 0 0
-4.10351 0.05 0 0
-3.92236 0.0791667 0 0
-2.78714 0.133333 0 0
-2.56363 0.1625 0 0
-2.33414 0.195833 0 0
-2.15153 0.229167 0 0
-1.8549 0.258333 0 0
-1.83433 0.2875 0 0
-1.55787 0.341667 0 0
-1.22398 0.395833 0 0
-1.04683 0.425 0 0
-0.865292 0.454167 0 0
-0.74471 0.483333 0 0
-0.628951 0.5125 0 0
-0.585677 0.541667 0 0
-0.57281 0.570833 0 0
-0.563992 0.6 0 0
-0.559858 0.629167 0 0
-0.571008 0.658333 0 0
-0.571607 0.6875 0 0
-0.58062 0.716667 0 0
-0.596559 0.75 0 0
-0.593829 0.783333 0 0
-0.601033 0.8125 0 0
-0.606651 0.841667 0 0
-0.608713 0.895833 0 0
-0.609563 0.95 0 0
-0.606674 0.979167 0 0
-0.635715 1.00833 0 0
-0.615102 1.04 0 0
-0.624771 1.065 0 0
-0.548967 1.0875 0 0
-0.534621 1.10833 0 0
-0.495828 1.14417 0 0
-0.541058 0.99 0 0
-0.084145 0.975 0 0
0.0394017 0.95 0 0
0.167613 0.925 0 0
0.22225 0.9 0 0
-0.166833 0.875 0 0
0.0460633 0.850083 0 0
0.155424 0.825208 0 0
0.248894 0.750417 0 0
0.272023 0.725833 0 0
0.259583 0.70125 0 0
0.277285 0.676667 0 0
0.289072 0.6525 0 0
0.306973 0.629167 0 0
0.298613 0.608333 0 0
0.255694 0.5875 0 0
0.190724 0.570833 0 0
0.179757 0.55 0 0
0.130233 0.529167 0 0
0.096642 0.508333 0 0
0.0847905 0.4875 0 0
0.0976613 0.466667 0 0
0.0967503 0.445833 0 0
0.086498 0.425 0 0
0.0659628 0.404167 0 0
0.158224 0.383333 0 0
0.199749 0.3625 0 0
0.234429 0.341667 0 0
0.309984 0.320833 0 0
0.344467 0.3 0 0
0.441203 0.279167 0 0
0.513861 0.258333 0 0
0.595581 0.2375 0 0
0.691832 0.216667 0 0
0.924729 0.170833 0 0
1.0309 0.15 0 0
-2.468 0.145833 0 0
-1.41246 0.142167 0 0
-0.702626 0.13875 0 0
1.04263 0.129167 0 0
-0.199102 0.1275 0 0
0.146019 0.125833 0 0
0.491688 0.124167 0 0
1.00086 0.123333 0 0
0.723142 0.1225 0 0
-3.93591 0.000833333 0 0
-4.68801 0.00175 0 0
-4.82256 0.00291667 0 0
-5.01838 0.005 0 0
-5.15053 0.00916667 0 0
-5.09868 0.0158333 0 0
-4.75493 0.0266667 0 0
-4.68164 0.0358333 0 0
-4.10351 0.05 0 0
-3.92236 0.0791667 0 0
-2.78714 0.133333 0 0
-2.56363 0.1625 0 0
-2.33414 0.195833 0 0
-2.15153 0.229167 0 0
-1.8549 0.258333 0 0
-1.83433 0.2875 0 0
-1.55787 0.341667 0 0
-1.22398 0.395833 0 0
-1.04683 0.425 0 0
-0.865292 0.454167 0 0
-0.74471 0.483333 0 0
-0.628951 0.5125 0 0
-0.585677 0.541667 0 0
-0.57281 0.570833 0 0
-0.563992 0.6 0 0
-0.559858 0.629167 0 0
-0.571008 0.658333 0 0
-0.571607 0.6875 0 0
-0.58062 0.716667 0 0
-0.596559 0.75 0 0
-0.593829 0.783333 0 0
-0.601033 0.8125 0 0
-0.606651 0.841667 0 0
-0.608713 0.895833 0 0
-0.609563 0.95 0 0
-0.606674 0.979167 0 0
-0.635715 1.00833 0 0
-0.615102 1.04 0 0
-0.624771 1.065 0 0
-0.548967 1.0875 0 0
-0.534621 1.10833 0 0
-0.495828 1.14417 0 0
-1.39948 0.991528 0 0
-0.920542 0.975833 0 0
-0.764358 0.950486 0 0
-0.613722 0.925292 0 0
-0.433735 0.900139 0 0
-0.166833 0.875 0 0
0.0460633 0.850083 0 0
0.155424 0.825208 0 0
0.248894 0.750417 0 0
0.272023 0.725833 0 0
0.259583 0.70125 0 0
0.277285 0.676667 0 0
0.289072 0.6525 0 0
0.306973 0.629167 0 0
0.298613 0.608333 0 0
0.255694 0.5875 0 0
0.190724 0.570833 0 0
0.179757 0.55 0 0
0.130233 0.529167 0 0
0.096642 0.508333 0 0
0.0847905 0.4875 0 0
0.0976613 0.466667 0 0
0.0967503 0.445833 0 0
0.086498 0.425 0 0
0.0659628 0.404167 0 0
0.158224 0.383333 0 0
0.199749 0.3625 0 0
0.234429 0.341667 0 0
0.309984 0.320833 0 0
0.344467 0.3 0 0
0.441203 0.279167 0 0
0.513861 0.258333 0 0
0.595581 0.2375 0 0
0.691832 0.216667 0 0
0.924729 0.170833 0 0
1.0309 0.15 0 0
-2.468 0.145833 0 0
-1.41246 0.142167 0 0
-0.702626 0.13875 0 0
1.04263 0.129167 0 0
-0.199102 0.1275 0 0
0.146019 0.125833 0 0
0.491688 0.124167 0 0
1.00086 0.123333 0 0
0.723142 0.1225 0 0
-3.93591 0.000833333 0 0
-4.68801 0.00175 0 0
-4.82256 0.00291667 0 0
-5.01838 0.005 0 0
-5.15053 0.00916667 0 0
-5.09868 0.0158333 0 0
-4.75493 0.0266667 0 0
-4.68164 0.0358333 0 0
-4.10351 0.05 0 0
-3.92236 0.0791667 0 0
-2.78714 0.133333 0 0
-2.56363 0.1625 0 0
-2.33414 0.195833 0 0
-2.15153 0.229167 0 0
-1.8549 0.258333 0 0
-1.83433 0.2875 0 0
-1.55787 0.341667 0 0
-1.22398 0.395833 0 0
-1.04683 0.425 0 0
-0.865292 0.454167 0 0
-0.74471 0.483333 0 0
-0.628951 0.5125 0 0
-0.585677 0.541667 0 0
-0.57281 0.570833 0 0
-0.563992 0.6 0 0
-0.559858 0.629167 0 0
-0.571008 0.658333 0 0
-0.571607 0.6875 0 0
-0.58062 0.716667 0 0
-0.596559 0.75 0 0
-0.593829 0.783333 0 0
-0.601033 0.8125 0 0
-0.606651 0.841667 0 0
-0.608713 0.895833 0 0
-0.609563 0.95 0 0
-0.606674 0.979167 0 0
-0.635715 1.00833 0 0
-0.615102 1.04 0 0
-0.624771 1.065 0 0
-0.548967 1.0875 0 0
-0.534621 1.10833 0 0
-0.495828 1.14417 0 0
-1.39948 0.991528 0 0
-0.920542 0.975833 0 0
-0.764358 0.950486 0 0
-0.613722 0.925292 0 0
-0.433735 0.900139 0 0
-0.166833 0.875 0 0
0.0460633 0.850083 0 0
0.155424 0.825208 0 0
0.248894 0.750417 0 0
0.272023 0.725833 0 0
0.259583 0.70125 0 0
0.277285 0.676667 0 0
0.289072 0.6525 0 0
0.306973 0.629167 0 0
0.298613 0.608333 0 0
0.255694 0.5875 0 0
0.190724 0.570833 0 0
0.179757 0.55 0 0
0.130233 0.529167 0 0
0.096642 0.508333 0 0
0.0847905 0.4875 0 0
0.0976613 0.466667 0 0
0.0967503 0.445833 0 0
0.086498 0.425 0 0
0.0659628 0.404167 0 0
0.158224 0.383333 0 0
0.199749 0.3625 0 0
0.234429 0.341667 0 0
0.309984 0.320833 0 0
0.344467 0.3 0 0
0.441203 0.279167 0 0
0.513861 0.258333 0 0
0.595581 0.2375 0 0
0.691832 0.216667 0 0
0.924729 0.170833 0 0
1.0309 0.15 0 0
-2.468 0.145833 0 0
-1.41246 0.142167 0 0
-0.702626 0.13875 0 0
1.04263 0.129167 0 0
-0.199102 0.1275 0 0
0.146019 0.125833 0 0
0.491688 0.124167 0 0
1.00086 0.123333 0 0
0.723142 0.1225 0 0
-3.93591 0.000833333 0 0
-4.68801 0.00175 0 0
-4.82256 0.00291667 0 0
-5.01838 0.005 0 0
-5.15053 0.00916667 0 0
-5.09868 0.0158333 0 0
-4.75493 0.0266667 0 0
-4.68164 0.0358333 0 0
-4.10351 0.05 0 0
-3.92236 0.0791667 0 0
-2.78714 0.133333 0 0
-2.56363 0.1625 0 0
-2.33414 0.195833 0 0
-2.15153 0.229167 0 0
-1.8549 0.258333 0 0
-1.83433 0.2875 0 0
-1.55787 0.341667 0 0
-1.22398 0.395833 0 0
-1.04683 0.425 0 0
-0.865292 0.454167 0 0
-0.74471 0.483333 0 0
-0.628951 0.5125 0 0
-0.585677 0.541667 0 0
-0.57281 0.570833 0 0
-0.563992 0.6 0 0
-0.559858 0.629167 0 0
-0.571008 0.658333 0 0
-0.571607 0.6875 0 0
-0.58062 0.716667 0 0
-0.596559 0.75 0 0
-0.593829 0.783333 0 0
-0.601033 0.8125 0 0
-0.606651 0.841667 0 0
-0.608713 0.895833 0 0
-0.609563 0.95 0 0
-0.606674 0.979167 0 0
-0.635715 1.00833 0 0
-0.615102 1.04 0 0
-0.624771 1.065 0 0
-0.548967 1.0875 0 0
-0.534621 1.10833 0 0
-0.495828 1.14417 0 0
-1.39948 0.991528 0 0
-0.920542 0.975833 0 0
-0.764358 0.950486 0 0
-0.613722 0.925292 0 0
-0.433735 0.900139 0 0
-0.166833 0.875 0 0
0.0460633 0.850083 0 0
0.155424 0.825208 0 0
0.248894 0.750417 0 0
0.272023 0.725833 0 0
0.259583 0.70125 0 0
0.277285 0.676667 0 0
0.289072 0.6525 0 0
0.306973 0.629167 0 0
0.298613 0.608333 0 0
0.255694 0.5875 0 0
0.190724 0.570833 0 0
0.179757 0.55 0 0
0.130233 0.529167 0 0
0.096642 0.508333 0 0
0.0847905 0.4875 0 0
0.0976613 0.466667 0 0
0.0967503 0.445833 0 0
0.086498 0.425 0 0
0.0659628 0.404167 0 0
0.158224 0.383333 0 0
0.199749 0.3625 0 0
0.234429 0.341667 0 0
0.309984 0.320833 0 0
0.344467 0.3 0 0
0.441203 0.279167 0 0
0.513861 0.258333 0 0
0.595581 0.2375 0 0
0.691832 0.216667 0 0
0.924729 0.170833 0 0
1.0309 0.15 0 0
-2.468 0.145833 0 0
-1.41246 0.142167 0 0
-0.702626 0.13875 0 0
1.04263 0.129167 0 0
-0.199102 0.1275 0 0
0.146019 0.125833 0 0
0.491688 0.124167 0 0
1.00086 0.123333 0 0
0.723142 0.1225 0 0
-3.93591 0.000833333 0 0
-4.68801 0.00175 0 0
-4.82256 0.00291667 0 0
-5.01838 0.005 0 0
-5.15053 0.00916667 0 0
-5.09868 0.0158333 0 0
-4.75493 0.0266667 0 0
-4.68164 0.0358333 0 0
-4.10351 0.05 0 0
-3.92236 0.0791667 0 0
-2.78714 0.133333 0 0
-2.56363 0.1625 0 0
-2.33414 0.195833 0 0
-2.15153 0.229167 0 0
-1.8549 0.258333 0 0
-1.83433 0.2875 0 0
-1.55787 0.341667 0 0
-1.22398 0.395833 0 0
-1.04683 0.425 0 0
-0.865292 0.454167 0 0
-0.74471 0.483333 0 0
-0.628951 0.5125 0 0
-0.585677 0.541667 0 0
-0.57281 0.570833 0 0
-0.563992 0.6 0 0
-0.559858 0.629167 0 0
-0.571008 0.658333 0 0
-0.571607 0.6875 0 0
-0.58062 0.716667 0 0
-0.596559 0.75 0 0
-0.593829 0.783333 0 0
-0.601033 0.8125 0 0
-0.606651 0.841667 0 0
-0.608713 0.895833 0 0
-0.609563 0.95 0 0
-0.606674 0.979167 0 0
-0.635715 1.00833 0 0
-0.615102 1.04 0 0
-0.624771 1.065 0 0
-0.548967 1.0875 0 0
-0.534621 1.10833 0 0
-0.495828 1.14417 0 0
-1.39948 0.991528 0 0
-0.920542 0.975833 0 0
-0.764358 0.950486 0 0
-0.613722 0.925292 0 0
-0.433735 0.900139 0 0
-0.166833 0.875 0 0
0.0460633 0.850083 0 0
0.155424 0.825208 0 0
0.248894 0.750417 0 0
0.272023 0.725833 0 0
0.259583 0.70125 0 0
0.277285 0.676667 0 0
0.289072 0.6525 0 0
0.306973 0.629167 0 0
0.298613 0.608333 0 0
0.255694 0.5875 0 0
0.190724 0.570833 0 0
0.179757 0.55 0 0
0.130233 0.529167 0 0
0.096642 0.508333 0 0
0.0847905 0.4875 0 0
0.0976613 0.466667 0 0
0.0967503 0.445833 0 0
0.086498 0.425 0 0
0.0659628 0.404167 0 0
0.158224 0.383333 0 0
0.199749 0.3625 0 0
0.234429 0.341667 0 0
0.309984 0.320833 0 0
0.344467 0.3 0 0
0.441203 0.279167 0 0
0.513861 0.258333 0 0
0.595581 0.2375 0 0
0.691832 0.216667 0 0
0.924729 0.170833 0 0
1.0309 0.15 0 0
-2.468 0.145833 0 0
-1.41246 0.142167 0 0
-0.702626 0.13875 0 0
1.04263 0.129167 0 0
-0.199102 0.1275 0 0
0.146019 0.125833 0 0
0.491688 0.124167 0 0
1.00086 0.123333 0 0
0.723142 0.1225 0 0
