0 0 0 0
0 2.66667 0 0
-0.656348 1.39728 0 0.145333
-0.683275 0.000208333 0 0
0 0 0 0
-3.93591 0.000833333 0 0
-4.68801 0.00175 0 0
-4.82256 0.00291667 0 0
-5.01838 0.005 0 0
-5.15053 0.00916667 0 0
-5.09868 0.0158333 0 0
-4.75493 0.0266667 0 0
-4.68164 0.0358333 0 0
-4.10351 0.05 0 0
-3.92236 0.0791667 0 0
-2.78714 0.133333 0 0
-2.56363 0.1625 0 0
-2.33414 0.195833 0 0
-2.15153 0.229167 0 0
-1.8549 0.258333 0 0
-1.83433 0.2875 0 0
-1.55787 0.341667 0 0
-1.22398 0.395833 0 0
-1.04683 0.425 0 0
-0.865292 0.454167 0 0
-0.74471 0.483333 0 0
-0.628951 0.5125 0 0
-0.585677 0.541667 0 0
-0.57281 0.570833 0 0
-0.563992 0.6 0 0
-0.559858 0.629167 0 0
-0.571008 0.658333 0 0
-0.571607 0.6875 0 0
-0.58062 0.716667 0 0
-0.596559 0.75 0 0
-0.593829 0.783333 0 0
-0.601033 0.8125 0 0
-0.606651 0.841667 0 0
-0.608713 0.895833 0 0
-0.609563 0.95 0 0
-0.606674 0.979167 0 0
-0.635715 1.00833 0 0
-0.615102 1.04 0 0
-0.624771 1.065 0 0
-0.548967 1.0875 0 0
-0.534621 1.10833 0 0
-0.495828 1.14417 0 0
0 0 0 0
-2.468 0.145833 0 0
-1.41246 0.142167 0 0
-0.702626 0.13875 0 0
-0.199102 0.1275 0 0
0.146019 0.125833 0 0
0.491688 0.124167 0 0
0.723142 0.1225 0 0
1.00086 0.123333 0 0
1.04263 0.129167 0 0
1.0309 0.15 0 0
0.924729 0.170833 0 0
0.691832 0.216667 0 0
0.595581 0.2375 0 0
0.513861 0.258333 0 0
0.441203 0.279167 0 0
0.344467 0.3 0 0
0.309984 0.320833 0 0
0.234429 0.341667 0 0
0.199749 0.3625 0 0
0.158224 0.383333 0 0
0.0659628 0.404167 0 0
0.086498 0.425 0 0
0.0967503 0.445833 0 0
0.0976613 0.466667 0 0
0.0847905 0.4875 0 0
0.096642 0.508333 0 0
0.130233 0.529167 0 0
0.179757 0.55 0 0
0.190724 0.570833 0 0
0.255694 0.5875 0 0
0.298613 0.608333 0 0
0.306973 0.629167 0 0
0.289072 0.6525 0 0
0.277285 0.676667 0 0
0.259583 0.70125 0 0
0.272023 0.725833 0 0
0.248894 0.750417 0 0
0.155424 0.825208 0 0
0.0460633 0.850083 0 0
-0.166833 0.875 0 0
-0.433735 0.900139 0 0
-0.613722 0.925292 0 0
-0.764358 0.950486 0 0
-0.920542 0.975833 0 0
-1.39948 0.991528 0 0
0 0 0 0
0.218103 0.0669445 0 0
0.239723 0.0934722 0 0
0.329763 0.120833 0 0
0.378498 0.150694 0 0
0.553473 0.184722 0 0
0.57769 0.214583 0 0
0.636325 0.245139 0 0
0.665807 0.275695 0 0
0.708993 0.305555 0 0
0.720173 0.335417 0 0
0.753623 0.369445 0 0
0.819022 0.403472 0 0
0.849578 0.433333 0 0
0.889716 0.463195 0 0
0.906107 0.493056 0 0
0.911325 0.522917 0 0
0.928082 0.542778 0 0
0.92494 0.562639 0 0
0.919825 0.5825 0 0
0.936219 0.602361 0 0
0.921395 0.622222 0 0
0.925067 0.642083 0 0
0.8677 0.661945 0 0
0.933679 0.6825 0 0
0.921777 0.703055 0 0
0.927164 0.722917 0 0
0.913316 0.742778 0 0
0.918403 0.766806 0 0
0.912851 0.790833 0 0
0.895893 0.810694 0 0
0.895664 0.830555 0 0
0.885083 0.850833 0 0
0.877935 0.87 0 0
0.849924 0.88875 0 0
0.864858 0.907222 0 0
0.849297 0.928195 0 0
0.774304 0.9125 0 0
0.870613 0.92 0 0
0.872697 0.925833 0 0
0.874566 0.931667 0 0
0.880645 0.9375 0 0
0.780586 0.943333 0 0
0.817427 0.949181 0 0
0.810347 0.955035 0 0
0.763939 0.952569 0 0
0.760032 0.958472 0 0
0.750545 0.964375 0 0
0.722276 0.970278 0 0
0.709685 0.97625 0 0
0.69126 0.982361 0 0
0.681489 0.988889 0 0
0.646304 0.995417 0 0
0.639796 1.00264 0 0
0.630489 1.00917 0 0
0.601715 1.01569 0 0
0.592922 1.02222 0 0
0.591512 1.02875 0 0
0.642127 1.03528 0 0
0.619405 1.04181 0 0
0.599898 1.04833 0 0
0.606417 1.05486 0 0
0.603762 1.06139 0 0
0.626138 1.06792 0 0
0.647246 1.07444 0 0
0.658659 1.08097 0 0
0.671893 1.0875 0 0
0.714982 1.09403 0 0
0.74061 1.10056 0 0
0.757245 1.10708 0 0
0.775477 1.11361 0 0
0.851957 1.11597 0 0
0.863055 1.1225 0 0
0.27422 1.13181 0 0
0.474325 1.14119 0 0
0.618719 1.15062 0 0
0.932398 1.15903 0 0
0.757503 1.17375 0 0
0.829167 1.18847 0 0
0.914786 1.20319 0 0
1.00742 1.21806 0 0
0.972902 1.23292 0 0
0.2273 1.22764 0 0
0.113145 1.24279 0 0
0.109455 1.25799 0 0
0.0945133 1.27333 0 0
0.0805967 1.28903 0 0
0.104062 1.30514 0 0
0.181123 1.32194 0 0
0.19801 1.33847 0 0
0.305348 1.35583 0 0
0.346788 1.37569 0 0
0.521562 1.39972 0 0
0.580262 1.41958 0 0
0.630643 1.44014 0 0
0.657768 1.46069 0 0
0.710518 1.48056 0 0
0.705013 1.51042 0 0
0.769208 1.54444 0 0
0.825815 1.57847 0 0
0.834343 1.60833 0 0
0.860203 1.63819 0 0
0.883252 1.66806 0 0
0.92416 1.69792 0 0
0.880929 1.72778 0 0
0.923777 1.75764 0 0
0.940135 1.7875 0 0
0.908905 1.81736 0 0
0.91736 1.84722 0 0
0.903254 1.87708 0 0
0.92268 1.90694 0 0
0.927298 1.9375 0 0
0 0 0 0
-0.114504 0.760417 0 0
-0.259102 1.07778 0 0
-0.210441 1.39931 0 0
-0.116134 1.72083 0 0
-0.101112 0.163194 0 0
-0.105953 0.168055 0 0
-0.102517 0.173333 0 0
-0.104128 0.1775 0 0
-0.0914945 0.18125 0 0
-0.0891035 0.184722 0 0
-0.082638 0.190695 0 0
-0.233247 0.165255 0 0
-0.153424 0.162639 0 0
-0.127393 0.158414 0 0
-0.102287 0.154215 0 0
-0.0722892 0.150023 0 0
-0.0278055 0.145833 0 0
0.00767722 0.141681 0 0
0.025904 0.137535 0 0
0.0414823 0.12507 0 0
0.0453372 0.120972 0 0
0.0432638 0.116875 0 0
0.0462142 0.112778 0 0
0.0481787 0.10875 0 0
0.0511622 0.104861 0 0
0.0497688 0.101389 0 0
0.0426157 0.0979167 0 0
0.0317873 0.0951388 0 0
0.0299595 0.0916667 0 0
0.0217055 0.0881945 0 0
0.016107 0.0847222 0 0
0.0141318 0.08125 0 0
0.0162769 0.0777778 0 0
0.016125 0.0743055 0 0
0.0144163 0.0708333 0 0
0.0109938 0.0673612 0 0
0.0263707 0.0638888 0 0
0.0332915 0.0604167 0 0
0.0390715 0.0569445 0 0
0.051664 0.0534722 0 0
0.0574112 0.05 0 0
0.0735338 0.0465278 0 0
0.0856435 0.0430555 0 0
0.0992635 0.0395833 0 0
0.115305 0.0361112 0 0
0.154121 0.0284722 0 0
0.171817 0.025 0 0
-0.411333 0.0243055 0 0
-0.23541 0.0236945 0 0
-0.117104 0.023125 0 0
0.173772 0.0215278 0 0
-0.0331837 0.02125 0 0
0.0243365 0.0209722 0 0
0.081948 0.0206945 0 0
0.16681 0.0205555 0 0
0.120524 0.0204167 0 0
-0.655985 0.000138889 0 0
-0.781335 0.000291667 0 0
-0.80376 0.000486112 0 0
-0.836397 0.000833333 0 0
-0.858422 0.00152778 0 0
-0.84978 0.00263888 0 0
-0.792488 0.00444445 0 0
-0.780273 0.00597222 0 0
-0.683918 0.00833333 0 0
-0.653727 0.0131945 0 0
-0.464523 0.0222222 0 0
-0.427272 0.0270833 0 0
-0.389023 0.0326388 0 0
-0.358588 0.0381945 0 0
-0.30915 0.0430555 0 0
-0.305722 0.0479167 0 0
-0.259645 0.0569445 0 0
-0.203997 0.0659722 0 0
-0.174472 0.0708333 0 0
-0.144215 0.0756945 0 0
-0.124118 0.0805555 0 0
-0.104825 0.0854167 0 0
-0.0976128 0.0902778 0 0
-0.0954683 0.0951388 0 0
-0.0939987 0.1 0 0
-0.0933097 0.104861 0 0
-0.095168 0.109722 0 0
-0.0952678 0.114583 0 0
-0.09677 0.119445 0 0
-0.0994265 0.125 0 0
-0.0989715 0.130555 0 0
-0.100172 0.135417 0 0
-0.101109 0.140278 0 0
-0.101452 0.149306 0 0
-0.101594 0.158333 0 0
-0.101112 0.163194 0 0
-0.105953 0.168055 0 0
-0.102517 0.173333 0 0
-0.104128 0.1775 0 0
-0.0914945 0.18125 0 0
-0.0891035 0.184722 0 0
-0.082638 0.190695 0 0
-0.233247 0.165255 0 0
-0.153424 0.162639 0 0
-0.127393 0.158414 0 0
-0.102287 0.154215 0 0
-0.0722892 0.150023 0 0
-0.0278055 0.145833 0 0
0.00767722 0.141681 0 0
0.025904 0.137535 0 0
0.0414823 0.12507 0 0
0.0453372 0.120972 0 0
0.0432638 0.116875 0 0
0.0462142 0.112778 0 0
0.0481787 0.10875 0 0
0.0511622 0.104861 0 0
0.0497688 0.101389 0 0
0.0426157 0.0979167 0 0
0.0317873 0.0951388 0 0
0.0299595 0.0916667 0 0
0.0217055 0.0881945 0 0
0.016107 0.0847222 0 0
0.0141318 0.08125 0 0
0.0162769 0.0777778 0 0
0.016125 0.0743055 0 0
0.0144163 0.0708333 0 0
0.0109938 0.0673612 0 0
0.0263707 0.0638888 0 0
0.0332915 0.0604167 0 0
0.0390715 0.0569445 0 0
0.051664 0.0534722 0 0
0.0574112 0.05 0 0
0.0735338 0.0465278 0 0
0.0856435 0.0430555 0 0
0.0992635 0.0395833 0 0
0.115305 0.0361112 0 0
0.154121 0.0284722 0 0
0.171817 0.025 0 0
-0.411333 0.0243055 0 0
-0.23541 0.0236945 0 0
-0.117104 0.023125 0 0
0.173772 0.0215278 0 0
-0.0331837 0.02125 0 0
0.0243365 0.0209722 0 0
0.081948 0.0206945 0 0
0.16681 0.0205555 0 0
0.120524 0.0204167 0 0
-0.655985 0.000138889 0 0
-0.781335 0.000291667 0 0
-0.80376 0.000486112 0 0
-0.836397 0.000833333 0 0
-0.858422 0.00152778 0 0
-0.84978 0.00263888 0 0
-0.792488 0.00444445 0 0
-0.780273 0.00597222 0 0
-0.683918 0.00833333 0 0
-0.653727 0.0131945 0 0
-0.464523 0.0222222 0 0
-0.427272 0.0270833 0 0
-0.389023 0.0326388 0 0
-0.358588 0.0381945 0 0
-0.30915 0.0430555 0 0
-0.305722 0.0479167 0 0
-0.259645 0.0569445 0 0
-0.203997 0.0659722 0 0
-0.174472 0.0708333 0 0
-0.144215 0.0756945 0 0
-0.124118 0.0805555 0 0
-0.104825 0.0854167 0 0
-0.0976128 0.0902778 0 0
-0.0954683 0.0951388 0 0
-0.0939987 0.1 0 0
-0.0933097 0.104861 0 0
-0.095168 0.109722 0 0
-0.0952678 0.114583 0 0
-0.09677 0.119445 0 0
-0.0994265 0.125 0 0
-0.0989715 0.130555 0 0
-0.100172 0.135417 0 0
-0.101109 0.140278 0 0
-0.101452 0.149306 0 0
-0.101594 0.158333 0 0
-0.101112 0.163194 0 0
-0.105953 0.168055 0 0
-0.102517 0.173333 0 0
-0.104128 0.1775 0 0
-0.0914945 0.18125 0 0
-0.0891035 0.184722 0 0
-0.082638 0.190695 0 0
-0.233247 0.165255 0 0
-0.153424 0.162639 0 0
-0.127393 0.158414 0 0
-0.102287 0.154215 0 0
-0.0722892 0.150023 0 0
-0.0278055 0.145833 0 0
0.00767722 0.141681 0 0
0.025904 0.137535 0 0
0.0414823 0.12507 0 0
0.0453372 0.120972 0 0
0.0432638 0.116875 0 0
0.0462142 0.112778 0 0
0.0481787 0.10875 0 0
0.0511622 0.104861 0 0
0.0497688 0.101389 0 0
0.0426157 0.0979167 0 0
0.0317873 0.0951388 0 0
0.0299595 0.0916667 0 0
0.0217055 0.0881945 0 0
0.016107 0.0847222 0 0
0.0141318 0.08125 0 0
0.0162769 0.0777778 0 0
0.016125 0.0743055 0 0
0.0144163 0.0708333 0 0
0.0109938 0.0673612 0 0
0.0263707 0.0638888 0 0
0.0332915 0.0604167 0 0
0.0390715 0.0569445 0 0
0.051664 0.0534722 0 0
0.0574112 0.05 0 0
0.0735338 0.0465278 0 0
0.0856435 0.0430555 0 0
0.0992635 0.0395833 0 0
0.115305 0.0361112 0 0
0.154121 0.0284722 0 0
0.171817 0.025 0 0
-0.411333 0.0243055 0 0
-0.23541 0.0236945 0 0
-0.117104 0.023125 0 0
0.173772 0.0215278 0 0
-0.0331837 0.02125 0 0
0.0243365 0.0209722 0 0
0.081948 0.0206945 0 0
0.16681 0.0205555 0 0
0.120524 0.0204167 0 0
6
