0 0 0 0
0 1.15385 0 0
0 1.38677 0 0.127977
0 0 0 0
0 0 0 0
-2.91696 0 0 0
-3.66597 0.0005 0 0
-3.83985 0.00125 0 0
-4.05456 0.0025 0 0
-4.29933 0.005 0 0
-4.28971 0.0075 0 0
-4.16098 0.01 0 0
-4.14159 0.015 0 0
-3.603 0.025 0 0
-3.40923 0.05 0 0
-2.45768 0.1 0 0
-2.25503 0.125 0 0
-2.08484 0.15 0 0
-1.96928 0.175 0 0
-1.71244 0.2 0 0
-1.73596 0.225 0 0
-1.50806 0.275 0 0
-1.22718 0.325 0 0
-1.07591 0.35 0 0
-0.897881 0.375 0 0
-0.76552 0.4 0 0
-0.60673 0.425 0 0
-0.526419 0.45 0 0
-0.492676 0.475 0 0
-0.475493 0.5 0 0
-0.468207 0.525 0 0
-0.477636 0.55 0 0
-0.476816 0.575 0 0
-0.485894 0.6 0 0
-0.501341 0.625 0 0
-0.498252 0.65 0 0
-0.503858 0.675 0 0
-0.505779 0.7 0 0
-0.508836 0.75 0 0
-0.50798 0.8 0 0
-0.503125 0.825 0 0
-0.531905 0.85 0 0
-0.515011 0.875 0 0
-0.523328 0.9 0 0
-0.525481 0.925 0 0
-0.535352 0.95 0 0
-0.522085 0.99 0 0
0 0 0 0
-2.26268 0 0 0
-1.25519 0.0005 0 0
-0.584985 0.00125 0 0
-0.113279 0.0025 0 0
0.21506 0.005 0 0
0.543428 0.0075 0 0
0.753025 0.01 0 0
0.998585 0.015 0 0
1.02172 0.025 0 0
0.998047 0.05 0 0
0.885009 0.075 0 0
0.650544 0.125 0 0
0.553549 0.15 0 0
0.477168 0.175 0 0
0.408953 0.2 0 0
0.312592 0.225 0 0
0.275484 0.25 0 0
0.199392 0.275 0 0
0.169098 0.3 0 0
0.130358 0.325 0 0
0.0216377 0.35 0 0
0.0373969 0.375 0 0
0.0445215 0.4 0 0
0.0322585 0.425 0 0
0.0159292 0.45 0 0
0.0119277 0.475 0 0
0.0363254 0.5 0 0
0.0756985 0.525 0 0
0.0714423 0.55 0 0
0.09953 0.575 0 0
0.125849 0.6 0 0
0.131995 0.625 0 0
0.119733 0.65 0 0
0.154001 0.675 0 0
0.194224 0.7 0 0
0.271742 0.725 0 0
0.285858 0.75 0 0
0.283555 0.825 0 0
0.290995 0.85 0 0
0.254178 0.875 0 0
0.226375 0.9 0 0
0.171458 0.925 0 0
0.0457762 0.95 0 0
-0.0796546 0.975 0 0
-0.534572 0.99 0 0
0 0 0 0
1.01488 0.0625 0 0
1.02118 0.0875 0 0
1.01295 0.1125 0 0
1.03026 0.1375 0 0
1.01734 0.1625 0 0
1.00587 0.1875 0 0
1.02692 0.2125 0 0
1.02453 0.2375 0 0
1.0167 0.2625 0 0
1.02736 0.2875 0 0
1.01441 0.3125 0 0
1.02412 0.3375 0 0
1.02358 0.3625 0 0
1.03177 0.3875 0 0
1.03055 0.4125 0 0
1.01828 0.4375 0 0
1.02522 0.4525 0 0
1.01942 0.4675 0 0
1.0174 0.4825 0 0
1.03083 0.4975 0 0
1.01482 0.5125 0 0
1.0186 0.5275 0 0
0.965232 0.5425 0 0
1.03585 0.5575 0 0
1.02251 0.5725 0 0
1.02903 0.5875 0 0
1.01977 0.6025 0 0
1.02602 0.6175 0 0
1.02109 0.6325 0 0
1.00574 0.6475 0 0
1.01315 0.6625 0 0
0.997518 0.6775 0 0
0.993455 0.6925 0 0
0.962741 0.7075 0 0
0.968808 0.7225 0 0
0.948632 0.7375 0 0
0.885489 0.7475 0 0
0.919585 0.7575 0 0
0.900732 0.7675 0 0
0.871595 0.7775 0 0
0.87257 0.7875 0 0
0.846239 0.7975 0 0
0.842416 0.8075 0 0
0.820282 0.8175 0 0
0.760227 0.8275 0 0
0.754165 0.8375 0 0
0.749273 0.8475 0 0
0.713057 0.8575 0 0
0.691331 0.8675 0 0
0.672383 0.8775 0 0
0.665291 0.8875 0 0
0.639389 0.8975 0 0
0.637109 0.9075 0 0
0.621479 0.9175 0 0
0.604088 0.9275 0 0
0.594063 0.9375 0 0
0.591511 0.9475 0 0
0.629098 0.9575 0 0
0.597629 0.9675 0 0
0.585376 0.9775 0 0
0.594126 0.9875 0 0
0.584966 0.9975 0 0
0.604855 1.0075 0 0
0.622585 1.0175 0 0
0.617992 1.0275 0 0
0.619468 1.0375 0 0
0.642451 1.0475 0 0
0.656011 1.0575 0 0
0.668822 1.0675 0 0
0.681638 1.0775 0 0
0.725868 1.0875 0 0
0.727353 1.0975 0 0
0.729324 1.1075 0 0
0.754932 1.1175 0 0
0.782474 1.1275 0 0
0.800789 1.1375 0 0
0.830692 1.1525 0 0
0.841338 1.1675 0 0
0.869875 1.1825 0 0
0.876456 1.1975 0 0
0.901454 1.2125 0 0
0.932996 1.2275 0 0
0.952647 1.2425 0 0
0.960835 1.2575 0 0
0.978657 1.2725 0 0
0.978202 1.2875 0 0
0.99295 1.3025 0 0
1.00007 1.3175 0 0
1.00176 1.3325 0 0
1.01159 1.3475 0 0
1.01577 1.3625 0 0
0.995062 1.3775 0 0
1.01256 1.3925 0 0
1.02033 1.4075 0 0
1.01561 1.4225 0 0
1.01958 1.4375 0 0
1.01175 1.4625 0 0
1.02903 1.4875 0 0
1.03196 1.5125 0 0
1.0076 1.5375 0 0
1.00628 1.5625 0 0
1.00958 1.5875 0 0
1.02881 1.6125 0 0
0.979288 1.6375 0 0
1.0187 1.6625 0 0
1.03439 1.6875 0 0
1.0041 1.7125 0 0
1.01355 1.7375 0 0
1.00085 1.7625 0 0
1.01853 1.7875 0 0
1.02872 1.8125 0 0
0 0 0 0
-0.0145708 0.625 0 0
-0.152909 0.9375 0 0
-0.0852954 1.25 0 0
-0.0111577 1.5625 0 0
13
