-4.83559 0 0 0
-5.5092 0.0005 0 0
-5.53943 0.00125 0 0
-5.57152 0.0025 0 0
-5.54246 0.005 0 0
-5.35888 0.0075 0 0
-4.98847 0.01 0 0
-4.99829 0.015 0 0
-4.72024 0.025 0 0
-3.10268 0.05 0 0
-2.03745 0.1 0 0
-1.58241 0.125 0 0
-1.15297 0.15 0 0
-0.868441 0.175 0 0
-0.6811 0.2 0 0
-0.700677 0.225 0 0
-0.692473 0.275 0 0
-0.694914 0.325 0 0
-0.68968 0.35 0 0
-0.696189 0.375 0 0
-0.723914 0.4 0 0
-0.707281 0.425 0 0
-0.708679 0.45 0 0
-0.718733 0.475 0 0
-0.720011 0.5 0 0
-0.719953 0.525 0 0
-0.735183 0.55 0 0
-0.740236 0.575 0 0
-0.751047 0.6 0 0
-0.769417 0.625 0 0
-0.768601 0.65 0 0
-0.775694 0.675 0 0
-0.778541 0.7 0 0
-0.78191 0.75 0 0
-0.776264 0.8 0 0
-0.77109 0.825 0 0
-0.795383 0.85 0 0
-0.775853 0.875 0 0
-0.77527 0.9 0 0
-0.769864 0.925 0 0
-0.770449 0.95 0 0
-0.748953 0.99 0 0
-0.78105 0.99 0 0
-0.217999 0.975 0 0
-0.0624443 0.95 0 0
0.0871829 0.925 0 0
0.155893 0.9 0 0
0.195824 0.875 0 0
0.230761 0.85 0 0
0.224947 0.825 0 0
0.21838 0.75 0 0
0.202797 0.725 0 0
0.184144 0.7 0 0
0.16531 0.675 0 0
0.131943 0.65 0 0
0.145196 0.625 0 0
0.139381 0.6 0 0
0.121707 0.575 0 0
0.105897 0.55 0 0
0.123979 0.525 0 0
0.0959586 0.5 0 0
0.0876486 0.475 0 0
0.106423 0.45 0 0
0.140311 0.425 0 0
0.165657 0.4 0 0
0.174551 0.375 0 0
0.173854 0.35 0 0
0.294706 0.325 0 0
0.345334 0.3 0 0
0.393351 0.275 0 0
0.48148 0.25 0 0
0.52327 0.225 0 0
0.623314 0.2 0 0
0.693651 0.175 0 0
0.764336 0.15 0 0
0.850946 0.125 0 0
1.01517 0.075 0 0
1.02457 0.05 0 0
0.923139 0.025 0 0
0.742754 0.015 0 0
0.181151 0.01 0 0
-0.233791 0.0075 0 0
-0.784463 0.005 0 0
-1.27433 0.0025 0 0
-1.95574 0.00125 0 0
-2.88246 0.0005 0 0
-4.14249 0 0 0
-5.62737 0.000714286 0 0
-6.27476 0.00157143 0 0
-6.25206 0.00267857 0 0
-6.28556 0.00464286 0 0
-6.21678 0.00857143 0 0
-5.80212 0.0146429 0 0
-5.27954 0.0242857 0 0
-5.22435 0.0328571 0 0
-4.88495 0.0464286 0 0
-3.22675 0.075 0 0
-2.13475 0.128571 0 0
-1.68251 0.157143 0 0
-1.25189 0.189286 0 0
-0.967715 0.221429 0 0
-0.779626 0.25 0 0
-0.800133 0.278571 0 0
-0.795889 0.332143 0 0
-0.795954 0.385714 0 0
-0.79092 0.414286 0 0
-0.798865 0.442857 0 0
-0.826773 0.471429 0 0
-0.810132 0.5 0 0
-0.813705 0.528571 0 0
-0.824481 0.557143 0 0
-0.827304 0.585714 0 0
-0.82987 0.614286 0 0
-0.844983 0.642857 0 0
-0.851049 0.671429 0 0
-0.862267 0.7 0 0
-0.881119 0.732143 0 0
-0.879496 0.764286 0 0
-0.88585 0.792857 0 0
-0.892168 0.821429 0 0
-0.892746 0.875 0 0
-0.887017 0.928571 0 0
-0.881071 0.957143 0 0
-0.905447 0.985714 0 0
-0.882846 1.01643 0 0
-0.886849 1.04143 0 0
-0.801007 1.06429 0 0
-0.779369 1.08571 0 0
-0.736498 1.12214 0 0
-0.78105 0.99 0 0
-0.217999 0.975 0 0
-0.0624443 0.95 0 0
0.0871829 0.925 0 0
0.155893 0.9 0 0
-0.39596 0.875 0 0
-0.181019 0.850071 0 0
-0.0544443 0.825179 0 0
0.0363329 0.750357 0 0
0.090731 0.725714 0 0
0.150746 0.701071 0 0
0.191189 0.676429 0 0
0.238051 0.652143 0 0
0.277073 0.628571 0 0
0.285749 0.607143 0 0
0.266731 0.585714 0 0
0.227461 0.567857 0 0
0.233169 0.546429 0 0
0.195052 0.525 0 0
0.176693 0.503571 0 0
0.181176 0.482143 0 0
0.209094 0.460714 0 0
0.22185 0.439286 0 0
0.223885 0.417857 0 0
0.215955 0.396429 0 0
0.319542 0.375 0 0
0.37027 0.353571 0 0
0.417017 0.332143 0 0
0.501524 0.310714 0 0
0.538473 0.289286 0 0
0.635836 0.267857 0 0
0.70736 0.246429 0 0
0.782047 0.225 0 0
0.866074 0.203571 0 0
1.03255 0.157143 0 0
1.04448 0.135714 0 0
-4.11452 0.125 0 0
-2.84949 0.121929 0 0
-1.9236 0.119107 0 0
0.943881 0.114286 0 0
-1.24313 0.109643 0 0
-0.755492 0.108571 0 0
0.761603 0.107857 0 0
-0.207485 0.1075 0 0
0.204767 0.106429 0 0
-5.62737 0.000714286 0 0
-6.27476 0.00157143 0 0
-6.25206 0.00267857 0 0
-6.28556 0.00464286 0 0
-6.21678 0.00857143 0 0
-5.80212 0.0146429 0 0
-5.27954 0.0242857 0 0
-5.22435 0.0328571 0 0
-4.88495 0.0464286 0 0
-3.22675 0.075 0 0
-2.13475 0.128571 0 0
-1.68251 0.157143 0 0
-1.25189 0.189286 0 0
-0.967715 0.221429 0 0
-0.779626 0.25 0 0
-0.800133 0.278571 0 0
-0.795889 0.332143 0 0
-0.795954 0.385714 0 0
-0.79092 0.414286 0 0
-0.798865 0.442857 0 0
-0.826773 0.471429 0 0
-0.810132 0.5 0 0
-0.813705 0.528571 0 0
-0.824481 0.557143 0 0
-0.827304 0.585714 0 0
-0.82987 0.614286 0 0
-0.844983 0.642857 0 0
-0.851049 0.671429 0 0
-0.862267 0.7 0 0
-0.881119 0.732143 0 0
-0.879496 0.764286 0 0
-0.88585 0.792857 0 0
-0.892168 0.821429 0 0
-0.892746 0.875 0 0
-0.887017 0.928571 0 0
-0.881071 0.957143 0 0
-0.905447 0.985714 0 0
-0.882846 1.01643 0 0
-0.886849 1.04143 0 0
-0.801007 1.06429 0 0
-0.779369 1.08571 0 0
-0.736498 1.12214 0 0
-1.66916 0.991224 0 0
-1.11594 0.975663 0 0
-0.955596 0.950383 0 0
-0.809211 0.925224 0 0
-0.648017 0.900102 0 0
-0.39596 0.875 0 0
-0.181019 0.850071 0 0
-0.0544443 0.825179 0 0
0.0363329 0.750357 0 0
0.090731 0.725714 0 0
0.150746 0.701071 0 0
0.191189 0.676429 0 0
0.238051 0.652143 0 0
0.277073 0.628571 0 0
0.285749 0.607143 0 0
0.266731 0.585714 0 0
0.227461 0.567857 0 0
0.233169 0.546429 0 0
0.195052 0.525 0 0
0.176693 0.503571 0 0
0.181176 0.482143 0 0
0.209094 0.460714 0 0
0.22185 0.439286 0 0
0.223885 0.417857 0 0
0.215955 0.396429 0 0
0.319542 0.375 0 0
0.37027 0.353571 0 0
0.417017 0.332143 0 0
0.501524 0.310714 0 0
0.538473 0.289286 0 0
0.635836 0.267857 0 0
0.70736 0.246429 0 0
0.782047 0.225 0 0
0.866074 0.203571 0 0
1.03255 0.157143 0 0
1.04448 0.135714 0 0
-4.11452 0.125 0 0
-2.84949 0.121929 0 0
-1.9236 0.119107 0 0
0.943881 0.114286 0 0
-1.24313 0.109643 0 0
-0.755492 0.108571 0 0
0.761603 0.107857 0 0
-0.207485 0.1075 0 0
0.204767 0.106429 0 0
-5.62737 0.000714286 0 0
-6.27476 0.00157143 0 0
-6.25206 0.00267857 0 0
-6.28556 0.00464286 0 0
-6.21678 0.00857143 0 0
-5.80212 0.0146429 0 0
-5.27954 0.0242857 0 0
-5.22435 0.0328571 0 0
-4.88495 0.0464286 0 0
-3.22675 0.075 0 0
-2.13475 0.128571 0 0
-1.68251 0.157143 0 0
-1.25189 0.189286 0 0
-0.967715 0.221429 0 0
-0.779626 0.25 0 0
-0.800133 0.278571 0 0
-0.795889 0.332143 0 0
-0.795954 0.385714 0 0
-0.79092 0.414286 0 0
-0.798865 0.442857 0 0
-0.826773 0.471429 0 0
-0.810132 0.5 0 0
-0.813705 0.528571 0 0
-0.824481 0.557143 0 0
-0.827304 0.585714 0 0
-0.82987 0.614286 0 0
-0.844983 0.642857 0 0
-0.851049 0.671429 0 0
-0.862267 0.7 0 0
-0.881119 0.732143 0 0
-0.879496 0.764286 0 0
-0.88585 0.792857 0 0
-0.892168 0.821429 0 0
-0.892746 0.875 0 0
-0.887017 0.928571 0 0
-0.881071 0.957143 0 0
-0.905447 0.985714 0 0
-0.882846 1.01643 0 0
-0.886849 1.04143 0 0
-0.801007 1.06429 0 0
-0.779369 1.08571 0 0
-0.736498 1.12214 0 0
-1.66916 0.991224 0 0
-1.11594 0.975663 0 0
-0.955596 0.950383 0 0
-0.809211 0.925224 0 0
-0.648017 0.900102 0 0
-0.39596 0.875 0 0
-0.181019 0.850071 0 0
-0.0544443 0.825179 0 0
0.0363329 0.750357 0 0
0.090731 0.725714 0 0
0.150746 0.701071 0 0
0.191189 0.676429 0 0
0.238051 0.652143 0 0
0.277073 0.628571 0 0
0.285749 0.607143 0 0
0.266731 0.585714 0 0
0.227461 0.567857 0 0
0.233169 0.546429 0 0
0.195052 0.525 0 0
0.176693 0.503571 0 0
0.181176 0.482143 0 0
0.209094 0.460714 0 0
0.22185 0.439286 0 0
0.223885 0.417857 0 0
0.215955 0.396429 0 0
0.319542 0.375 0 0
0.37027 0.353571 0 0
0.417017 0.332143 0 0
0.501524 0.310714 0 0
0.538473 0.289286 0 0
0.635836 0.267857 0 0
0.70736 0.246429 0 0
0.782047 0.225 0 0
0.866074 0.203571 0 0
1.03255 0.157143 0 0
1.04448 0.135714 0 0
-4.11452 0.125 0 0
-2.84949 0.121929 0 0
-1.9236 0.119107 0 0
0.943881 0.114286 0 0
-1.24313 0.109643 0 0
-0.755492 0.108571 0 0
0.761603 0.107857 0 0
-0.207485 0.1075 0 0
0.204767 0.106429 0 0
-5.62737 0.000714286 0 0
-6.27476 0.00157143 0 0
-6.25206 0.00267857 0 0
-6.28556 0.00464286 0 0
-6.21678 0.00857143 0 0
-5.80212 0.0146429 0 0
-5.27954 0.0242857 0 0
-5.22435 0.0328571 0 0
-4.88495 0.0464286 0 0
-3.22675 0.075 0 0
-2.13475 0.128571 0 0
-1.68251 0.157143 0 0
-1.25189 0.189286 0 0
-0.967715 0.221429 0 0
-0.779626 0.25 0 0
-0.800133 0.278571 0 0
-0.795889 0.332143 0 0
-0.795954 0.385714 0 0
-0.79092 0.414286 0 0
-0.798865 0.442857 0 0
-0.826773 0.471429 0 0
-0.810132 0.5 0 0
-0.813705 0.528571 0 0
-0.824481 0.557143 0 0
-0.827304 0.585714 0 0
-0.82987 0.614286 0 0
-0.844983 0.642857 0 0
-0.851049 0.671429 0 0
-0.862267 0.7 0 0
-0.881119 0.732143 0 0
-0.879496 0.764286 0 0
-0.88585 0.792857 0 0
-0.892168 0.821429 0 0
-0.892746 0.875 0 0
-0.887017 0.928571 0 0
-0.881071 0.957143 0 0
-0.905447 0.985714 0 0
-0.882846 1.01643 0 0
-0.886849 1.04143 0 0
-0.801007 1.06429 0 0
-0.779369 1.08571 0 0
-0.736498 1.12214 0 0
-1.66916 0.991224 0 0
-1.11594 0.975663 0 0
-0.955596 0.950383 0 0
-0.809211 0.925224 0 0
-0.648017 0.900102 0 0
-0.39596 0.875 0 0
-0.181019 0.850071 0 0
-0.0544443 0.825179 0 0
0.0363329 0.750357 0 0
0.090731 0.725714 0 0
0.150746 0.701071 0 0
0.191189 0.676429 0 0
0.238051 0.652143 0 0
0.277073 0.628571 0 0
0.285749 0.607143 0 0
0.266731 0.585714 0 0
0.227461 0.567857 0 0
0.233169 0.546429 0 0
0.195052 0.525 0 0
0.176693 0.503571 0 0
0.181176 0.482143 0 0
0.209094 0.460714 0 0
0.22185 0.439286 0 0
0.223885 0.417857 0 0
0.215955 0.396429 0 0
0.319542 0.375 0 0
0.37027 0.353571 0 0
0.417017 0.332143 0 0
0.501524 0.310714 0 0
0.538473 0.289286 0 0
0.635836 0.267857 0 0
0.70736 0.246429 0 0
0.782047 0.225 0 0
0.866074 0.203571 0 0
1.03255 0.157143 0 0
1.04448 0.135714 0 0
-4.11452 0.125 0 0
-2.84949 0.121929 0 0
-1.9236 0.119107 0 0
0.943881 0.114286 0 0
-1.24313 0.109643 0 0
-0.755492 0.108571 0 0
0.761603 0.107857 0 0
-0.207485 0.1075 0 0
0.204767 0.106429 0 0
-5.62737 0.000714286 0 0
-6.27476 0.00157143 0 0
-6.25206 0.00267857 0 0
-6.28556 0.00464286 0 0
-6.21678 0.00857143 0 0
-5.80212 0.0146429 0 0
-5.27954 0.0242857 0 0
-5.22435 0.0328571 0 0
-4.88495 0.0464286 0 0
-3.22675 0.075 0 0
-2.13475 0.128571 0 0
-1.68251 0.157143 0 0
-1.25189 0.189286 0 0
-0.967715 0.221429 0 0
-0.779626 0.25 0 0
-0.800133 0.278571 0 0
-0.795889 0.332143 0 0
-0.795954 0.385714 0 0
-0.79092 0.414286 0 0
-0.798865 0.442857 0 0
-0.826773 0.471429 0 0
-0.810132 0.5 0 0
-0.813705 0.528571 0 0
-0.824481 0.557143 0 0
-0.827304 0.585714 0 0
-0.82987 0.614286 0 0
-0.844983 0.642857 0 0
-0.851049 0.671429 0 0
-0.862267 0.7 0 0
-0.881119 0.732143 0 0
-0.879496 0.764286 0 0
-0.88585 0.792857 0 0
-0.892168 0.821429 0 0
-0.892746 0.875 0 0
-0.887017 0.928571 0 0
-0.881071 0.957143 0 0
-0.905447 0.985714 0 0
-0.882846 1.01643 0 0
-0.886849 1.04143 0 0
-0.801007 1.06429 0 0
-0.779369 1.08571 0 0
-0.736498 1.12214 0 0
-1.66916 0.991224 0 0
-1.11594 0.975663 0 0
-0.955596 0.950383 0 0
-0.809211 0.925224 0 0
-0.648017 0.900102 0 0
-0.39596 0.875 0 0
-0.181019 0.850071 0 0
-0.0544443 0.825179 0 0
0.0363329 0.750357 0 0
0.090731 0.725714 0 0
0.150746 0.701071 0 0
0.191189 0.676429 0 0
0.238051 0.652143 0 0
0.277073 0.628571 0 0
0.285749 0.607143 0 0
0.266731 0.585714 0 0
0.227461 0.567857 0 0
0.233169 0.546429 0 0
0.195052 0.525 0 0
0.176693 0.503571 0 0
0.181176 0.482143 0 0
0.209094 0.460714 0 0
0.22185 0.439286 0 0
0.223885 0.417857 0 0
0.215955 0.396429 0 0
0.319542 0.375 0 0
0.37027 0.353571 0 0
0.417017 0.332143 0 0
0.501524 0.310714 0 0
0.538473 0.289286 0 0
0.635836 0.267857 0 0
0.70736 0.246429 0 0
0.782047 0.225 0 0
0.866074 0.203571 0 0
1.03255 0.157143 0 0
1.04448 0.135714 0 0
-4.11452 0.125 0 0
-2.84949 0.121929 0 0
-1.9236 0.119107 0 0
0.943881 0.114286 0 0
-1.24313 0.109643 0 0
-0.755492 0.108571 0 0
0.761603 0.107857 0 0
-0.207485 0.1075 0 0
0.204767 0.106429 0 0
