0 0 0 0
0 1.4 0 0
0 1.34684 0 0.01302
0 0 0 0
0 0 0 0
-0.794258 0 0 0
-1.39995 0.0005 0 0
-1.63728 0.00125 0 0
-1.9103 0.0025 0 0
-2.2687 0.005 0 0
-2.36664 0.0075 0 0
-2.45599 0.01 0 0
-2.46387 0.015 0 0
-2.34928 0.025 0 0
-2.22604 0.05 0 0
-1.99297 0.1 0 0
-1.90899 0.125 0 0
-1.87251 0.15 0 0
-1.85842 0.175 0 0
-1.8267 0.2 0 0
-1.80652 0.225 0 0
-1.76142 0.275 0 0
-1.68632 0.325 0 0
-1.66522 0.35 0 0
-1.57957 0.375 0 0
-1.54399 0.4 0 0
-1.4561 0.425 0 0
-1.36691 0.45 0 0
-1.28761 0.475 0 0
-1.20104 0.5 0 0
-1.08621 0.525 0 0
-0.97836 0.55 0 0
-0.901984 0.575 0 0
-0.816392 0.6 0 0
-0.725274 0.625 0 0
-0.66015 0.65 0 0
-0.585706 0.675 0 0
-0.513332 0.7 0 0
-0.38357 0.75 0 0
-0.26975 0.8 0 0
-0.215938 0.825 0 0
-0.172296 0.85 0 0
-0.121652 0.875 0 0
-0.082562 0.9 0 0
-0.042048 0.925 0 0
-0.009558 0.95 0 0
0.04458 0.99 0 0
0 0 0 0
-0.340272 0 0 0
0.24568 0.0005 0 0
0.576968 0.00125 0 0
0.785318 0.0025 0 0
0.90411 0.005 0 0
0.993178 0.0075 0 0
1.01513 0.01 0 0
0.974514 0.015 0 0
0.888738 0.025 0 0
0.76383 0.05 0 0
0.598128 0.075 0 0
0.358544 0.125 0 0
0.273398 0.15 0 0
0.1981 0.175 0 0
0.145748 0.2 0 0
0.068706 0.225 0 0
0.021756 0.25 0 0
-0.010106 0.275 0 0
-0.019854 0.3 0 0
-0.038392 0.325 0 0
-0.08833 0.35 0 0
-0.076834 0.375 0 0
-0.065806 0.4 0 0
-0.061666 0.425 0 0
-0.048282 0.45 0 0
-0.02684 0.475 0 0
0.00277 0.5 0 0
0.030062 0.525 0 0
0.055404 0.55 0 0
0.132386 0.575 0 0
0.16248 0.6 0 0
0.197836 0.625 0 0
0.221696 0.65 0 0
0.251994 0.675 0 0
0.295594 0.7 0 0
0.329242 0.725 0 0
0.35278 0.75 0 0
0.400438 0.825 0 0
0.414734 0.85 0 0
0.40328 0.875 0 0
0.392642 0.9 0 0
0.369228 0.925 0 0
0.308812 0.95 0 0
0.251144 0.975 0 0
0.05234 0.99 0 0
0 0 0 0
1.02008 0.0625 0 0
1.02027 0.0875 0 0
1.01945 0.1125 0 0
1.02155 0.1375 0 0
1.02179 0.1625 0 0
1.01582 0.1875 0 0
1.02323 0.2125 0 0
1.02232 0.2375 0 0
1.02039 0.2625 0 0
1.02283 0.2875 0 0
1.01728 0.3125 0 0
1.0213 0.3375 0 0
1.0222 0.3625 0 0
1.02471 0.3875 0 0
1.02356 0.4125 0 0
1.02029 0.4375 0 0
1.02246 0.4525 0 0
1.02033 0.4675 0 0
1.01937 0.4825 0 0
1.02264 0.4975 0 0
1.0195 0.5125 0 0
1.02049 0.5275 0 0
1.0065 0.5425 0 0
1.02421 0.5575 0 0
1.01818 0.5725 0 0
1.02329 0.5875 0 0
1.02077 0.6025 0 0
1.02165 0.6175 0 0
1.02244 0.6325 0 0
1.01704 0.6475 0 0
1.02023 0.6625 0 0
1.01891 0.6775 0 0
1.02104 0.6925 0 0
1.00985 0.7075 0 0
1.01797 0.7225 0 0
1.01814 0.7375 0 0
1.00471 0.7475 0 0
1.01592 0.7575 0 0
1.01763 0.7675 0 0
1.01107 0.7775 0 0
1.01633 0.7875 0 0
1.01556 0.7975 0 0
1.02096 0.8075 0 0
1.01257 0.8175 0 0
0.992284 0.8275 0 0
0.974916 0.8375 0 0
0.94145 0.8475 0 0
0.902668 0.8575 0 0
0.860592 0.8675 0 0
0.836652 0.8775 0 0
0.835554 0.8875 0 0
0.85032 0.8975 0 0
0.883178 0.9075 0 0
0.91886 0.9175 0 0
0.950886 0.9275 0 0
0.982112 0.9375 0 0
1.00191 0.9475 0 0
1.02218 0.9575 0 0
1.01976 0.9675 0 0
1.01558 0.9775 0 0
1.01801 0.9875 0 0
1.01304 0.9975 0 0
1.01899 1.0075 0 0
1.02033 1.0175 0 0
1.00944 1.0275 0 0
1.01088 1.0375 0 0
1.01684 1.0475 0 0
1.01363 1.0575 0 0
1.01523 1.0675 0 0
1.01565 1.0775 0 0
1.01988 1.0875 0 0
1.01637 1.0975 0 0
1.01237 1.1075 0 0
1.01194 1.1175 0 0
1.01427 1.1275 0 0
1.01261 1.1375 0 0
1.01793 1.1525 0 0
1.01541 1.1675 0 0
1.01566 1.1825 0 0
1.01293 1.1975 0 0
1.01277 1.2125 0 0
1.01533 1.2275 0 0
1.01631 1.2425 0 0
1.01578 1.2575 0 0
1.01736 1.2725 0 0
1.01415 1.2875 0 0
1.01584 1.3025 0 0
1.017 1.3175 0 0
1.01558 1.3325 0 0
1.01673 1.3475 0 0
1.01649 1.3625 0 0
1.00914 1.3775 0 0
1.01529 1.3925 0 0
1.01535 1.4075 0 0
1.01562 1.4225 0 0
1.01665 1.4375 0 0
1.01592 1.4625 0 0
1.02167 1.4875 0 0
1.02246 1.5125 0 0
1.01659 1.5375 0 0
1.01549 1.5625 0 0
1.01588 1.5875 0 0
1.02144 1.6125 0 0
0.996528 1.6375 0 0
1.01925 1.6625 0 0
1.02218 1.6875 0 0
1.01133 1.7125 0 0
1.01468 1.7375 0 0
1.01153 1.7625 0 0
1.01825 1.7875 0 0
1.02063 1.8125 0 0
0 0 0 0
0.019888 0.625 0 0
-0.023814 0.9375 0 0
-0.053826 1.25 0 0
-0.000664 1.5625 0 0
5
