-4.21819 0 0 0
-4.96818 0.0005 0 0
-5.06825 0.00125 0 0
-5.19503 0.0025 0 0
-5.30663 0.005 0 0
-5.20343 0.0075 0 0
-4.90006 0.01 0 0
-4.81458 0.015 0 0
-4.38948 0.025 0 0
-3.23182 0.05 0 0
-2.48894 0.1 0 0
-2.16196 0.125 0 0
-1.88059 0.15 0 0
-1.66239 0.175 0 0
-1.32531 0.2 0 0
-1.21046 0.225 0 0
-0.785905 0.275 0 0
-0.594543 0.325 0 0
-0.569543 0.35 0 0
-0.563822 0.375 0 0
-0.589367 0.4 0 0
-0.566277 0.425 0 0
-0.562732 0.45 0 0
-0.56736 0.475 0 0
-0.56634 0.5 0 0
-0.56566 0.525 0 0
-0.579763 0.55 0 0
-0.582213 0.575 0 0
-0.595365 0.6 0 0
-0.61315 0.625 0 0
-0.6126 0.65 0 0
-0.621595 0.675 0 0
-0.625475 0.7 0 0
-0.630042 0.75 0 0
-0.628945 0.8 0 0
-0.62282 0.825 0 0
-0.648703 0.85 0 0
-0.625403 0.875 0 0
-0.62724 0.9 0 0
-0.621043 0.925 0 0
-0.620155 0.95 0 0
-0.591538 0.99 0 0
-0.607817 0.99 0 0
-0.132537 0.975 0 0
0.00119 0.95 0 0
0.137165 0.925 0 0
0.197392 0.9 0 0
0.230565 0.875 0 0
0.272597 0.85 0 0
0.269055 0.825 0 0
0.233013 0.75 0 0
0.209648 0.725 0 0
0.19071 0.7 0 0
0.171497 0.675 0 0
0.137023 0.65 0 0
0.14602 0.625 0 0
0.137638 0.6 0 0
0.117542 0.575 0 0
0.095875 0.55 0 0
0.106978 0.525 0 0
0.0754367 0.5 0 0
0.0605133 0.475 0 0
0.0723 0.45 0 0
0.0982583 0.425 0 0
0.118832 0.4 0 0
0.121148 0.375 0 0
0.11488 0.35 0 0
0.231173 0.325 0 0
0.277495 0.3 0 0
0.318578 0.275 0 0
0.403392 0.25 0 0
0.44256 0.225 0 0
0.542708 0.2 0 0
0.615118 0.175 0 0
0.688223 0.15 0 0
0.781348 0.125 0 0
0.979525 0.075 0 0
1.03342 0.05 0 0
0.985935 0.025 0 0
0.867678 0.015 0 0
0.426782 0.01 0 0
0.0859617 0.0075 0 0
-0.387572 0.005 0 0
-0.828942 0.0025 0 0
-1.44574 0.00125 0 0
-2.29994 0.0005 0 0
-3.50343 0 0 0
-5.10263 0.000833333 0 0
-5.83542 0.00175 0 0
-5.88493 0.00291667 0 0
-5.99747 0.005 0 0
-6.03821 0.00916667 0 0
-5.74206 0.0158333 0 0
-5.31489 0.0266667 0 0
-5.1749 0.0358333 0 0
-4.70291 0.05 0 0
-3.50889 0.0791667 0 0
-2.70983 0.133333 0 0
-2.3637 0.1625 0 0
-2.01158 0.195833 0 0
-1.76148 0.229167 0 0
-1.42023 0.258333 0 0
-1.30443 0.2875 0 0
-0.884133 0.341667 0 0
-0.688923 0.395833 0 0
-0.663332 0.425 0 0
-0.658382 0.454167 0 0
-0.683757 0.483333 0 0
-0.660553 0.5125 0 0
-0.659359 0.541667 0 0
-0.664396 0.570833 0 0
-0.665567 0.6 0 0
-0.667852 0.629167 0 0
-0.681863 0.658333 0 0
-0.685812 0.6875 0 0
-0.699611 0.716667 0 0
-0.718157 0.75 0 0
-0.717424 0.783333 0 0
-0.725398 0.8125 0 0
-0.733592 0.841667 0 0
-0.734275 0.895833 0 0
-0.733485 0.95 0 0
-0.726327 0.979167 0 0
-0.752063 1.00833 0 0
-0.723993 1.04 0 0
-0.728543 1.065 0 0
-0.643133 1.0875 0 0
-0.619957 1.10833 0 0
-0.568678 1.14417 0 0
-0.607817 0.99 0 0
-0.132537 0.975 0 0
0.00119 0.95 0 0
0.137165 0.925 0 0
0.197392 0.9 0 0
-0.35334 0.875 0 0
-0.110727 0.850083 0 0
0.0280983 0.825208 0 0
0.0948563 0.750417 0 0
0.145053 0.725833 0 0
0.205037 0.70125 0 0
0.242627 0.676667 0 0
0.281636 0.6525 0 0
0.310343 0.629167 0 0
0.309875 0.608333 0 0
0.280796 0.5875 0 0
0.2261 0.570833 0 0
0.221682 0.55 0 0
0.177956 0.529167 0 0
0.150965 0.508333 0 0
0.14606 0.4875 0 0
0.16549 0.466667 0 0
0.171928 0.445833 0 0
0.167398 0.425 0 0
0.153409 0.404167 0 0
0.25032 0.383333 0 0
0.297686 0.3625 0 0
0.338384 0.341667 0 0
0.419768 0.320833 0 0
0.45461 0.3 0 0
0.552794 0.279167 0 0
0.627691 0.258333 0 0
0.706053 0.2375 0 0
0.797328 0.216667 0 0
0.999115 0.170833 0 0
1.05636 0.15 0 0
-3.46501 0.145833 0 0
-2.25451 0.142167 0 0
-1.40089 0.13875 0 0
1.01027 0.129167 0 0
-0.790106 0.1275 0 0
-0.35263 0.125833 0 0
0.117747 0.124167 0 0
0.890515 0.123333 0 0
0.455365 0.1225 0 0
-5.10263 0.000833333 0 0
-5.83542 0.00175 0 0
-5.88493 0.00291667 0 0
-5.99747 0.005 0 0
-6.03821 0.00916667 0 0
-5.74206 0.0158333 0 0
-5.31489 0.0266667 0 0
-5.1749 0.0358333 0 0
-4.70291 0.05 0 0
-3.50889 0.0791667 0 0
-2.70983 0.133333 0 0
-2.3637 0.1625 0 0
-2.01158 0.195833 0 0
-1.76148 0.229167 0 0
-1.42023 0.258333 0 0
-1.30443 0.2875 0 0
-0.884133 0.341667 0 0
-0.688923 0.395833 0 0
-0.663332 0.425 0 0
-0.658382 0.454167 0 0
-0.683757 0.483333 0 0
-0.660553 0.5125 0 0
-0.659359 0.541667 0 0
-0.664396 0.570833 0 0
-0.665567 0.6 0 0
-0.667852 0.629167 0 0
-0.681863 0.658333 0 0
-0.685812 0.6875 0 0
-0.699611 0.716667 0 0
-0.718157 0.75 0 0
-0.717424 0.783333 0 0
-0.725398 0.8125 0 0
-0.733592 0.841667 0 0
-0.734275 0.895833 0 0
-0.733485 0.95 0 0
-0.726327 0.979167 0 0
-0.752063 1.00833 0 0
-0.723993 1.04 0 0
-0.728543 1.065 0 0
-0.643133 1.0875 0 0
-0.619957 1.10833 0 0
-0.568678 1.14417 0 0
-1.61418 0.991528 0 0
-1.13211 0.975833 0 0
-0.979632 0.950486 0 0
-0.835405 0.925292 0 0
-0.653047 0.900139 0 0
-0.35334 0.875 0 0
-0.110727 0.850083 0 0
0.0280983 0.825208 0 0
0.0948563 0.750417 0 0
0.145053 0.725833 0 0
0.205037 0.70125 0 0
0.242627 0.676667 0 0
0.281636 0.6525 0 0
0.310343 0.629167 0 0
0.309875 0.608333 0 0
0.280796 0.5875 0 0
0.2261 0.570833 0 0
0.221682 0.55 0 0
0.177956 0.529167 0 0
0.150965 0.508333 0 0
0.14606 0.4875 0 0
0.16549 0.466667 0 0
0.171928 0.445833 0 0
0.167398 0.425 0 0
0.153409 0.404167 0 0
0.25032 0.383333 0 0
0.297686 0.3625 0 0
0.338384 0.341667 0 0
0.419768 0.320833 0 0
0.45461 0.3 0 0
0.552794 0.279167 0 0
0.627691 0.258333 0 0
0.706053 0.2375 0 0
0.797328 0.216667 0 0
0.999115 0.170833 0 0
1.05636 0.15 0 0
-3.46501 0.145833 0 0
-2.25451 0.142167 0 0
-1.40089 0.13875 0 0
1.01027 0.129167 0 0
-0.790106 0.1275 0 0
-0.35263 0.125833 0 0
0.117747 0.124167 0 0
0.890515 0.123333 0 0
0.455365 0.1225 0 0
-5.10263 0.000833333 0 0
-5.83542 0.00175 0 0
-5.88493 0.00291667 0 0
-5.99747 0.005 0 0
-6.03821 0.00916667 0 0
-5.74206 0.0158333 0 0
-5.31489 0.0266667 0 0
-5.1749 0.0358333 0 0
-4.70291 0.05 0 0
-3.50889 0.0791667 0 0
-2.70983 0.133333 0 0
-2.3637 0.1625 0 0
-2.01158 0.195833 0 0
-1.76148 0.229167 0 0
-1.42023 0.258333 0 0
-1.30443 0.2875 0 0
-0.884133 0.341667 0 0
-0.688923 0.395833 0 0
-0.663332 0.425 0 0
-0.658382 0.454167 0 0
-0.683757 0.483333 0 0
-0.660553 0.5125 0 0
-0.659359 0.541667 0 0
-0.664396 0.570833 0 0
-0.665567 0.6 0 0
-0.667852 0.629167 0 0
-0.681863 0.658333 0 0
-0.685812 0.6875 0 0
-0.699611 0.716667 0 0
-0.718157 0.75 0 0
-0.717424 0.783333 0 0
-0.725398 0.8125 0 0
-0.733592 0.841667 0 0
-0.734275 0.895833 0 0
-0.733485 0.95 0 0
-0.726327 0.979167 0 0
-0.752063 1.00833 0 0
-0.723993 1.04 0 0
-0.728543 1.065 0 0
-0.643133 1.0875 0 0
-0.619957 1.10833 0 0
-0.568678 1.14417 0 0
-1.61418 0.991528 0 0
-1.13211 0.975833 0 0
-0.979632 0.950486 0 0
-0.835405 0.925292 0 0
-0.653047 0.900139 0 0
-0.35334 0.875 0 0
-0.110727 0.850083 0 0
0.0280983 0.825208 0 0
0.0948563 0.750417 0 0
0.145053 0.725833 0 0
0.205037 0.70125 0 0
0.242627 0.676667 0 0
0.281636 0.6525 0 0
0.310343 0.629167 0 0
0.309875 0.608333 0 0
0.280796 0.5875 0 0
0.2261 0.570833 0 0
0.221682 0.55 0 0
0.177956 0.529167 0 0
0.150965 0.508333 0 0
0.14606 0.4875 0 0
0.16549 0.466667 0 0
0.171928 0.445833 0 0
0.167398 0.425 0 0
0.153409 0.404167 0 0
0.25032 0.383333 0 0
0.297686 0.3625 0 0
0.338384 0.341667 0 0
0.419768 0.320833 0 0
0.45461 0.3 0 0
0.552794 0.279167 0 0
0.627691 0.258333 0 0
0.706053 0.2375 0 0
0.797328 0.216667 0 0
0.999115 0.170833 0 0
1.05636 0.15 0 0
-3.46501 0.145833 0 0
-2.25451 0.142167 0 0
-1.40089 0.13875 0 0
1.01027 0.129167 0 0
-0.790106 0.1275 0 0
-0.35263 0.125833 0 0
0.117747 0.124167 0 0
0.890515 0.123333 0 0
0.455365 0.1225 0 0
-5.10263 0.000833333 0 0
-5.83542 0.00175 0 0
-5.88493 0.00291667 0 0
-5.99747 0.005 0 0
-6.03821 0.00916667 0 0
-5.74206 0.0158333 0 0
-5.31489 0.0266667 0 0
-5.1749 0.0358333 0 0
-4.70291 0.05 0 0
-3.50889 0.0791667 0 0
-2.70983 0.133333 0 0
-2.3637 0.1625 0 0
-2.01158 0.195833 0 0
-1.76148 0.229167 0 0
-1.42023 0.258333 0 0
-1.30443 0.2875 0 0
-0.884133 0.341667 0 0
-0.688923 0.395833 0 0
-0.663332 0.425 0 0
-0.658382 0.454167 0 0
-0.683757 0.483333 0 0
-0.660553 0.5125 0 0
-0.659359 0.541667 0 0
-0.664396 0.570833 0 0
-0.665567 0.6 0 0
-0.667852 0.629167 0 0
-0.681863 0.658333 0 0
-0.685812 0.6875 0 0
-0.699611 0.716667 0 0
-0.718157 0.75 0 0
-0.717424 0.783333 0 0
-0.725398 0.8125 0 0
-0.733592 0.841667 0 0
-0.734275 0.895833 0 0
-0.733485 0.95 0 0
-0.726327 0.979167 0 0
-0.752063 1.00833 0 0
-0.723993 1.04 0 0
-0.728543 1.065 0 0
-0.643133 1.0875 0 0
-0.619957 1.10833 0 0
-0.568678 1.14417 0 0
-1.61418 0.991528 0 0
-1.13211 0.975833 0 0
-0.979632 0.950486 0 0
-0.835405 0.925292 0 0
-0.653047 0.900139 0 0
-0.35334 0.875 0 0
-0.110727 0.850083 0 0
0.0280983 0.825208 0 0
0.0948563 0.750417 0 0
0.145053 0.725833 0 0
0.205037 0.70125 0 0
0.242627 0.676667 0 0
0.281636 0.6525 0 0
0.310343 0.629167 0 0
0.309875 0.608333 0 0
0.280796 0.5875 0 0
0.2261 0.570833 0 0
0.221682 0.55 0 0
0.177956 0.529167 0 0
0.150965 0.508333 0 0
0.14606 0.4875 0 0
0.16549 0.466667 0 0
0.171928 0.445833 0 0
0.167398 0.425 0 0
0.153409 0.404167 0 0
0.25032 0.383333 0 0
0.297686 0.3625 0 0
0.338384 0.341667 0 0
0.419768 0.320833 0 0
0.45461 0.3 0 0
0.552794 0.279167 0 0
0.627691 0.258333 0 0
0.706053 0.2375 0 0
0.797328 0.216667 0 0
0.999115 0.170833 0 0
1.05636 0.15 0 0
-3.46501 0.145833 0 0
-2.25451 0.142167 0 0
-1.40089 0.13875 0 0
1.01027 0.129167 0 0
-0.790106 0.1275 0 0
-0.35263 0.125833 0 0
0.117747 0.124167 0 0
0.890515 0.123333 0 0
0.455365 0.1225 0 0
-5.10263 0.000833333 0 0
-5.83542 0.00175 0 0
-5.88493 0.00291667 0 0
-5.99747 0.005 0 0
-6.03821 0.00916667 0 0
-5.74206 0.0158333 0 0
-5.31489 0.0266667 0 0
-5.1749 0.0358333 0 0
-4.70291 0.05 0 0
-3.50889 0.0791667 0 0
-2.70983 0.133333 0 0
-2.3637 0.1625 0 0
-2.01158 0.195833 0 0
-1.76148 0.229167 0 0
-1.42023 0.258333 0 0
-1.30443 0.2875 0 0
-0.884133 0.341667 0 0
-0.688923 0.395833 0 0
-0.663332 0.425 0 0
-0.658382 0.454167 0 0
-0.683757 0.483333 0 0
-0.660553 0.5125 0 0
-0.659359 0.541667 0 0
-0.664396 0.570833 0 0
-0.665567 0.6 0 0
-0.667852 0.629167 0 0
-0.681863 0.658333 0 0
-0.685812 0.6875 0 0
-0.699611 0.716667 0 0
-0.718157 0.75 0 0
-0.717424 0.783333 0 0
-0.725398 0.8125 0 0
-0.733592 0.841667 0 0
-0.734275 0.895833 0 0
-0.733485 0.95 0 0
-0.726327 0.979167 0 0
-0.752063 1.00833 0 0
-0.723993 1.04 0 0
-0.728543 1.065 0 0
-0.643133 1.0875 0 0
-0.619957 1.10833 0 0
-0.568678 1.14417 0 0
-1.61418 0.991528 0 0
-1.13211 0.975833 0 0
-0.979632 0.950486 0 0
-0.835405 0.925292 0 0
-0.653047 0.900139 0 0
-0.35334 0.875 0 0
-0.110727 0.850083 0 0
0.0280983 0.825208 0 0
0.0948563 0.750417 0 0
0.145053 0.725833 0 0
0.205037 0.70125 0 0
0.242627 0.676667 0 0
0.281636 0.6525 0 0
0.310343 0.629167 0 0
0.309875 0.608333 0 0
0.280796 0.5875 0 0
0.2261 0.570833 0 0
0.221682 0.55 0 0
0.177956 0.529167 0 0
0.150965 0.508333 0 0
0.14606 0.4875 0 0
0.16549 0.466667 0 0
0.171928 0.445833 0 0
0.167398 0.425 0 0
0.153409 0.404167 0 0
0.25032 0.383333 0 0
0.297686 0.3625 0 0
0.338384 0.341667 0 0
0.419768 0.320833 0 0
0.45461 0.3 0 0
0.552794 0.279167 0 0
0.627691 0.258333 0 0
0.706053 0.2375 0 0
0.797328 0.216667 0 0
0.999115 0.170833 0 0
1.05636 0.15 0 0
-3.46501 0.145833 0 0
-2.25451 0.142167 0 0
-1.40089 0.13875 0 0
1.01027 0.129167 0 0
-0.790106 0.1275 0 0
-0.35263 0.125833 0 0
0.117747 0.124167 0 0
0.890515 0.123333 0 0
0.455365 0.1225 0 0
