-3.98787 0 0 0
-4.7476 0.0005 0 0
-4.86328 0.00125 0 0
-5.01058 0.0025 0 0
-5.15205 0.005 0 0
-5.06819 0.0075 0 0
-4.79731 0.01 0 0
-4.714 0.015 0 0
-4.24576 0.025 0 0
-3.60559 0.05 0 0
-2.52425 0.1 0 0
-2.21697 0.125 0 0
-1.9642 0.15 0 0
-1.76962 0.175 0 0
-1.45263 0.2 0 0
-1.37258 0.225 0 0
-0.961677 0.275 0 0
-0.624892 0.325 0 0
-0.561305 0.35 0 0
-0.540013 0.375 0 0
-0.558513 0.4 0 0
-0.535048 0.425 0 0
-0.53172 0.45 0 0
-0.535663 0.475 0 0
-0.532128 0.5 0 0
-0.530972 0.525 0 0
-0.544097 0.55 0 0
-0.547502 0.575 0 0
-0.559537 0.6 0 0
-0.57789 0.625 0 0
-0.58062 0.65 0 0
-0.58714 0.675 0 0
-0.59027 0.7 0 0
-0.597072 0.75 0 0
-0.596942 0.8 0 0
-0.59184 0.825 0 0
-0.616595 0.85 0 0
-0.5966 0.875 0 0
-0.601642 0.9 0 0
-0.594285 0.925 0 0
-0.592928 0.95 0 0
-0.568113 0.99 0 0
-0.585048 0.99 0 0
-0.11741 0.975 0 0
0.01201 0.95 0 0
0.145447 0.925 0 0
0.202302 0.9 0 0
0.234813 0.875 0 0
0.274793 0.85 0 0
0.271192 0.825 0 0
0.245483 0.75 0 0
0.208283 0.725 0 0
0.187947 0.7 0 0
0.169725 0.675 0 0
0.135515 0.65 0 0
0.143877 0.625 0 0
0.135855 0.6 0 0
0.11307 0.575 0 0
0.0899467 0.55 0 0
0.09974 0.525 0 0
0.064855 0.5 0 0
0.04955 0.475 0 0
0.0606383 0.45 0 0
0.08505 0.425 0 0
0.10369 0.4 0 0
0.105727 0.375 0 0
0.0955917 0.35 0 0
0.210667 0.325 0 0
0.25616 0.3 0 0
0.293907 0.275 0 0
0.38014 0.25 0 0
0.416325 0.225 0 0
0.518068 0.2 0 0
0.588592 0.175 0 0
0.665235 0.15 0 0
0.759562 0.125 0 0
0.964813 0.075 0 0
1.03187 0.05 0 0
0.996977 0.025 0 0
0.898972 0.015 0 0
0.496363 0.01 0 0
0.178422 0.0075 0 0
-0.270038 0.005 0 0
-0.690463 0.0025 0 0
-1.28058 0.00125 0 0
-2.10655 0.0005 0 0
-3.27772 0 0 0
-4.84655 0.000833333 0 0
-5.5923 0.00175 0 0
-5.66283 0.00291667 0 0
-5.79625 0.005 0 0
-5.85967 0.00916667 0 0
-5.66912 0.0158333 0 0
-5.21802 0.0266667 0 0
-5.0835 0.0358333 0 0
-4.57313 0.05 0 0
-3.90052 0.0791667 0 0
-2.76635 0.133333 0 0
-2.44574 0.1625 0 0
-2.12447 0.195833 0 0
-1.87377 0.229167 0 0
-1.54619 0.258333 0 0
-1.46258 0.2875 0 0
-1.05476 0.341667 0 0
-0.714066 0.395833 0 0
-0.649925 0.425 0 0
-0.62929 0.454167 0 0
-0.647201 0.483333 0 0
-0.623544 0.5125 0 0
-0.622403 0.541667 0 0
-0.626914 0.570833 0 0
-0.625385 0.6 0 0
-0.627287 0.629167 0 0
-0.640867 0.658333 0 0
-0.645358 0.6875 0 0
-0.657915 0.716667 0 0
-0.677402 0.75 0 0
-0.68011 0.783333 0 0
-0.68578 0.8125 0 0
-0.693036 0.841667 0 0
-0.696505 0.895833 0 0
-0.697215 0.95 0 0
-0.690887 0.979167 0 0
-0.715416 1.00833 0 0
-0.691285 1.04 0 0
-0.69915 1.065 0 0
-0.613853 1.0875 0 0
-0.590927 1.10833 0 0
-0.543872 1.14417 0 0
-0.585048 0.99 0 0
-0.11741 0.975 0 0
0.01201 0.95 0 0
0.145447 0.925 0 0
0.202302 0.9 0 0
-0.311473 0.875 0 0
-0.0762983 0.850083 0 0
0.0577617 0.825208 0 0
0.130406 0.750417 0 0
0.163277 0.725833 0 0
0.217684 0.70125 0 0
0.252452 0.676667 0 0
0.285344 0.6525 0 0
0.310039 0.629167 0 0
0.307833 0.608333 0 0
0.273872 0.5875 0 0
0.21654 0.570833 0 0
0.210612 0.55 0 0
0.162954 0.529167 0 0
0.135895 0.508333 0 0
0.130026 0.4875 0 0
0.148407 0.466667 0 0
0.152675 0.445833 0 0
0.14842 0.425 0 0
0.130703 0.404167 0 0
0.226599 0.383333 0 0
0.273781 0.3625 0 0
0.311188 0.341667 0 0
0.394315 0.320833 0 0
0.426431 0.3 0 0
0.526327 0.279167 0 0
0.599401 0.258333 0 0
0.681858 0.2375 0 0
0.774553 0.216667 0 0
0.983658 0.170833 0 0
1.05451 0.15 0 0
-3.23859 0.145833 0 0
-2.06075 0.142167 0 0
-1.23538 0.13875 0 0
1.02096 0.129167 0 0
-0.64955 0.1275 0 0
-0.235325 0.125833 0 0
0.209746 0.124167 0 0
0.921558 0.123333 0 0
0.524651 0.1225 0 0
-4.84655 0.000833333 0 0
-5.5923 0.00175 0 0
-5.66283 0.00291667 0 0
-5.79625 0.005 0 0
-5.85967 0.00916667 0 0
-5.66912 0.0158333 0 0
-5.21802 0.0266667 0 0
-5.0835 0.0358333 0 0
-4.57313 0.05 0 0
-3.90052 0.0791667 0 0
-2.76635 0.133333 0 0
-2.44574 0.1625 0 0
-2.12447 0.195833 0 0
-1.87377 0.229167 0 0
-1.54619 0.258333 0 0
-1.46258 0.2875 0 0
-1.05476 0.341667 0 0
-0.714066 0.395833 0 0
-0.649925 0.425 0 0
-0.62929 0.454167 0 0
-0.647201 0.483333 0 0
-0.623544 0.5125 0 0
-0.622403 0.541667 0 0
-0.626914 0.570833 0 0
-0.625385 0.6 0 0
-0.627287 0.629167 0 0
-0.640867 0.658333 0 0
-0.645358 0.6875 0 0
-0.657915 0.716667 0 0
-0.677402 0.75 0 0
-0.68011 0.783333 0 0
-0.68578 0.8125 0 0
-0.693036 0.841667 0 0
-0.696505 0.895833 0 0
-0.697215 0.95 0 0
-0.690887 0.979167 0 0
-0.715416 1.00833 0 0
-0.691285 1.04 0 0
-0.69915 1.065 0 0
-0.613853 1.0875 0 0
-0.590927 1.10833 0 0
-0.543872 1.14417 0 0
-1.56166 0.991528 0 0
-1.08345 0.975833 0 0
-0.931795 0.950486 0 0
-0.786603 0.925292 0 0
-0.605457 0.900139 0 0
-0.311473 0.875 0 0
-0.0762983 0.850083 0 0
0.0577617 0.825208 0 0
0.130406 0.750417 0 0
0.163277 0.725833 0 0
0.217684 0.70125 0 0
0.252452 0.676667 0 0
0.285344 0.6525 0 0
0.310039 0.629167 0 0
0.307833 0.608333 0 0
0.273872 0.5875 0 0
0.21654 0.570833 0 0
0.210612 0.55 0 0
0.162954 0.529167 0 0
0.135895 0.508333 0 0
0.130026 0.4875 0 0
0.148407 0.466667 0 0
0.152675 0.445833 0 0
0.14842 0.425 0 0
0.130703 0.404167 0 0
0.226599 0.383333 0 0
0.273781 0.3625 0 0
0.311188 0.341667 0 0
0.394315 0.320833 0 0
0.426431 0.3 0 0
0.526327 0.279167 0 0
0.599401 0.258333 0 0
0.681858 0.2375 0 0
0.774553 0.216667 0 0
0.983658 0.170833 0 0
1.05451 0.15 0 0
-3.23859 0.145833 0 0
-2.06075 0.142167 0 0
-1.23538 0.13875 0 0
1.02096 0.129167 0 0
-0.64955 0.1275 0 0
-0.235325 0.125833 0 0
0.209746 0.124167 0 0
0.921558 0.123333 0 0
0.524651 0.1225 0 0
-4.84655 0.000833333 0 0
-5.5923 0.00175 0 0
-5.66283 0.00291667 0 0
-5.79625 0.005 0 0
-5.85967 0.00916667 0 0
-5.66912 0.0158333 0 0
-5.21802 0.0266667 0 0
-5.0835 0.0358333 0 0
-4.57313 0.05 0 0
-3.90052 0.0791667 0 0
-2.76635 0.133333 0 0
-2.44574 0.1625 0 0
-2.12447 0.195833 0 0
-1.87377 0.229167 0 0
-1.54619 0.258333 0 0
-1.46258 0.2875 0 0
-1.05476 0.341667 0 0
-0.714066 0.395833 0 0
-0.649925 0.425 0 0
-0.62929 0.454167 0 0
-0.647201 0.483333 0 0
-0.623544 0.5125 0 0
-0.622403 0.541667 0 0
-0.626914 0.570833 0 0
-0.625385 0.6 0 0
-0.627287 0.629167 0 0
-0.640867 0.658333 0 0
-0.645358 0.6875 0 0
-0.657915 0.716667 0 0
-0.677402 0.75 0 0
-0.68011 0.783333 0 0
-0.68578 0.8125 0 0
-0.693036 0.841667 0 0
-0.696505 0.895833 0 0
-0.697215 0.95 0 0
-0.690887 0.979167 0 0
-0.715416 1.00833 0 0
-0.691285 1.04 0 0
-0.69915 1.065 0 0
-0.613853 1.0875 0 0
-0.590927 1.10833 0 0
-0.543872 1.14417 0 0
-1.56166 0.991528 0 0
-1.08345 0.975833 0 0
-0.931795 0.950486 0 0
-0.786603 0.925292 0 0
-0.605457 0.900139 0 0
-0.311473 0.875 0 0
-0.0762983 0.850083 0 0
0.0577617 0.825208 0 0
0.130406 0.750417 0 0
0.163277 0.725833 0 0
0.217684 0.70125 0 0
0.252452 0.676667 0 0
0.285344 0.6525 0 0
0.310039 0.629167 0 0
0.307833 0.608333 0 0
0.273872 0.5875 0 0
0.21654 0.570833 0 0
0.210612 0.55 0 0
0.162954 0.529167 0 0
0.135895 0.508333 0 0
0.130026 0.4875 0 0
0.148407 0.466667 0 0
0.152675 0.445833 0 0
0.14842 0.425 0 0
0.130703 0.404167 0 0
0.226599 0.383333 0 0
0.273781 0.3625 0 0
0.311188 0.341667 0 0
0.394315 0.320833 0 0
0.426431 0.3 0 0
0.526327 0.279167 0 0
0.599401 0.258333 0 0
0.681858 0.2375 0 0
0.774553 0.216667 0 0
0.983658 0.170833 0 0
1.05451 0.15 0 0
-3.23859 0.145833 0 0
-2.06075 0.142167 0 0
-1.23538 0.13875 0 0
1.02096 0.129167 0 0
-0.64955 0.1275 0 0
-0.235325 0.125833 0 0
0.209746 0.124167 0 0
0.921558 0.123333 0 0
0.524651 0.1225 0 0
-4.84655 0.000833333 0 0
-5.5923 0.00175 0 0
-5.66283 0.00291667 0 0
-5.79625 0.005 0 0
-5.85967 0.00916667 0 0
-5.66912 0.0158333 0 0
-5.21802 0.0266667 0 0
-5.0835 0.0358333 0 0
-4.57313 0.05 0 0
-3.90052 0.0791667 0 0
-2.76635 0.133333 0 0
-2.44574 0.1625 0 0
-2.12447 0.195833 0 0
-1.87377 0.229167 0 0
-1.54619 0.258333 0 0
-1.46258 0.2875 0 0
-1.05476 0.341667 0 0
-0.714066 0.395833 0 0
-0.649925 0.425 0 0
-0.62929 0.454167 0 0
-0.647201 0.483333 0 0
-0.623544 0.5125 0 0
-0.622403 0.541667 0 0
-0.626914 0.570833 0 0
-0.625385 0.6 0 0
-0.627287 0.629167 0 0
-0.640867 0.658333 0 0
-0.645358 0.6875 0 0
-0.657915 0.716667 0 0
-0.677402 0.75 0 0
-0.68011 0.783333 0 0
-0.68578 0.8125 0 0
-0.693036 0.841667 0 0
-0.696505 0.895833 0 0
-0.697215 0.95 0 0
-0.690887 0.979167 0 0
-0.715416 1.00833 0 0
-0.691285 1.04 0 0
-0.69915 1.065 0 0
-0.613853 1.0875 0 0
-0.590927 1.10833 0 0
-0.543872 1.14417 0 0
-1.56166 0.991528 0 0
-1.08345 0.975833 0 0
-0.931795 0.950486 0 0
-0.786603 0.925292 0 0
-0.605457 0.900139 0 0
-0.311473 0.875 0 0
-0.0762983 0.850083 0 0
0.0577617 0.825208 0 0
0.130406 0.750417 0 0
0.163277 0.725833 0 0
0.217684 0.70125 0 0
0.252452 0.676667 0 0
0.285344 0.6525 0 0
0.310039 0.629167 0 0
0.307833 0.608333 0 0
0.273872 0.5875 0 0
0.21654 0.570833 0 0
0.210612 0.55 0 0
0.162954 0.529167 0 0
0.135895 0.508333 0 0
0.130026 0.4875 0 0
0.148407 0.466667 0 0
0.152675 0.445833 0 0
0.14842 0.425 0 0
0.130703 0.404167 0 0
0.226599 0.383333 0 0
0.273781 0.3625 0 0
0.311188 0.341667 0 0
0.394315 0.320833 0 0
0.426431 0.3 0 0
0.526327 0.279167 0 0
0.599401 0.258333 0 0
0.681858 0.2375 0 0
0.774553 0.216667 0 0
0.983658 0.170833 0 0
1.05451 0.15 0 0
-3.23859 0.145833 0 0
-2.06075 0.142167 0 0
-1.23538 0.13875 0 0
1.02096 0.129167 0 0
-0.64955 0.1275 0 0
-0.235325 0.125833 0 0
0.209746 0.124167 0 0
0.921558 0.123333 0 0
0.524651 0.1225 0 0
-4.84655 0.000833333 0 0
-5.5923 0.00175 0 0
-5.66283 0.00291667 0 0
-5.79625 0.005 0 0
-5.85967 0.00916667 0 0
-5.66912 0.0158333 0 0
-5.21802 0.0266667 0 0
-5.0835 0.0358333 0 0
-4.57313 0.05 0 0
-3.90052 0.0791667 0 0
-2.76635 0.133333 0 0
-2.44574 0.1625 0 0
-2.12447 0.195833 0 0
-1.87377 0.229167 0 0
-1.54619 0.258333 0 0
-1.46258 0.2875 0 0
-1.05476 0.341667 0 0
-0.714066 0.395833 0 0
-0.649925 0.425 0 0
-0.62929 0.454167 0 0
-0.647201 0.483333 0 0
-0.623544 0.5125 0 0
-0.622403 0.541667 0 0
-0.626914 0.570833 0 0
-0.625385 0.6 0 0
-0.627287 0.629167 0 0
-0.640867 0.658333 0 0
-0.645358 0.6875 0 0
-0.657915 0.716667 0 0
-0.677402 0.75 0 0
-0.68011 0.783333 0 0
-0.68578 0.8125 0 0
-0.693036 0.841667 0 0
-0.696505 0.895833 0 0
-0.697215 0.95 0 0
-0.690887 0.979167 0 0
-0.715416 1.00833 0 0
-0.691285 1.04 0 0
-0.69915 1.065 0 0
-0.613853 1.0875 0 0
-0.590927 1.10833 0 0
-0.543872 1.14417 0 0
-1.56166 0.991528 0 0
-1.08345 0.975833 0 0
-0.931795 0.950486 0 0
-0.786603 0.925292 0 0
-0.605457 0.900139 0 0
-0.311473 0.875 0 0
-0.0762983 0.850083 0 0
0.0577617 0.825208 0 0
0.130406 0.750417 0 0
0.163277 0.725833 0 0
0.217684 0.70125 0 0
0.252452 0.676667 0 0
0.285344 0.6525 0 0
0.310039 0.629167 0 0
0.307833 0.608333 0 0
0.273872 0.5875 0 0
0.21654 0.570833 0 0
0.210612 0.55 0 0
0.162954 0.529167 0 0
0.135895 0.508333 0 0
0.130026 0.4875 0 0
0.148407 0.466667 0 0
0.152675 0.445833 0 0
0.14842 0.425 0 0
0.130703 0.404167 0 0
0.226599 0.383333 0 0
0.273781 0.3625 0 0
0.311188 0.341667 0 0
0.394315 0.320833 0 0
0.426431 0.3 0 0
0.526327 0.279167 0 0
0.599401 0.258333 0 0
0.681858 0.2375 0 0
0.774553 0.216667 0 0
0.983658 0.170833 0 0
1.05451 0.15 0 0
-3.23859 0.145833 0 0
-2.06075 0.142167 0 0
-1.23538 0.13875 0 0
1.02096 0.129167 0 0
-0.64955 0.1275 0 0
-0.235325 0.125833 0 0
0.209746 0.124167 0 0
0.921558 0.123333 0 0
0.524651 0.1225 0 0
