0.86722 0 0 0
0.998082 0.0005 0 0
1.00801 0.00125 0 0
0.99322 0.0025 0 0
0.913745 0.005 0 0
0.85323 0.0075 0 0
0.7103 0.01 0 0
0.463065 0.015 0 0
0.41451 0.025 0 0
0.241877 0.05 0 0
-0.089695 0.1 0 0
-0.234245 0.125 0 0
-0.340072 0.15 0 0
-0.441445 0.175 0 0
-0.474795 0.2 0 0
-0.595822 0.225 0 0
-0.713817 0.275 0 0
-0.78204 0.325 0 0
-0.803832 0.35 0 0
-0.801187 0.375 0 0
-0.83293 0.4 0 0
-0.80089 0.425 0 0
-0.76805 0.45 0 0
-0.745448 0.475 0 0
-0.696887 0.5 0 0
-0.650157 0.525 0 0
-0.634448 0.55 0 0
-0.61042 0.575 0 0
-0.59694 0.6 0 0
-0.416813 0.625 0 0
-0.39491 0.65 0 0
-0.366937 0.675 0 0
-0.330748 0.7 0 0
-0.258578 0.75 0 0
-0.1865 0.8 0 0
-0.14869 0.825 0 0
-0.140582 0.85 0 0
-0.089085 0.875 0 0
-0.0744875 0.9 0 0
-0.0346475 0.925 0 0
-0.0041425 0.95 0 0
0.102502 0.99 0 0
0.173963 0.99 0 0
0.253738 0.975 0 0
0.269247 0.95 0 0
0.312227 0.925 0 0
0.320943 0.9 0 0
0.310913 0.875 0 0
0.316283 0.85 0 0
0.28881 0.825 0 0
0.21826 0.75 0 0
0.176495 0.725 0 0
0.122773 0.7 0 0
0.06185 0.675 0 0
-0.0058625 0.65 0 0
-0.03263 0.625 0 0
-0.0953725 0.6 0 0
-0.163385 0.575 0 0
-0.233132 0.55 0 0
-0.274288 0.525 0 0
-0.36349 0.5 0 0
-0.432825 0.475 0 0
-0.610017 0.45 0 0
-0.621575 0.425 0 0
-0.654417 0.4 0 0
-0.70733 0.375 0 0
-0.778892 0.35 0 0
-0.742405 0.325 0 0
-0.773218 0.3 0 0
-0.819137 0.275 0 0
-0.829787 0.25 0 0
-0.855527 0.225 0 0
-0.83708 0.2 0 0
-0.83414 0.175 0 0
-0.844782 0.15 0 0
-0.837588 0.125 0 0
-0.821065 0.075 0 0
-0.795415 0.05 0 0
-0.775145 0.025 0 0
-0.716248 0.015 0 0
-0.599982 0.01 0 0
-0.469522 0.0075 0 0
-0.234955 0.005 0 0
-0.0659775 0.0025 0 0
0.15896 0.00125 0 0
0.386633 0.0005 0 0
0.72064 0 0 0
1.09566 0.00125 0 0
1.21139 0.002375 0 0
1.18559 0.00375 0 0
1.10899 0.00625 0 0
1.01737 0.01125 0 0
0.913699 0.02 0 0
0.687876 0.035 0 0
0.404504 0.04625 0 0
0.329492 0.0625 0 0
0.131516 0.09375 0 0
-0.208394 0.15 0 0
-0.383201 0.18125 0 0
-0.518527 0.21875 0 0
-0.636955 0.25625 0 0
-0.675753 0.2875 0 0
-0.796119 0.31875 0 0
-0.92205 0.375 0 0
-0.982263 0.43125 0 0
-0.995845 0.4625 0 0
-0.98755 0.49375 0 0
-1.00715 0.525 0 0
-0.963429 0.55625 0 0
-0.926662 0.5875 0 0
-0.898052 0.61875 0 0
-0.846122 0.65 0 0
-0.754361 0.68125 0 0
-0.733175 0.7125 0 0
-0.702154 0.74375 0 0
-0.679627 0.775 0 0
-0.481457 0.8125 0 0
-0.441535 0.85 0 0
-0.40411 0.88125 0 0
-0.365893 0.9125 0 0
-0.280849 0.96875 0 0
-0.205122 1.025 0 0
-0.157352 1.05625 0 0
-0.141618 1.0875 0 0
-0.0634595 1.1225 0 0
-0.0309967 1.1475 0 0
0.028787 1.16875 0 0
0.0631692 1.1875 0 0
0.180559 1.22125 0 0
0.173963 0.99 0 0
0.253738 0.975 0 0
0.269247 0.95 0 0
0.312227 0.925 0 0
0.320943 0.9 0 0
0.491073 0.875 0 0
0.412941 0.850125 0 0
0.32855 0.825312 0 0
0.201766 0.750625 0 0
0.117756 0.72625 0 0
0.005392 0.701875 0 0
-0.0881455 0.6775 0 0
-0.184924 0.65375 0 0
-0.226416 0.63125 0 0
-0.294226 0.6125 0 0
-0.368651 0.59375 0 0
-0.44253 0.58125 0 0
-0.485483 0.5625 0 0
-0.572025 0.54375 0 0
-0.642095 0.525 0 0
-0.823899 0.50625 0 0
-0.829022 0.4875 0 0
-0.859202 0.46875 0 0
-0.900635 0.45 0 0
-0.964494 0.43125 0 0
-0.937128 0.4125 0 0
-0.95005 0.39375 0 0
-0.982742 0.375 0 0
-0.985181 0.35625 0 0
-1.00803 0.3375 0 0
-0.945286 0.31875 0 0
-0.925013 0.3 0 0
-0.913355 0.28125 0 0
-0.895871 0.2625 0 0
-0.861911 0.21875 0 0
0.798368 0.21875 0 0
0.465703 0.213 0 0
0.231163 0.2075 0 0
-0.819258 0.2 0 0
-0.0114125 0.19 0 0
-0.190831 0.18625 0 0
-0.438829 0.1825 0 0
-0.783303 0.18125 0 0
-0.58452 0.17875 0 0
-0.717713 0.1775 0 0
1.09566 0.00125 0 0
1.21139 0.002375 0 0
1.18559 0.00375 0 0
1.10899 0.00625 0 0
1.01737 0.01125 0 0
0.913699 0.02 0 0
0.687876 0.035 0 0
0.404504 0.04625 0 0
0.329492 0.0625 0 0
0.131516 0.09375 0 0
-0.208394 0.15 0 0
-0.383201 0.18125 0 0
-0.518527 0.21875 0 0
-0.636955 0.25625 0 0
-0.675753 0.2875 0 0
-0.796119 0.31875 0 0
-0.92205 0.375 0 0
-0.982263 0.43125 0 0
-0.995845 0.4625 0 0
-0.98755 0.49375 0 0
-1.00715 0.525 0 0
-0.963429 0.55625 0 0
-0.926662 0.5875 0 0
-0.898052 0.61875 0 0
-0.846122 0.65 0 0
-0.754361 0.68125 0 0
-0.733175 0.7125 0 0
-0.702154 0.74375 0 0
-0.679627 0.775 0 0
-0.481457 0.8125 0 0
-0.441535 0.85 0 0
-0.40411 0.88125 0 0
-0.365893 0.9125 0 0
-0.280849 0.96875 0 0
-0.205122 1.025 0 0
-0.157352 1.05625 0 0
-0.141618 1.0875 0 0
-0.0634595 1.1225 0 0
-0.0309967 1.1475 0 0
0.028787 1.16875 0 0
0.0631692 1.1875 0 0
0.180559 1.22125 0 0
0.428305 0.992813 0 0
0.530985 0.976562 0 0
0.565645 0.950937 0 0
0.615075 0.925594 0 0
0.594858 0.900312 0 0
0.491073 0.875 0 0
0.412941 0.850125 0 0
0.32855 0.825312 0 0
0.201766 0.750625 0 0
0.117756 0.72625 0 0
0.005392 0.701875 0 0
-0.0881455 0.6775 0 0
-0.184924 0.65375 0 0
-0.226416 0.63125 0 0
-0.294226 0.6125 0 0
-0.368651 0.59375 0 0
-0.44253 0.58125 0 0
-0.485483 0.5625 0 0
-0.572025 0.54375 0 0
-0.642095 0.525 0 0
-0.823899 0.50625 0 0
-0.829022 0.4875 0 0
-0.859202 0.46875 0 0
-0.900635 0.45 0 0
-0.964494 0.43125 0 0
-0.937128 0.4125 0 0
-0.95005 0.39375 0 0
-0.982742 0.375 0 0
-0.985181 0.35625 0 0
-1.00803 0.3375 0 0
-0.945286 0.31875 0 0
-0.925013 0.3 0 0
-0.913355 0.28125 0 0
-0.895871 0.2625 0 0
-0.861911 0.21875 0 0
0.798368 0.21875 0 0
0.465703 0.213 0 0
0.231163 0.2075 0 0
-0.819258 0.2 0 0
-0.0114125 0.19 0 0
-0.190831 0.18625 0 0
-0.438829 0.1825 0 0
-0.783303 0.18125 0 0
-0.58452 0.17875 0 0
-0.717713 0.1775 0 0
1.09566 0.00125 0 0
1.21139 0.002375 0 0
1.18559 0.00375 0 0
1.10899 0.00625 0 0
1.01737 0.01125 0 0
0.913699 0.02 0 0
0.687876 0.035 0 0
0.404504 0.04625 0 0
0.329492 0.0625 0 0
0.131516 0.09375 0 0
-0.208394 0.15 0 0
-0.383201 0.18125 0 0
-0.518527 0.21875 0 0
-0.636955 0.25625 0 0
-0.675753 0.2875 0 0
-0.796119 0.31875 0 0
-0.92205 0.375 0 0
-0.982263 0.43125 0 0
-0.995845 0.4625 0 0
-0.98755 0.49375 0 0
-1.00715 0.525 0 0
-0.963429 0.55625 0 0
-0.926662 0.5875 0 0
-0.898052 0.61875 0 0
-0.846122 0.65 0 0
-0.754361 0.68125 0 0
-0.733175 0.7125 0 0
-0.702154 0.74375 0 0
-0.679627 0.775 0 0
-0.481457 0.8125 0 0
-0.441535 0.85 0 0
-0.40411 0.88125 0 0
-0.365893 0.9125 0 0
-0.280849 0.96875 0 0
-0.205122 1.025 0 0
-0.157352 1.05625 0 0
-0.141618 1.0875 0 0
-0.0634595 1.1225 0 0
-0.0309967 1.1475 0 0
0.028787 1.16875 0 0
0.0631692 1.1875 0 0
0.180559 1.22125 0 0
0.428305 0.992813 0 0
0.530985 0.976562 0 0
0.565645 0.950937 0 0
0.615075 0.925594 0 0
0.594858 0.900312 0 0
0.491073 0.875 0 0
0.412941 0.850125 0 0
0.32855 0.825312 0 0
0.201766 0.750625 0 0
0.117756 0.72625 0 0
0.005392 0.701875 0 0
-0.0881455 0.6775 0 0
-0.184924 0.65375 0 0
-0.226416 0.63125 0 0
-0.294226 0.6125 0 0
-0.368651 0.59375 0 0
-0.44253 0.58125 0 0
-0.485483 0.5625 0 0
-0.572025 0.54375 0 0
-0.642095 0.525 0 0
-0.823899 0.50625 0 0
-0.829022 0.4875 0 0
-0.859202 0.46875 0 0
-0.900635 0.45 0 0
-0.964494 0.43125 0 0
-0.937128 0.4125 0 0
-0.95005 0.39375 0 0
-0.982742 0.375 0 0
-0.985181 0.35625 0 0
-1.00803 0.3375 0 0
-0.945286 0.31875 0 0
-0.925013 0.3 0 0
-0.913355 0.28125 0 0
-0.895871 0.2625 0 0
-0.861911 0.21875 0 0
0.798368 0.21875 0 0
0.465703 0.213 0 0
0.231163 0.2075 0 0
-0.819258 0.2 0 0
-0.0114125 0.19 0 0
-0.190831 0.18625 0 0
-0.438829 0.1825 0 0
-0.783303 0.18125 0 0
-0.58452 0.17875 0 0
-0.717713 0.1775 0 0
1.09566 0.00125 0 0
1.21139 0.002375 0 0
1.18559 0.00375 0 0
1.10899 0.00625 0 0
1.01737 0.01125 0 0
0.913699 0.02 0 0
0.687876 0.035 0 0
0.404504 0.04625 0 0
0.329492 0.0625 0 0
0.131516 0.09375 0 0
-0.208394 0.15 0 0
-0.383201 0.18125 0 0
-0.518527 0.21875 0 0
-0.636955 0.25625 0 0
-0.675753 0.2875 0 0
-0.796119 0.31875 0 0
-0.92205 0.375 0 0
-0.982263 0.43125 0 0
-0.995845 0.4625 0 0
-0.98755 0.49375 0 0
-1.00715 0.525 0 0
-0.963429 0.55625 0 0
-0.926662 0.5875 0 0
-0.898052 0.61875 0 0
-0.846122 0.65 0 0
-0.754361 0.68125 0 0
-0.733175 0.7125 0 0
-0.702154 0.74375 0 0
-0.679627 0.775 0 0
-0.481457 0.8125 0 0
-0.441535 0.85 0 0
-0.40411 0.88125 0 0
-0.365893 0.9125 0 0
-0.280849 0.96875 0 0
-0.205122 1.025 0 0
-0.157352 1.05625 0 0
-0.141618 1.0875 0 0
-0.0634595 1.1225 0 0
-0.0309967 1.1475 0 0
0.028787 1.16875 0 0
0.0631692 1.1875 0 0
0.180559 1.22125 0 0
0.428305 0.992813 0 0
0.530985 0.976562 0 0
0.565645 0.950937 0 0
0.615075 0.925594 0 0
0.594858 0.900312 0 0
0.491073 0.875 0 0
0.412941 0.850125 0 0
0.32855 0.825312 0 0
0.201766 0.750625 0 0
0.117756 0.72625 0 0
0.005392 0.701875 0 0
-0.0881455 0.6775 0 0
-0.184924 0.65375 0 0
-0.226416 0.63125 0 0
-0.294226 0.6125 0 0
-0.368651 0.59375 0 0
-0.44253 0.58125 0 0
-0.485483 0.5625 0 0
-0.572025 0.54375 0 0
-0.642095 0.525 0 0
-0.823899 0.50625 0 0
-0.829022 0.4875 0 0
-0.859202 0.46875 0 0
-0.900635 0.45 0 0
-0.964494 0.43125 0 0
-0.937128 0.4125 0 0
-0.95005 0.39375 0 0
-0.982742 0.375 0 0
-0.985181 0.35625 0 0
-1.00803 0.3375 0 0
-0.945286 0.31875 0 0
-0.925013 0.3 0 0
-0.913355 0.28125 0 0
-0.895871 0.2625 0 0
-0.861911 0.21875 0 0
0.798368 0.21875 0 0
0.465703 0.213 0 0
0.231163 0.2075 0 0
-0.819258 0.2 0 0
-0.0114125 0.19 0 0
-0.190831 0.18625 0 0
-0.438829 0.1825 0 0
-0.783303 0.18125 0 0
-0.58452 0.17875 0 0
-0.717713 0.1775 0 0
1.09566 0.00125 0 0
1.21139 0.002375 0 0
1.18559 0.00375 0 0
1.10899 0.00625 0 0
1.01737 0.01125 0 0
0.913699 0.02 0 0
0.687876 0.035 0 0
0.404504 0.04625 0 0
0.329492 0.0625 0 0
0.131516 0.09375 0 0
-0.208394 0.15 0 0
-0.383201 0.18125 0 0
-0.518527 0.21875 0 0
-0.636955 0.25625 0 0
-0.675753 0.2875 0 0
-0.796119 0.31875 0 0
-0.92205 0.375 0 0
-0.982263 0.43125 0 0
-0.995845 0.4625 0 0
-0.98755 0.49375 0 0
-1.00715 0.525 0 0
-0.963429 0.55625 0 0
-0.926662 0.5875 0 0
-0.898052 0.61875 0 0
-0.846122 0.65 0 0
-0.754361 0.68125 0 0
-0.733175 0.7125 0 0
-0.702154 0.74375 0 0
-0.679627 0.775 0 0
-0.481457 0.8125 0 0
-0.441535 0.85 0 0
-0.40411 0.88125 0 0
-0.365893 0.9125 0 0
-0.280849 0.96875 0 0
-0.205122 1.025 0 0
-0.157352 1.05625 0 0
-0.141618 1.0875 0 0
-0.0634595 1.1225 0 0
-0.0309967 1.1475 0 0
0.028787 1.16875 0 0
0.0631692 1.1875 0 0
0.180559 1.22125 0 0
0.428305 0.992813 0 0
0.530985 0.976562 0 0
0.565645 0.950937 0 0
0.615075 0.925594 0 0
0.594858 0.900312 0 0
0.491073 0.875 0 0
0.412941 0.850125 0 0
0.32855 0.825312 0 0
0.201766 0.750625 0 0
0.117756 0.72625 0 0
0.005392 0.701875 0 0
-0.0881455 0.6775 0 0
-0.184924 0.65375 0 0
-0.226416 0.63125 0 0
-0.294226 0.6125 0 0
-0.368651 0.59375 0 0
-0.44253 0.58125 0 0
-0.485483 0.5625 0 0
-0.572025 0.54375 0 0
-0.642095 0.525 0 0
-0.823899 0.50625 0 0
-0.829022 0.4875 0 0
-0.859202 0.46875 0 0
-0.900635 0.45 0 0
-0.964494 0.43125 0 0
-0.937128 0.4125 0 0
-0.95005 0.39375 0 0
-0.982742 0.375 0 0
-0.985181 0.35625 0 0
-1.00803 0.3375 0 0
-0.945286 0.31875 0 0
-0.925013 0.3 0 0
-0.913355 0.28125 0 0
-0.895871 0.2625 0 0
-0.861911 0.21875 0 0
0.798368 0.21875 0 0
0.465703 0.213 0 0
0.231163 0.2075 0 0
-0.819258 0.2 0 0
-0.0114125 0.19 0 0
-0.190831 0.18625 0 0
-0.438829 0.1825 0 0
-0.783303 0.18125 0 0
-0.58452 0.17875 0 0
-0.717713 0.1775 0 0
