-3.52044 0 0 0
-4.28516 0.0005 0 0
-4.43034 0.00125 0 0
-4.61311 0.0025 0 0
-4.80787 0.005 0 0
-4.76247 0.0075 0 0
-4.55639 0.01 0 0
-4.4968 0.015 0 0
-3.96308 0.025 0 0
-3.84538 0.05 0 0
-2.55071 0.1 0 0
-2.29416 0.125 0 0
-2.0846 0.15 0 0
-1.93331 0.175 0 0
-1.65006 0.2 0 0
-1.63267 0.225 0 0
-1.32998 0.275 0 0
-0.962185 0.325 0 0
-0.780561 0.35 0 0
-0.633943 0.375 0 0
-0.580736 0.4 0 0
-0.525853 0.425 0 0
-0.510761 0.45 0 0
-0.508512 0.475 0 0
-0.502865 0.5 0 0
-0.498613 0.525 0 0
-0.50986 0.55 0 0
-0.50925 0.575 0 0
-0.519513 0.6 0 0
-0.535424 0.625 0 0
-0.534155 0.65 0 0
-0.540744 0.675 0 0
-0.543894 0.7 0 0
-0.549006 0.75 0 0
-0.549579 0.8 0 0
-0.544916 0.825 0 0
-0.573175 0.85 0 0
-0.554935 0.875 0 0
-0.562297 0.9 0 0
-0.559352 0.925 0 0
-0.5643 0.95 0 0
-0.544549 0.99 0 0
-0.560004 0.99 0 0
-0.097815 0.975 0 0
0.030114 0.95 0 0
0.160495 0.925 0 0
0.21612 0.9 0 0
0.246302 0.875 0 0
0.285522 0.85 0 0
0.278938 0.825 0 0
0.286463 0.75 0 0
0.222172 0.725 0 0
0.185568 0.7 0 0
0.16757 0.675 0 0
0.132566 0.65 0 0
0.142295 0.625 0 0
0.134852 0.6 0 0
0.110889 0.575 0 0
0.085447 0.55 0 0
0.092033 0.525 0 0
0.054815 0.5 0 0
0.036004 0.475 0 0
0.042913 0.45 0 0
0.064591 0.425 0 0
0.079029 0.4 0 0
0.076533 0.375 0 0
0.065408 0.35 0 0
0.17653 0.325 0 0
0.218898 0.3 0 0
0.254808 0.275 0 0
0.335377 0.25 0 0
0.373247 0.225 0 0
0.471035 0.2 0 0
0.540809 0.175 0 0
0.617736 0.15 0 0
0.713683 0.125 0 0
0.932856 0.075 0 0
1.02288 0.05 0 0
1.01535 0.025 0 0
0.95196 0.015 0 0
0.621585 0.01 0 0
0.350962 0.0075 0 0
-0.04223 0.005 0 0
-0.42344 0.0025 0 0
-0.964317 0.00125 0 0
-1.72281 0.0005 0 0
-2.8275 0 0 0
-4.00123 0.0005 0 0
-4.7614 0.00125 0 0
-4.88598 0.00225 0 0
-5.06279 0.004 0 0
-5.20418 0.0075 0 0
-5.14701 0.0125 0 0
-4.81146 0.02 0 0
-4.72622 0.0275 0 0
-4.17154 0.04 0 0
-4.03871 0.0675 0 0
-2.71572 0.12 0 0
-2.45742 0.1475 0 0
-2.2176 0.1775 0 0
-2.02953 0.2075 0 0
-1.72811 0.235 0 0
-1.69607 0.2625 0 0
-1.38806 0.315 0 0
-1.01477 0.3675 0 0
-0.831637 0.395 0 0
-0.684794 0.4225 0 0
-0.631023 0.45 0 0
-0.575714 0.4775 0 0
-0.561747 0.505 0 0
-0.559437 0.5325 0 0
-0.554816 0.56 0 0
-0.552155 0.5875 0 0
-0.563275 0.615 0 0
-0.563324 0.6425 0 0
-0.573902 0.67 0 0
-0.590325 0.7 0 0
-0.589113 0.73 0 0
-0.595236 0.7575 0 0
-0.601212 0.785 0 0
-0.604499 0.8375 0 0
-0.605809 0.89 0 0
-0.600851 0.9175 0 0
-0.629605 0.945 0 0
-0.60939 0.974 0 0
-0.618297 0.999 0 0
-0.569134 1.0225 0 0
-0.561289 1.045 0 0
-0.5285 1.0825 0 0
-0.560004 0.99 0 0
-0.097815 0.975 0 0
0.030114 0.95 0 0
0.160495 0.925 0 0
0.21612 0.9 0 0
-0.036448 0.875 0 0
0.113241 0.85005 0 0
0.182506 0.825125 0 0
0.244119 0.75025 0 0
0.217949 0.7255 0 0
0.220664 0.70075 0 0
0.229729 0.676 0 0
0.227762 0.6515 0 0
0.24383 0.6275 0 0
0.23714 0.605 0 0
0.204175 0.5825 0 0
0.156815 0.5625 0 0
0.153807 0.54 0 0
0.108896 0.5175 0 0
0.0831075 0.495 0 0
0.0802377 0.4725 0 0
0.0981287 0.45 0 0
0.10451 0.4275 0 0
0.0984228 0.405 0 0
0.083061 0.3825 0 0
0.183071 0.36 0 0
0.226551 0.3375 0 0
0.262711 0.315 0 0
0.341836 0.2925 0 0
0.377538 0.27 0 0
0.474635 0.2475 0 0
0.546291 0.225 0 0
0.626939 0.2025 0 0
0.722228 0.18 0 0
0.943945 0.1325 0 0
1.03636 0.11 0 0
-2.80287 0.0875 0 0
1.02958 0.0875 0 0
-1.69426 0.0855 0 0
-0.936423 0.08375 0 0
0.965217 0.08 0 0
0.638342 0.0775 0 0
-0.394794 0.0775 0 0
0.369519 0.0775 0 0
-0.0200128 0.0775 0 0
-4.00123 0.0005 0 0
-4.7614 0.00125 0 0
-4.88598 0.00225 0 0
-5.06279 0.004 0 0
-5.20418 0.0075 0 0
-5.14701 0.0125 0 0
-4.81146 0.02 0 0
-4.72622 0.0275 0 0
-4.17154 0.04 0 0
-4.03871 0.0675 0 0
-2.71572 0.12 0 0
-2.45742 0.1475 0 0
-2.2176 0.1775 0 0
-2.02953 0.2075 0 0
-1.72811 0.235 0 0
-1.69607 0.2625 0 0
-1.38806 0.315 0 0
-1.01477 0.3675 0 0
-0.831637 0.395 0 0
-0.684794 0.4225 0 0
-0.631023 0.45 0 0
-0.575714 0.4775 0 0
-0.561747 0.505 0 0
-0.559437 0.5325 0 0
-0.554816 0.56 0 0
-0.552155 0.5875 0 0
-0.563275 0.615 0 0
-0.563324 0.6425 0 0
-0.573902 0.67 0 0
-0.590325 0.7 0 0
-0.589113 0.73 0 0
-0.595236 0.7575 0 0
-0.601212 0.785 0 0
-0.604499 0.8375 0 0
-0.605809 0.89 0 0
-0.600851 0.9175 0 0
-0.629605 0.945 0 0
-0.60939 0.974 0 0
-0.618297 0.999 0 0
-0.569134 1.0225 0 0
-0.561289 1.045 0 0
-0.5285 1.0825 0 0
-1.08042 0.99075 0 0
-0.604094 0.9754 0 0
-0.458484 0.950225 0 0
-0.315645 0.925125 0 0
-0.184003 0.90005 0 0
-0.036448 0.875 0 0
0.113241 0.85005 0 0
0.182506 0.825125 0 0
0.244119 0.75025 0 0
0.217949 0.7255 0 0
0.220664 0.70075 0 0
0.229729 0.676 0 0
0.227762 0.6515 0 0
0.24383 0.6275 0 0
0.23714 0.605 0 0
0.204175 0.5825 0 0
0.156815 0.5625 0 0
0.153807 0.54 0 0
0.108896 0.5175 0 0
0.0831075 0.495 0 0
0.0802377 0.4725 0 0
0.0981287 0.45 0 0
0.10451 0.4275 0 0
0.0984228 0.405 0 0
0.083061 0.3825 0 0
0.183071 0.36 0 0
0.226551 0.3375 0 0
0.262711 0.315 0 0
0.341836 0.2925 0 0
0.377538 0.27 0 0
0.474635 0.2475 0 0
0.546291 0.225 0 0
0.626939 0.2025 0 0
0.722228 0.18 0 0
0.943945 0.1325 0 0
1.03636 0.11 0 0
-2.80287 0.0875 0 0
1.02958 0.0875 0 0
-1.69426 0.0855 0 0
-0.936423 0.08375 0 0
0.965217 0.08 0 0
0.638342 0.0775 0 0
-0.394794 0.0775 0 0
0.369519 0.0775 0 0
-0.0200128 0.0775 0 0
-4.00123 0.0005 0 0
-4.7614 0.00125 0 0
-4.88598 0.00225 0 0
-5.06279 0.004 0 0
-5.20418 0.0075 0 0
-5.14701 0.0125 0 0
-4.81146 0.02 0 0
-4.72622 0.0275 0 0
-4.17154 0.04 0 0
-4.03871 0.0675 0 0
-2.71572 0.12 0 0
-2.45742 0.1475 0 0
-2.2176 0.1775 0 0
-2.02953 0.2075 0 0
-1.72811 0.235 0 0
-1.69607 0.2625 0 0
-1.38806 0.315 0 0
-1.01477 0.3675 0 0
-0.831637 0.395 0 0
-0.684794 0.4225 0 0
-0.631023 0.45 0 0
-0.575714 0.4775 0 0
-0.561747 0.505 0 0
-0.559437 0.5325 0 0
-0.554816 0.56 0 0
-0.552155 0.5875 0 0
-0.563275 0.615 0 0
-0.563324 0.6425 0 0
-0.573902 0.67 0 0
-0.590325 0.7 0 0
-0.589113 0.73 0 0
-0.595236 0.7575 0 0
-0.601212 0.785 0 0
-0.604499 0.8375 0 0
-0.605809 0.89 0 0
-0.600851 0.9175 0 0
-0.629605 0.945 0 0
-0.60939 0.974 0 0
-0.618297 0.999 0 0
-0.569134 1.0225 0 0
-0.561289 1.045 0 0
-0.5285 1.0825 0 0
-1.08042 0.99075 0 0
-0.604094 0.9754 0 0
-0.458484 0.950225 0 0
-0.315645 0.925125 0 0
-0.184003 0.90005 0 0
-0.036448 0.875 0 0
0.113241 0.85005 0 0
0.182506 0.825125 0 0
0.244119 0.75025 0 0
0.217949 0.7255 0 0
0.220664 0.70075 0 0
0.229729 0.676 0 0
0.227762 0.6515 0 0
0.24383 0.6275 0 0
0.23714 0.605 0 0
0.204175 0.5825 0 0
0.156815 0.5625 0 0
0.153807 0.54 0 0
0.108896 0.5175 0 0
0.0831075 0.495 0 0
0.0802377 0.4725 0 0
0.0981287 0.45 0 0
0.10451 0.4275 0 0
0.0984228 0.405 0 0
0.083061 0.3825 0 0
0.183071 0.36 0 0
0.226551 0.3375 0 0
0.262711 0.315 0 0
0.341836 0.2925 0 0
0.377538 0.27 0 0
0.474635 0.2475 0 0
0.546291 0.225 0 0
0.626939 0.2025 0 0
0.722228 0.18 0 0
0.943945 0.1325 0 0
1.03636 0.11 0 0
-2.80287 0.0875 0 0
1.02958 0.0875 0 0
-1.69426 0.0855 0 0
-0.936423 0.08375 0 0
0.965217 0.08 0 0
0.638342 0.0775 0 0
-0.394794 0.0775 0 0
0.369519 0.0775 0 0
-0.0200128 0.0775 0 0
-4.00123 0.0005 0 0
-4.7614 0.00125 0 0
-4.88598 0.00225 0 0
-5.06279 0.004 0 0
-5.20418 0.0075 0 0
-5.14701 0.0125 0 0
-4.81146 0.02 0 0
-4.72622 0.0275 0 0
-4.17154 0.04 0 0
-4.03871 0.0675 0 0
-2.71572 0.12 0 0
-2.45742 0.1475 0 0
-2.2176 0.1775 0 0
-2.02953 0.2075 0 0
-1.72811 0.235 0 0
-1.69607 0.2625 0 0
-1.38806 0.315 0 0
-1.01477 0.3675 0 0
-0.831637 0.395 0 0
-0.684794 0.4225 0 0
-0.631023 0.45 0 0
-0.575714 0.4775 0 0
-0.561747 0.505 0 0
-0.559437 0.5325 0 0
-0.554816 0.56 0 0
-0.552155 0.5875 0 0
-0.563275 0.615 0 0
-0.563324 0.6425 0 0
-0.573902 0.67 0 0
-0.590325 0.7 0 0
-0.589113 0.73 0 0
-0.595236 0.7575 0 0
-0.601212 0.785 0 0
-0.604499 0.8375 0 0
-0.605809 0.89 0 0
-0.600851 0.9175 0 0
-0.629605 0.945 0 0
-0.60939 0.974 0 0
-0.618297 0.999 0 0
-0.569134 1.0225 0 0
-0.561289 1.045 0 0
-0.5285 1.0825 0 0
-1.08042 0.99075 0 0
-0.604094 0.9754 0 0
-0.458484 0.950225 0 0
-0.315645 0.925125 0 0
-0.184003 0.90005 0 0
-0.036448 0.875 0 0
0.113241 0.85005 0 0
0.182506 0.825125 0 0
0.244119 0.75025 0 0
0.217949 0.7255 0 0
0.220664 0.70075 0 0
0.229729 0.676 0 0
0.227762 0.6515 0 0
0.24383 0.6275 0 0
0.23714 0.605 0 0
0.204175 0.5825 0 0
0.156815 0.5625 0 0
0.153807 0.54 0 0
0.108896 0.5175 0 0
0.0831075 0.495 0 0
0.0802377 0.4725 0 0
0.0981287 0.45 0 0
0.10451 0.4275 0 0
0.0984228 0.405 0 0
0.083061 0.3825 0 0
0.183071 0.36 0 0
0.226551 0.3375 0 0
0.262711 0.315 0 0
0.341836 0.2925 0 0
0.377538 0.27 0 0
0.474635 0.2475 0 0
0.546291 0.225 0 0
0.626939 0.2025 0 0
0.722228 0.18 0 0
0.943945 0.1325 0 0
1.03636 0.11 0 0
-2.80287 0.0875 0 0
1.02958 0.0875 0 0
-1.69426 0.0855 0 0
-0.936423 0.08375 0 0
0.965217 0.08 0 0
0.638342 0.0775 0 0
-0.394794 0.0775 0 0
0.369519 0.0775 0 0
-0.0200128 0.0775 0 0
-4.00123 0.0005 0 0
-4.7614 0.00125 0 0
-4.88598 0.00225 0 0
-5.06279 0.004 0 0
-5.20418 0.0075 0 0
-5.14701 0.0125 0 0
-4.81146 0.02 0 0
-4.72622 0.0275 0 0
-4.17154 0.04 0 0
-4.03871 0.0675 0 0
-2.71572 0.12 0 0
-2.45742 0.1475 0 0
-2.2176 0.1775 0 0
-2.02953 0.2075 0 0
-1.72811 0.235 0 0
-1.69607 0.2625 0 0
-1.38806 0.315 0 0
-1.01477 0.3675 0 0
-0.831637 0.395 0 0
-0.684794 0.4225 0 0
-0.631023 0.45 0 0
-0.575714 0.4775 0 0
-0.561747 0.505 0 0
-0.559437 0.5325 0 0
-0.554816 0.56 0 0
-0.552155 0.5875 0 0
-0.563275 0.615 0 0
-0.563324 0.6425 0 0
-0.573902 0.67 0 0
-0.590325 0.7 0 0
-0.589113 0.73 0 0
-0.595236 0.7575 0 0
-0.601212 0.785 0 0
-0.604499 0.8375 0 0
-0.605809 0.89 0 0
-0.600851 0.9175 0 0
-0.629605 0.945 0 0
-0.60939 0.974 0 0
-0.618297 0.999 0 0
-0.569134 1.0225 0 0
-0.561289 1.045 0 0
-0.5285 1.0825 0 0
-1.08042 0.99075 0 0
-0.604094 0.9754 0 0
-0.458484 0.950225 0 0
-0.315645 0.925125 0 0
-0.184003 0.90005 0 0
-0.036448 0.875 0 0
0.113241 0.85005 0 0
0.182506 0.825125 0 0
0.244119 0.75025 0 0
0.217949 0.7255 0 0
0.220664 0.70075 0 0
0.229729 0.676 0 0
0.227762 0.6515 0 0
0.24383 0.6275 0 0
0.23714 0.605 0 0
0.204175 0.5825 0 0
0.156815 0.5625 0 0
0.153807 0.54 0 0
0.108896 0.5175 0 0
0.0831075 0.495 0 0
0.0802377 0.4725 0 0
0.0981287 0.45 0 0
0.10451 0.4275 0 0
0.0984228 0.405 0 0
0.083061 0.3825 0 0
0.183071 0.36 0 0
0.226551 0.3375 0 0
0.262711 0.315 0 0
0.341836 0.2925 0 0
0.377538 0.27 0 0
0.474635 0.2475 0 0
0.546291 0.225 0 0
0.626939 0.2025 0 0
0.722228 0.18 0 0
0.943945 0.1325 0 0
1.03636 0.11 0 0
-2.80287 0.0875 0 0
1.02958 0.0875 0 0
-1.69426 0.0855 0 0
-0.936423 0.08375 0 0
0.965217 0.08 0 0
0.638342 0.0775 0 0
-0.394794 0.0775 0 0
0.369519 0.0775 0 0
-0.0200128 0.0775 0 0
