0 0 0 0
0 1.7 0 0
-0.428516 1.4115 0 0.16378
-0.443034 0.000125 0 0
0 0 0 0
-4.00123 0.0005 0 0
-4.7614 0.00125 0 0
-4.88598 0.00225 0 0
-5.06279 0.004 0 0
-5.20418 0.0075 0 0
-5.14701 0.0125 0 0
-4.81146 0.02 0 0
-4.72622 0.0275 0 0
-4.17154 0.04 0 0
-4.03871 0.0675 0 0
-2.71572 0.12 0 0
-2.45742 0.1475 0 0
-2.2176 0.1775 0 0
-2.02953 0.2075 0 0
-1.72811 0.235 0 0
-1.69607 0.2625 0 0
-1.38806 0.315 0 0
-1.01477 0.3675 0 0
-0.831637 0.395 0 0
-0.684794 0.4225 0 0
-0.631023 0.45 0 0
-0.575714 0.4775 0 0
-0.561747 0.505 0 0
-0.559437 0.5325 0 0
-0.554816 0.56 0 0
-0.552155 0.5875 0 0
-0.563275 0.615 0 0
-0.563324 0.6425 0 0
-0.573902 0.67 0 0
-0.590325 0.7 0 0
-0.589113 0.73 0 0
-0.595236 0.7575 0 0
-0.601212 0.785 0 0
-0.604499 0.8375 0 0
-0.605809 0.89 0 0
-0.600851 0.9175 0 0
-0.629605 0.945 0 0
-0.60939 0.974 0 0
-0.618297 0.999 0 0
-0.569134 1.0225 0 0
-0.561289 1.045 0 0
-0.5285 1.0825 0 0
0 0 0 0
-2.80287 0.0875 0 0
-1.69426 0.0855 0 0
-0.936423 0.08375 0 0
-0.394794 0.0775 0 0
-0.0200128 0.0775 0 0
0.369519 0.0775 0 0
0.638342 0.0775 0 0
0.965217 0.08 0 0
1.02958 0.0875 0 0
1.03636 0.11 0 0
0.943945 0.1325 0 0
0.722228 0.18 0 0
0.626939 0.2025 0 0
0.546291 0.225 0 0
0.474635 0.2475 0 0
0.377538 0.27 0 0
0.341836 0.2925 0 0
0.262711 0.315 0 0
0.226551 0.3375 0 0
0.183071 0.36 0 0
0.083061 0.3825 0 0
0.0984228 0.405 0 0
0.10451 0.4275 0 0
0.0981287 0.45 0 0
0.0802377 0.4725 0 0
0.0831075 0.495 0 0
0.108896 0.5175 0 0
0.153807 0.54 0 0
0.156815 0.5625 0 0
0.204175 0.5825 0 0
0.23714 0.605 0 0
0.24383 0.6275 0 0
0.227762 0.6515 0 0
0.229729 0.676 0 0
0.220664 0.70075 0 0
0.217949 0.7255 0 0
0.244119 0.75025 0 0
0.182506 0.825125 0 0
0.113241 0.85005 0 0
-0.036448 0.875 0 0
-0.184003 0.90005 0 0
-0.315645 0.925125 0 0
-0.458484 0.950225 0 0
-0.604094 0.9754 0 0
-1.08042 0.99075 0 0
0 0 0 0
0.531463 0.0645 0 0
0.548575 0.09025 0 0
0.593734 0.1165 0 0
0.626404 0.14425 0 0
0.745041 0.1745 0 0
0.759667 0.20225 0 0
0.804591 0.23025 0 0
0.819591 0.25825 0 0
0.844951 0.286 0 0
0.856413 0.31375 0 0
0.873885 0.344 0 0
0.920905 0.37425 0 0
0.940362 0.402 0 0
0.961961 0.42975 0 0
0.967171 0.4575 0 0
0.957244 0.48525 0 0
0.968704 0.503 0 0
0.963001 0.52075 0 0
0.960971 0.5385 0 0
0.973628 0.55625 0 0
0.96009 0.574 0 0
0.96017 0.59175 0 0
0.903893 0.6095 0 0
0.972478 0.6275 0 0
0.959835 0.6455 0 0
0.962824 0.66325 0 0
0.95408 0.681 0 0
0.956006 0.70125 0 0
0.9513 0.7215 0 0
0.925342 0.73925 0 0
0.925493 0.757 0 0
0.908253 0.7749 0 0
0.898446 0.7924 0 0
0.865907 0.80975 0 0
0.858386 0.827 0 0
0.833522 0.84575 0 0
0.755192 0.8465 0 0
0.82634 0.855 0 0
0.812494 0.8625 0 0
0.789903 0.87 0 0
0.795229 0.8775 0 0
0.752415 0.885 0 0
0.764272 0.892505 0 0
0.748579 0.900013 0 0
0.694675 0.902525 0 0
0.690716 0.91005 0 0
0.682036 0.917575 0 0
0.647083 0.9251 0 0
0.634204 0.93265 0 0
0.618113 0.94025 0 0
0.610579 0.948 0 0
0.585514 0.95575 0 0
0.577503 0.96375 0 0
0.566524 0.9715 0 0
0.54129 0.97925 0 0
0.537577 0.987 0 0
0.536439 0.99475 0 0
0.580236 1.0025 0 0
0.551105 1.01025 0 0
0.520151 1.018 0 0
0.52647 1.02575 0 0
0.528183 1.0335 0 0
0.543901 1.04125 0 0
0.566994 1.049 0 0
0.576184 1.05675 0 0
0.586131 1.0645 0 0
0.621274 1.07225 0 0
0.64481 1.08 0 0
0.665065 1.08775 0 0
0.681423 1.0955 0 0
0.747747 1.10075 0 0
0.754615 1.1085 0 0
0.371137 1.11625 0 0
0.774052 1.12625 0 0
0.530411 1.13605 0 0
0.628564 1.14587 0 0
0.859218 1.1605 0 0
0.841089 1.17525 0 0
0.772207 1.19025 0 0
0.860574 1.20525 0 0
0.838793 1.22025 0 0
0.477228 1.22755 0 0
0.431295 1.24262 0 0
0.432577 1.25773 0 0
0.441807 1.2729 0 0
0.435674 1.28825 0 0
0.462787 1.30375 0 0
0.509472 1.3195 0 0
0.522664 1.33525 0 0
0.588036 1.3515 0 0
0.611591 1.36925 0 0
0.721683 1.3895 0 0
0.769929 1.40725 0 0
0.798821 1.42525 0 0
0.812809 1.44325 0 0
0.850228 1.461 0 0
0.844636 1.48875 0 0
0.891349 1.519 0 0
0.930069 1.54925 0 0
0.925519 1.577 0 0
0.936356 1.60475 0 0
0.947541 1.6325 0 0
0.972912 1.66025 0 0
0.923431 1.688 0 0
0.963573 1.71575 0 0
0.980644 1.7435 0 0
0.950847 1.77125 0 0
0.958611 1.799 0 0
0.944621 1.82675 0 0
0.962419 1.8545 0 0
0.968667 1.8825 0 0
0 0 0 0
-0.0844896 0.70075 0 0
-0.233588 1.016 0 0
-0.169975 1.33375 0 0
-0.0791779 1.6515 0 0
-0.0600851 0.09175 0 0
-0.0629605 0.0945 0 0
-0.060939 0.0974 0 0
-0.0618297 0.0999 0 0
-0.0569134 0.10225 0 0
-0.0561289 0.1045 0 0
-0.05285 0.10825 0 0
-0.108042 0.099075 0 0
-0.0604094 0.09754 0 0
-0.0458484 0.0950225 0 0
-0.0315645 0.0925125 0 0
-0.0184003 0.090005 0 0
-0.0036448 0.0875 0 0
0.0113241 0.085005 0 0
0.0182506 0.0825125 0 0
0.0244119 0.075025 0 0
0.0217949 0.07255 0 0
0.0220664 0.070075 0 0
0.0229729 0.0676 0 0
0.0227762 0.06515 0 0
0.024383 0.06275 0 0
0.023714 0.0605 0 0
0.0204175 0.05825 0 0
0.0156815 0.05625 0 0
0.0153807 0.054 0 0
0.0108896 0.05175 0 0
0.00831075 0.0495 0 0
0.00802377 0.04725 0 0
0.00981287 0.045 0 0
0.010451 0.04275 0 0
0.00984228 0.0405 0 0
0.0083061 0.03825 0 0
0.0183071 0.036 0 0
0.0226551 0.03375 0 0
0.0262711 0.0315 0 0
0.0341836 0.02925 0 0
0.0377538 0.027 0 0
0.0474635 0.02475 0 0
0.0546291 0.0225 0 0
0.0626939 0.02025 0 0
0.0722228 0.018 0 0
0.0943945 0.01325 0 0
0.103636 0.011 0 0
-0.280287 0.00875 0 0
0.102958 0.00875 0 0
-0.169426 0.00855 0 0
-0.0936423 0.008375 0 0
0.0965217 0.008 0 0
0.0638342 0.00775 0 0
-0.0394794 0.00775 0 0
0.0369519 0.00775 0 0
-0.00200128 0.00775 0 0
-0.400123 5e-05 0 0
-0.47614 0.000125 0 0
-0.488598 0.000225 0 0
-0.506279 0.0004 0 0
-0.520418 0.00075 0 0
-0.514701 0.00125 0 0
-0.481146 0.002 0 0
-0.472622 0.00275 0 0
-0.417154 0.004 0 0
-0.403871 0.00675 0 0
-0.271572 0.012 0 0
-0.245742 0.01475 0 0
-0.22176 0.01775 0 0
-0.202953 0.02075 0 0
-0.172811 0.0235 0 0
-0.169607 0.02625 0 0
-0.138806 0.0315 0 0
-0.101477 0.03675 0 0
-0.0831637 0.0395 0 0
-0.0684794 0.04225 0 0
-0.0631023 0.045 0 0
-0.0575714 0.04775 0 0
-0.0561747 0.0505 0 0
-0.0559437 0.05325 0 0
-0.0554816 0.056 0 0
-0.0552155 0.05875 0 0
-0.0563275 0.0615 0 0
-0.0563324 0.06425 0 0
-0.0573902 0.067 0 0
-0.0590325 0.07 0 0
-0.0589113 0.073 0 0
-0.0595236 0.07575 0 0
-0.0601212 0.0785 0 0
-0.0604499 0.08375 0 0
-0.0605809 0.089 0 0
-0.0600851 0.09175 0 0
-0.0629605 0.0945 0 0
-0.060939 0.0974 0 0
-0.0618297 0.0999 0 0
-0.0569134 0.10225 0 0
-0.0561289 0.1045 0 0
-0.05285 0.10825 0 0
-0.108042 0.099075 0 0
-0.0604094 0.09754 0 0
-0.0458484 0.0950225 0 0
-0.0315645 0.0925125 0 0
-0.0184003 0.090005 0 0
-0.0036448 0.0875 0 0
0.0113241 0.085005 0 0
0.0182506 0.0825125 0 0
0.0244119 0.075025 0 0
0.0217949 0.07255 0 0
0.0220664 0.070075 0 0
0.0229729 0.0676 0 0
0.0227762 0.06515 0 0
0.024383 0.06275 0 0
0.023714 0.0605 0 0
0.0204175 0.05825 0 0
0.0156815 0.05625 0 0
0.0153807 0.054 0 0
0.0108896 0.05175 0 0
0.00831075 0.0495 0 0
0.00802377 0.04725 0 0
0.00981287 0.045 0 0
0.010451 0.04275 0 0
0.00984228 0.0405 0 0
0.0083061 0.03825 0 0
0.0183071 0.036 0 0
0.0226551 0.03375 0 0
0.0262711 0.0315 0 0
0.0341836 0.02925 0 0
0.0377538 0.027 0 0
0.0474635 0.02475 0 0
0.0546291 0.0225 0 0
0.0626939 0.02025 0 0
0.0722228 0.018 0 0
0.0943945 0.01325 0 0
0.103636 0.011 0 0
-0.280287 0.00875 0 0
0.102958 0.00875 0 0
-0.169426 0.00855 0 0
-0.0936423 0.008375 0 0
0.0965217 0.008 0 0
0.0638342 0.00775 0 0
-0.0394794 0.00775 0 0
0.0369519 0.00775 0 0
-0.00200128 0.00775 0 0
-0.400123 5e-05 0 0
-0.47614 0.000125 0 0
-0.488598 0.000225 0 0
-0.506279 0.0004 0 0
-0.520418 0.00075 0 0
-0.514701 0.00125 0 0
-0.481146 0.002 0 0
-0.472622 0.00275 0 0
-0.417154 0.004 0 0
-0.403871 0.00675 0 0
-0.271572 0.012 0 0
-0.245742 0.01475 0 0
-0.22176 0.01775 0 0
-0.202953 0.02075 0 0
-0.172811 0.0235 0 0
-0.169607 0.02625 0 0
-0.138806 0.0315 0 0
-0.101477 0.03675 0 0
-0.0831637 0.0395 0 0
-0.0684794 0.04225 0 0
-0.0631023 0.045 0 0
-0.0575714 0.04775 0 0
-0.0561747 0.0505 0 0
-0.0559437 0.05325 0 0
-0.0554816 0.056 0 0
-0.0552155 0.05875 0 0
-0.0563275 0.0615 0 0
-0.0563324 0.06425 0 0
-0.0573902 0.067 0 0
-0.0590325 0.07 0 0
-0.0589113 0.073 0 0
-0.0595236 0.07575 0 0
-0.0601212 0.0785 0 0
-0.0604499 0.08375 0 0
-0.0605809 0.089 0 0
-0.0600851 0.09175 0 0
-0.0629605 0.0945 0 0
-0.060939 0.0974 0 0
-0.0618297 0.0999 0 0
-0.0569134 0.10225 0 0
-0.0561289 0.1045 0 0
-0.05285 0.10825 0 0
-0.108042 0.099075 0 0
-0.0604094 0.09754 0 0
-0.0458484 0.0950225 0 0
-0.0315645 0.0925125 0 0
-0.0184003 0.090005 0 0
-0.0036448 0.0875 0 0
0.0113241 0.085005 0 0
0.0182506 0.0825125 0 0
0.0244119 0.075025 0 0
0.0217949 0.07255 0 0
0.0220664 0.070075 0 0
0.0229729 0.0676 0 0
0.0227762 0.06515 0 0
0.024383 0.06275 0 0
0.023714 0.0605 0 0
0.0204175 0.05825 0 0
0.0156815 0.05625 0 0
0.0153807 0.054 0 0
0.0108896 0.05175 0 0
0.00831075 0.0495 0 0
0.00802377 0.04725 0 0
0.00981287 0.045 0 0
0.010451 0.04275 0 0
0.00984228 0.0405 0 0
0.0083061 0.03825 0 0
0.0183071 0.036 0 0
0.0226551 0.03375 0 0
0.0262711 0.0315 0 0
0.0341836 0.02925 0 0
0.0377538 0.027 0 0
0.0474635 0.02475 0 0
0.0546291 0.0225 0 0
0.0626939 0.02025 0 0
0.0722228 0.018 0 0
0.0943945 0.01325 0 0
0.103636 0.011 0 0
-0.280287 0.00875 0 0
0.102958 0.00875 0 0
-0.169426 0.00855 0 0
-0.0936423 0.008375 0 0
0.0965217 0.008 0 0
0.0638342 0.00775 0 0
-0.0394794 0.00775 0 0
0.0369519 0.00775 0 0
-0.00200128 0.00775 0 0
10
