-2.58462 0 0 0
-3.319 0.0005 0 0
-3.50305 0.00125 0 0
-3.73212 0.0025 0 0
-3.99734 0.005 0 0
-4.00649 0.0075 0 0
-3.91486 0.01 0 0
-3.92078 0.015 0 0
-3.41203 0.025 0 0
-3.17203 0.05 0 0
-2.36405 0.1 0 0
-2.19842 0.125 0 0
-2.04752 0.15 0 0
-1.94866 0.175 0 0
-1.70722 0.2 0 0
-1.74502 0.225 0 0
-1.54327 0.275 0 0
-1.2949 0.325 0 0
-1.16425 0.35 0 0
-0.996004 0.375 0 0
-0.869237 0.4 0 0
-0.68237 0.425 0 0
-0.558042 0.45 0 0
-0.488563 0.475 0 0
-0.459462 0.5 0 0
-0.446887 0.525 0 0
-0.458193 0.55 0 0
-0.457177 0.575 0 0
-0.469336 0.6 0 0
-0.485668 0.625 0 0
-0.484725 0.65 0 0
-0.492153 0.675 0 0
-0.495256 0.7 0 0
-0.500694 0.75 0 0
-0.49666 0.8 0 0
-0.492375 0.825 0 0
-0.521724 0.85 0 0
-0.504253 0.875 0 0
-0.512205 0.9 0 0
-0.51175 0.925 0 0
-0.521951 0.95 0 0
-0.51178 0.99 0 0
-0.517536 0.99 0 0
-0.069068 0.975 0 0
0.054363 0.95 0 0
0.177551 0.925 0 0
0.23086 0.9 0 0
0.258291 0.875 0 0
0.294167 0.85 0 0
0.284698 0.825 0 0
0.283146 0.75 0 0
0.273109 0.725 0 0
0.225677 0.7 0 0
0.146205 0.675 0 0
0.110652 0.65 0 0
0.123833 0.625 0 0
0.119143 0.6 0 0
0.092449 0.575 0 0
0.063714 0.55 0 0
0.065591 0.525 0 0
0.024817 0.5 0 0
-0.000127 0.475 0 0
0.000936 0.45 0 0
0.015425 0.425 0 0
0.024531 0.4 0 0
0.015874 0.375 0 0
-0.002411 0.35 0 0
0.103837 0.325 0 0
0.141146 0.3 0 0
0.16992 0.275 0 0
0.242902 0.25 0 0
0.279675 0.225 0 0
0.375233 0.2 0 0
0.441317 0.175 0 0
0.516496 0.15 0 0
0.614215 0.125 0 0
0.855245 0.075 0 0
0.978351 0.05 0 0
1.01904 0.025 0 0
1.01476 0.015 0 0
0.813288 0.01 0 0
0.636101 0.0075 0 0
0.343849 0.005 0 0
0.047151 0.0025 0 0
-0.387021 0.00125 0 0
-1.00736 0.0005 0 0
-1.95489 0 0 0
-2.98435 0.0005 0 0
-3.71965 0.00125 0 0
-3.89453 0.00225 0 0
-4.12419 0.004 0 0
-4.33855 0.0075 0 0
-4.32369 0.0125 0 0
-4.15127 0.02 0 0
-4.14062 0.0275 0 0
-3.61678 0.04 0 0
-3.36689 0.0675 0 0
-2.53478 0.12 0 0
-2.37292 0.1475 0 0
-2.20185 0.1775 0 0
-2.07815 0.2075 0 0
-1.82365 0.235 0 0
-1.84462 0.2625 0 0
-1.63019 0.315 0 0
-1.36314 0.3675 0 0
-1.22006 0.395 0 0
-1.04486 0.4225 0 0
-0.915183 0.45 0 0
-0.727059 0.4775 0 0
-0.603861 0.505 0 0
-0.534281 0.5325 0 0
-0.506396 0.56 0 0
-0.495454 0.5875 0 0
-0.506665 0.615 0 0
-0.506392 0.6425 0 0
-0.518862 0.67 0 0
-0.535737 0.7 0 0
-0.534391 0.73 0 0
-0.54139 0.7575 0 0
-0.547428 0.785 0 0
-0.551119 0.8375 0 0
-0.54788 0.89 0 0
-0.54355 0.9175 0 0
-0.573919 0.945 0 0
-0.555431 0.974 0 0
-0.563959 0.999 0 0
-0.518657 1.0225 0 0
-0.516515 1.045 0 0
-0.494025 1.0825 0 0
-0.517536 0.99 0 0
-0.069068 0.975 0 0
0.054363 0.95 0 0
0.177551 0.925 0 0
0.23086 0.9 0 0
0.062802 0.875 0 0
0.193431 0.85005 0 0
0.245996 0.825125 0 0
0.287861 0.75025 0 0
0.307494 0.7255 0 0
0.289287 0.70075 0 0
0.227534 0.676 0 0
0.212128 0.6515 0 0
0.225737 0.6275 0 0
0.216978 0.605 0 0
0.177974 0.5825 0 0
0.125136 0.5625 0 0
0.117241 0.54 0 0
0.0689487 0.5175 0 0
0.0373963 0.495 0 0
0.0289035 0.4725 0 0
0.0397152 0.45 0 0
0.041523 0.4275 0 0
0.0299886 0.405 0 0
0.0079727 0.3825 0 0
0.103596 0.36 0 0
0.142733 0.3375 0 0
0.172373 0.315 0 0
0.244445 0.2925 0 0
0.279769 0.27 0 0
0.37522 0.2475 0 0
0.443799 0.225 0 0
0.523055 0.2025 0 0
0.620586 0.18 0 0
0.86449 0.1325 0 0
0.990265 0.11 0 0
-1.92906 0.0875 0 0
1.03143 0.0875 0 0
-0.977943 0.0855 0 0
-0.358551 0.08375 0 0
1.02583 0.08 0 0
0.827909 0.0775 0 0
0.658669 0.0775 0 0
0.37116 0.0775 0 0
0.0754656 0.0775 0 0
-2.98435 0.0005 0 0
-3.71965 0.00125 0 0
-3.89453 0.00225 0 0
-4.12419 0.004 0 0
-4.33855 0.0075 0 0
-4.32369 0.0125 0 0
-4.15127 0.02 0 0
-4.14062 0.0275 0 0
-3.61678 0.04 0 0
-3.36689 0.0675 0 0
-2.53478 0.12 0 0
-2.37292 0.1475 0 0
-2.20185 0.1775 0 0
-2.07815 0.2075 0 0
-1.82365 0.235 0 0
-1.84462 0.2625 0 0
-1.63019 0.315 0 0
-1.36314 0.3675 0 0
-1.22006 0.395 0 0
-1.04486 0.4225 0 0
-0.915183 0.45 0 0
-0.727059 0.4775 0 0
-0.603861 0.505 0 0
-0.534281 0.5325 0 0
-0.506396 0.56 0 0
-0.495454 0.5875 0 0
-0.506665 0.615 0 0
-0.506392 0.6425 0 0
-0.518862 0.67 0 0
-0.535737 0.7 0 0
-0.534391 0.73 0 0
-0.54139 0.7575 0 0
-0.547428 0.785 0 0
-0.551119 0.8375 0 0
-0.54788 0.89 0 0
-0.54355 0.9175 0 0
-0.573919 0.945 0 0
-0.555431 0.974 0 0
-0.563959 0.999 0 0
-0.518657 1.0225 0 0
-0.516515 1.045 0 0
-0.494025 1.0825 0 0
-0.951391 0.99075 0 0
-0.481487 0.9754 0 0
-0.33509 0.950225 0 0
-0.194414 0.925125 0 0
-0.067575 0.90005 0 0
0.062802 0.875 0 0
0.193431 0.85005 0 0
0.245996 0.825125 0 0
0.287861 0.75025 0 0
0.307494 0.7255 0 0
0.289287 0.70075 0 0
0.227534 0.676 0 0
0.212128 0.6515 0 0
0.225737 0.6275 0 0
0.216978 0.605 0 0
0.177974 0.5825 0 0
0.125136 0.5625 0 0
0.117241 0.54 0 0
0.0689487 0.5175 0 0
0.0373963 0.495 0 0
0.0289035 0.4725 0 0
0.0397152 0.45 0 0
0.041523 0.4275 0 0
0.0299886 0.405 0 0
0.0079727 0.3825 0 0
0.103596 0.36 0 0
0.142733 0.3375 0 0
0.172373 0.315 0 0
0.244445 0.2925 0 0
0.279769 0.27 0 0
0.37522 0.2475 0 0
0.443799 0.225 0 0
0.523055 0.2025 0 0
0.620586 0.18 0 0
0.86449 0.1325 0 0
0.990265 0.11 0 0
-1.92906 0.0875 0 0
1.03143 0.0875 0 0
-0.977943 0.0855 0 0
-0.358551 0.08375 0 0
1.02583 0.08 0 0
0.827909 0.0775 0 0
0.658669 0.0775 0 0
0.37116 0.0775 0 0
0.0754656 0.0775 0 0
-2.98435 0.0005 0 0
-3.71965 0.00125 0 0
-3.89453 0.00225 0 0
-4.12419 0.004 0 0
-4.33855 0.0075 0 0
-4.32369 0.0125 0 0
-4.15127 0.02 0 0
-4.14062 0.0275 0 0
-3.61678 0.04 0 0
-3.36689 0.0675 0 0
-2.53478 0.12 0 0
-2.37292 0.1475 0 0
-2.20185 0.1775 0 0
-2.07815 0.2075 0 0
-1.82365 0.235 0 0
-1.84462 0.2625 0 0
-1.63019 0.315 0 0
-1.36314 0.3675 0 0
-1.22006 0.395 0 0
-1.04486 0.4225 0 0
-0.915183 0.45 0 0
-0.727059 0.4775 0 0
-0.603861 0.505 0 0
-0.534281 0.5325 0 0
-0.506396 0.56 0 0
-0.495454 0.5875 0 0
-0.506665 0.615 0 0
-0.506392 0.6425 0 0
-0.518862 0.67 0 0
-0.535737 0.7 0 0
-0.534391 0.73 0 0
-0.54139 0.7575 0 0
-0.547428 0.785 0 0
-0.551119 0.8375 0 0
-0.54788 0.89 0 0
-0.54355 0.9175 0 0
-0.573919 0.945 0 0
-0.555431 0.974 0 0
-0.563959 0.999 0 0
-0.518657 1.0225 0 0
-0.516515 1.045 0 0
-0.494025 1.0825 0 0
-0.951391 0.99075 0 0
-0.481487 0.9754 0 0
-0.33509 0.950225 0 0
-0.194414 0.925125 0 0
-0.067575 0.90005 0 0
0.062802 0.875 0 0
0.193431 0.85005 0 0
0.245996 0.825125 0 0
0.287861 0.75025 0 0
0.307494 0.7255 0 0
0.289287 0.70075 0 0
0.227534 0.676 0 0
0.212128 0.6515 0 0
0.225737 0.6275 0 0
0.216978 0.605 0 0
0.177974 0.5825 0 0
0.125136 0.5625 0 0
0.117241 0.54 0 0
0.0689487 0.5175 0 0
0.0373963 0.495 0 0
0.0289035 0.4725 0 0
0.0397152 0.45 0 0
0.041523 0.4275 0 0
0.0299886 0.405 0 0
0.0079727 0.3825 0 0
0.103596 0.36 0 0
0.142733 0.3375 0 0
0.172373 0.315 0 0
0.244445 0.2925 0 0
0.279769 0.27 0 0
0.37522 0.2475 0 0
0.443799 0.225 0 0
0.523055 0.2025 0 0
0.620586 0.18 0 0
0.86449 0.1325 0 0
0.990265 0.11 0 0
-1.92906 0.0875 0 0
1.03143 0.0875 0 0
-0.977943 0.0855 0 0
-0.358551 0.08375 0 0
1.02583 0.08 0 0
0.827909 0.0775 0 0
0.658669 0.0775 0 0
0.37116 0.0775 0 0
0.0754656 0.0775 0 0
-2.98435 0.0005 0 0
-3.71965 0.00125 0 0
-3.89453 0.00225 0 0
-4.12419 0.004 0 0
-4.33855 0.0075 0 0
-4.32369 0.0125 0 0
-4.15127 0.02 0 0
-4.14062 0.0275 0 0
-3.61678 0.04 0 0
-3.36689 0.0675 0 0
-2.53478 0.12 0 0
-2.37292 0.1475 0 0
-2.20185 0.1775 0 0
-2.07815 0.2075 0 0
-1.82365 0.235 0 0
-1.84462 0.2625 0 0
-1.63019 0.315 0 0
-1.36314 0.3675 0 0
-1.22006 0.395 0 0
-1.04486 0.4225 0 0
-0.915183 0.45 0 0
-0.727059 0.4775 0 0
-0.603861 0.505 0 0
-0.534281 0.5325 0 0
-0.506396 0.56 0 0
-0.495454 0.5875 0 0
-0.506665 0.615 0 0
-0.506392 0.6425 0 0
-0.518862 0.67 0 0
-0.535737 0.7 0 0
-0.534391 0.73 0 0
-0.54139 0.7575 0 0
-0.547428 0.785 0 0
-0.551119 0.8375 0 0
-0.54788 0.89 0 0
-0.54355 0.9175 0 0
-0.573919 0.945 0 0
-0.555431 0.974 0 0
-0.563959 0.999 0 0
-0.518657 1.0225 0 0
-0.516515 1.045 0 0
-0.494025 1.0825 0 0
-0.951391 0.99075 0 0
-0.481487 0.9754 0 0
-0.33509 0.950225 0 0
-0.194414 0.925125 0 0
-0.067575 0.90005 0 0
0.062802 0.875 0 0
0.193431 0.85005 0 0
0.245996 0.825125 0 0
0.287861 0.75025 0 0
0.307494 0.7255 0 0
0.289287 0.70075 0 0
0.227534 0.676 0 0
0.212128 0.6515 0 0
0.225737 0.6275 0 0
0.216978 0.605 0 0
0.177974 0.5825 0 0
0.125136 0.5625 0 0
0.117241 0.54 0 0
0.0689487 0.5175 0 0
0.0373963 0.495 0 0
0.0289035 0.4725 0 0
0.0397152 0.45 0 0
0.041523 0.4275 0 0
0.0299886 0.405 0 0
0.0079727 0.3825 0 0
0.103596 0.36 0 0
0.142733 0.3375 0 0
0.172373 0.315 0 0
0.244445 0.2925 0 0
0.279769 0.27 0 0
0.37522 0.2475 0 0
0.443799 0.225 0 0
0.523055 0.2025 0 0
0.620586 0.18 0 0
0.86449 0.1325 0 0
0.990265 0.11 0 0
-1.92906 0.0875 0 0
1.03143 0.0875 0 0
-0.977943 0.0855 0 0
-0.358551 0.08375 0 0
1.02583 0.08 0 0
0.827909 0.0775 0 0
0.658669 0.0775 0 0
0.37116 0.0775 0 0
0.0754656 0.0775 0 0
-2.98435 0.0005 0 0
-3.71965 0.00125 0 0
-3.89453 0.00225 0 0
-4.12419 0.004 0 0
-4.33855 0.0075 0 0
-4.32369 0.0125 0 0
-4.15127 0.02 0 0
-4.14062 0.0275 0 0
-3.61678 0.04 0 0
-3.36689 0.0675 0 0
-2.53478 0.12 0 0
-2.37292 0.1475 0 0
-2.20185 0.1775 0 0
-2.07815 0.2075 0 0
-1.82365 0.235 0 0
-1.84462 0.2625 0 0
-1.63019 0.315 0 0
-1.36314 0.3675 0 0
-1.22006 0.395 0 0
-1.04486 0.4225 0 0
-0.915183 0.45 0 0
-0.727059 0.4775 0 0
-0.603861 0.505 0 0
-0.534281 0.5325 0 0
-0.506396 0.56 0 0
-0.495454 0.5875 0 0
-0.506665 0.615 0 0
-0.506392 0.6425 0 0
-0.518862 0.67 0 0
-0.535737 0.7 0 0
-0.534391 0.73 0 0
-0.54139 0.7575 0 0
-0.547428 0.785 0 0
-0.551119 0.8375 0 0
-0.54788 0.89 0 0
-0.54355 0.9175 0 0
-0.573919 0.945 0 0
-0.555431 0.974 0 0
-0.563959 0.999 0 0
-0.518657 1.0225 0 0
-0.516515 1.045 0 0
-0.494025 1.0825 0 0
-0.951391 0.99075 0 0
-0.481487 0.9754 0 0
-0.33509 0.950225 0 0
-0.194414 0.925125 0 0
-0.067575 0.90005 0 0
0.062802 0.875 0 0
0.193431 0.85005 0 0
0.245996 0.825125 0 0
0.287861 0.75025 0 0
0.307494 0.7255 0 0
0.289287 0.70075 0 0
0.227534 0.676 0 0
0.212128 0.6515 0 0
0.225737 0.6275 0 0
0.216978 0.605 0 0
0.177974 0.5825 0 0
0.125136 0.5625 0 0
0.117241 0.54 0 0
0.0689487 0.5175 0 0
0.0373963 0.495 0 0
0.0289035 0.4725 0 0
0.0397152 0.45 0 0
0.041523 0.4275 0 0
0.0299886 0.405 0 0
0.0079727 0.3825 0 0
0.103596 0.36 0 0
0.142733 0.3375 0 0
0.172373 0.315 0 0
0.244445 0.2925 0 0
0.279769 0.27 0 0
0.37522 0.2475 0 0
0.443799 0.225 0 0
0.523055 0.2025 0 0
0.620586 0.18 0 0
0.86449 0.1325 0 0
0.990265 0.11 0 0
-1.92906 0.0875 0 0
1.03143 0.0875 0 0
-0.977943 0.0855 0 0
-0.358551 0.08375 0 0
1.02583 0.08 0 0
0.827909 0.0775 0 0
0.658669 0.0775 0 0
0.37116 0.0775 0 0
0.0754656 0.0775 0 0
