0 0 0 0
0 1.4 0 0
-0.3319 1.36131 0 0.10397
-0.350305 0.000125 0 0
0 0 0 0
-2.98435 0.0005 0 0
-3.71965 0.00125 0 0
-3.89453 0.00225 0 0
-4.12419 0.004 0 0
-4.33855 0.0075 0 0
-4.32369 0.0125 0 0
-4.15127 0.02 0 0
-4.14062 0.0275 0 0
-3.61678 0.04 0 0
-3.36689 0.0675 0 0
-2.53478 0.12 0 0
-2.37292 0.1475 0 0
-2.20185 0.1775 0 0
-2.07815 0.2075 0 0
-1.82365 0.235 0 0
-1.84462 0.2625 0 0
-1.63019 0.315 0 0
-1.36314 0.3675 0 0
-1.22006 0.395 0 0
-1.04486 0.4225 0 0
-0.915183 0.45 0 0
-0.727059 0.4775 0 0
-0.603861 0.505 0 0
-0.534281 0.5325 0 0
-0.506396 0.56 0 0
-0.495454 0.5875 0 0
-0.506665 0.615 0 0
-0.506392 0.6425 0 0
-0.518862 0.67 0 0
-0.535737 0.7 0 0
-0.534391 0.73 0 0
-0.54139 0.7575 0 0
-0.547428 0.785 0 0
-0.551119 0.8375 0 0
-0.54788 0.89 0 0
-0.54355 0.9175 0 0
-0.573919 0.945 0 0
-0.555431 0.974 0 0
-0.563959 0.999 0 0
-0.518657 1.0225 0 0
-0.516515 1.045 0 0
-0.494025 1.0825 0 0
0 0 0 0
-1.92906 0.0875 0 0
-0.977943 0.0855 0 0
-0.358551 0.08375 0 0
0.0754656 0.0775 0 0
0.37116 0.0775 0 0
0.658669 0.0775 0 0
0.827909 0.0775 0 0
1.02583 0.08 0 0
1.03143 0.0875 0 0
0.990265 0.11 0 0
0.86449 0.1325 0 0
0.620586 0.18 0 0
0.523055 0.2025 0 0
0.443799 0.225 0 0
0.37522 0.2475 0 0
0.279769 0.27 0 0
0.244445 0.2925 0 0
0.172373 0.315 0 0
0.142733 0.3375 0 0
0.103596 0.36 0 0
0.0079727 0.3825 0 0
0.0299886 0.405 0 0
0.041523 0.4275 0 0
0.0397152 0.45 0 0
0.0289035 0.4725 0 0
0.0373963 0.495 0 0
0.0689487 0.5175 0 0
0.117241 0.54 0 0
0.125136 0.5625 0 0
0.177974 0.5825 0 0
0.216978 0.605 0 0
0.225737 0.6275 0 0
0.212128 0.6515 0 0
0.227534 0.676 0 0
0.289287 0.70075 0 0
0.307494 0.7255 0 0
0.287861 0.75025 0 0
0.245996 0.825125 0 0
0.193431 0.85005 0 0
0.062802 0.875 0 0
-0.067575 0.90005 0 0
-0.194414 0.925125 0 0
-0.33509 0.950225 0 0
-0.481487 0.9754 0 0
-0.951391 0.99075 0 0
0 0 0 0
0.596083 0.0645 0 0
0.605842 0.09025 0 0
0.649459 0.1165 0 0
0.694844 0.14425 0 0
0.763485 0.1745 0 0
0.768037 0.20225 0 0
0.805757 0.23025 0 0
0.813432 0.25825 0 0
0.835821 0.286 0 0
0.841156 0.31375 0 0
0.852232 0.344 0 0
0.8862 0.37425 0 0
0.899495 0.402 0 0
0.926394 0.42975 0 0
0.938381 0.4575 0 0
0.943523 0.48525 0 0
0.964378 0.503 0 0
0.965698 0.52075 0 0
0.964201 0.5385 0 0
0.980478 0.55625 0 0
0.964336 0.574 0 0
0.965147 0.59175 0 0
0.911483 0.6095 0 0
0.979635 0.6275 0 0
0.968339 0.6455 0 0
0.974668 0.66325 0 0
0.967444 0.681 0 0
0.973321 0.70125 0 0
0.972014 0.7215 0 0
0.958118 0.73925 0 0
0.963449 0.757 0 0
0.951898 0.7749 0 0
0.951464 0.7924 0 0
0.923474 0.80975 0 0
0.929717 0.827 0 0
0.915296 0.84575 0 0
0.850445 0.8465 0 0
0.935377 0.855 0 0
0.938086 0.8625 0 0
0.925355 0.87 0 0
0.930575 0.8775 0 0
0.894418 0.885 0 0
0.908407 0.892505 0 0
0.888676 0.900013 0 0
0.830348 0.902525 0 0
0.828988 0.91005 0 0
0.815989 0.917575 0 0
0.779392 0.9251 0 0
0.7566 0.93265 0 0
0.734993 0.94025 0 0
0.7209 0.948 0 0
0.689443 0.95575 0 0
0.678219 0.96375 0 0
0.66113 0.9715 0 0
0.634934 0.97925 0 0
0.631271 0.987 0 0
0.626503 0.99475 0 0
0.668063 1.0025 0 0
0.638096 1.01025 0 0
0.62469 1.018 0 0
0.638132 1.02575 0 0
0.635745 1.0335 0 0
0.664891 1.04125 0 0
0.688964 1.049 0 0
0.695229 1.05675 0 0
0.706786 1.0645 0 0
0.745705 1.07225 0 0
0.76136 1.08 0 0
0.784489 1.08775 0 0
0.805023 1.0955 0 0
0.878177 1.10075 0 0
0.89445 1.1085 0 0
0.606066 1.11625 0 0
0.926335 1.12625 0 0
0.748543 1.13605 0 0
0.832248 1.14587 0 0
1.00505 1.1605 0 0
0.992775 1.17525 0 0
1.00032 1.19025 0 0
0.977002 1.20525 0 0
0.955761 1.22025 0 0
0.6779 1.22755 0 0
0.621129 1.24262 0 0
0.610044 1.25773 0 0
0.60045 1.2729 0 0
0.568717 1.28825 0 0
0.581311 1.30375 0 0
0.60388 1.3195 0 0
0.599889 1.33525 0 0
0.660425 1.3515 0 0
0.686275 1.36925 0 0
0.748499 1.3895 0 0
0.780969 1.40725 0 0
0.801052 1.42525 0 0
0.810495 1.44325 0 0
0.838113 1.461 0 0
0.826623 1.48875 0 0
0.864639 1.519 0 0
0.896113 1.54925 0 0
0.884551 1.577 0 0
0.900929 1.60475 0 0
0.918742 1.6325 0 0
0.957806 1.66025 0 0
0.918003 1.688 0 0
0.964799 1.71575 0 0
0.981431 1.7435 0 0
0.952485 1.77125 0 0
0.965481 1.799 0 0
0.94967 1.82675 0 0
0.965968 1.8545 0 0
0.973995 1.8825 0 0
0 0 0 0
-0.062846 0.70075 0 0
-0.193102 1.016 0 0
-0.130102 1.33375 0 0
-0.061243 1.6515 0 0
-0.054355 0.09175 0 0
-0.0573919 0.0945 0 0
-0.0555431 0.0974 0 0
-0.0563959 0.0999 0 0
-0.0518657 0.10225 0 0
-0.0516515 0.1045 0 0
-0.0494025 0.10825 0 0
-0.0951391 0.099075 0 0
-0.0481487 0.09754 0 0
-0.033509 0.0950225 0 0
-0.0194414 0.0925125 0 0
-0.0067575 0.090005 0 0
0.0062802 0.0875 0 0
0.0193431 0.085005 0 0
0.0245996 0.0825125 0 0
0.0287861 0.075025 0 0
0.0307494 0.07255 0 0
0.0289287 0.070075 0 0
0.0227534 0.0676 0 0
0.0212128 0.06515 0 0
0.0225737 0.06275 0 0
0.0216978 0.0605 0 0
0.0177974 0.05825 0 0
0.0125136 0.05625 0 0
0.0117241 0.054 0 0
0.00689487 0.05175 0 0
0.00373963 0.0495 0 0
0.00289035 0.04725 0 0
0.00397152 0.045 0 0
0.0041523 0.04275 0 0
0.00299886 0.0405 0 0
0.00079727 0.03825 0 0
0.0103596 0.036 0 0
0.0142733 0.03375 0 0
0.0172373 0.0315 0 0
0.0244445 0.02925 0 0
0.0279769 0.027 0 0
0.037522 0.02475 0 0
0.0443799 0.0225 0 0
0.0523055 0.02025 0 0
0.0620586 0.018 0 0
0.086449 0.01325 0 0
0.0990265 0.011 0 0
-0.192906 0.00875 0 0
0.103143 0.00875 0 0
-0.0977943 0.00855 0 0
-0.0358551 0.008375 0 0
0.102583 0.008 0 0
0.0827909 0.00775 0 0
0.0658669 0.00775 0 0
0.037116 0.00775 0 0
0.00754656 0.00775 0 0
-0.298435 5e-05 0 0
-0.371965 0.000125 0 0
-0.389453 0.000225 0 0
-0.412419 0.0004 0 0
-0.433855 0.00075 0 0
-0.432369 0.00125 0 0
-0.415127 0.002 0 0
-0.414062 0.00275 0 0
-0.361678 0.004 0 0
-0.336689 0.00675 0 0
-0.253478 0.012 0 0
-0.237292 0.01475 0 0
-0.220185 0.01775 0 0
-0.207815 0.02075 0 0
-0.182365 0.0235 0 0
-0.184462 0.02625 0 0
-0.163019 0.0315 0 0
-0.136314 0.03675 0 0
-0.122006 0.0395 0 0
-0.104486 0.04225 0 0
-0.0915183 0.045 0 0
-0.0727059 0.04775 0 0
-0.0603861 0.0505 0 0
-0.0534281 0.05325 0 0
-0.0506396 0.056 0 0
-0.0495454 0.05875 0 0
-0.0506665 0.0615 0 0
-0.0506392 0.06425 0 0
-0.0518862 0.067 0 0
-0.0535737 0.07 0 0
-0.0534391 0.073 0 0
-0.054139 0.07575 0 0
-0.0547428 0.0785 0 0
-0.0551119 0.08375 0 0
-0.054788 0.089 0 0
-0.054355 0.09175 0 0
-0.0573919 0.0945 0 0
-0.0555431 0.0974 0 0
-0.0563959 0.0999 0 0
-0.0518657 0.10225 0 0
-0.0516515 0.1045 0 0
-0.0494025 0.10825 0 0
-0.0951391 0.099075 0 0
-0.0481487 0.09754 0 0
-0.033509 0.0950225 0 0
-0.0194414 0.0925125 0 0
-0.0067575 0.090005 0 0
0.0062802 0.0875 0 0
0.0193431 0.085005 0 0
0.0245996 0.0825125 0 0
0.0287861 0.075025 0 0
0.0307494 0.07255 0 0
0.0289287 0.070075 0 0
0.0227534 0.0676 0 0
0.0212128 0.06515 0 0
0.0225737 0.06275 0 0
0.0216978 0.0605 0 0
0.0177974 0.05825 0 0
0.0125136 0.05625 0 0
0.0117241 0.054 0 0
0.00689487 0.05175 0 0
0.00373963 0.0495 0 0
0.00289035 0.04725 0 0
0.00397152 0.045 0 0
0.0041523 0.04275 0 0
0.00299886 0.0405 0 0
0.00079727 0.03825 0 0
0.0103596 0.036 0 0
0.0142733 0.03375 0 0
0.0172373 0.0315 0 0
0.0244445 0.02925 0 0
0.0279769 0.027 0 0
0.037522 0.02475 0 0
0.0443799 0.0225 0 0
0.0523055 0.02025 0 0
0.0620586 0.018 0 0
0.086449 0.01325 0 0
0.0990265 0.011 0 0
-0.192906 0.00875 0 0
0.103143 0.00875 0 0
-0.0977943 0.00855 0 0
-0.0358551 0.008375 0 0
0.102583 0.008 0 0
0.0827909 0.00775 0 0
0.0658669 0.00775 0 0
0.037116 0.00775 0 0
0.00754656 0.00775 0 0
-0.298435 5e-05 0 0
-0.371965 0.000125 0 0
-0.389453 0.000225 0 0
-0.412419 0.0004 0 0
-0.433855 0.00075 0 0
-0.432369 0.00125 0 0
-0.415127 0.002 0 0
-0.414062 0.00275 0 0
-0.361678 0.004 0 0
-0.336689 0.00675 0 0
-0.253478 0.012 0 0
-0.237292 0.01475 0 0
-0.220185 0.01775 0 0
-0.207815 0.02075 0 0
-0.182365 0.0235 0 0
-0.184462 0.02625 0 0
-0.163019 0.0315 0 0
-0.136314 0.03675 0 0
-0.122006 0.0395 0 0
-0.104486 0.04225 0 0
-0.0915183 0.045 0 0
-0.0727059 0.04775 0 0
-0.0603861 0.0505 0 0
-0.0534281 0.05325 0 0
-0.0506396 0.056 0 0
-0.0495454 0.05875 0 0
-0.0506665 0.0615 0 0
-0.0506392 0.06425 0 0
-0.0518862 0.067 0 0
-0.0535737 0.07 0 0
-0.0534391 0.073 0 0
-0.054139 0.07575 0 0
-0.0547428 0.0785 0 0
-0.0551119 0.08375 0 0
-0.054788 0.089 0 0
-0.054355 0.09175 0 0
-0.0573919 0.0945 0 0
-0.0555431 0.0974 0 0
-0.0563959 0.0999 0 0
-0.0518657 0.10225 0 0
-0.0516515 0.1045 0 0
-0.0494025 0.10825 0 0
-0.0951391 0.099075 0 0
-0.0481487 0.09754 0 0
-0.033509 0.0950225 0 0
-0.0194414 0.0925125 0 0
-0.0067575 0.090005 0 0
0.0062802 0.0875 0 0
0.0193431 0.085005 0 0
0.0245996 0.0825125 0 0
0.0287861 0.075025 0 0
0.0307494 0.07255 0 0
0.0289287 0.070075 0 0
0.0227534 0.0676 0 0
0.0212128 0.06515 0 0
0.0225737 0.06275 0 0
0.0216978 0.0605 0 0
0.0177974 0.05825 0 0
0.0125136 0.05625 0 0
0.0117241 0.054 0 0
0.00689487 0.05175 0 0
0.00373963 0.0495 0 0
0.00289035 0.04725 0 0
0.00397152 0.045 0 0
0.0041523 0.04275 0 0
0.00299886 0.0405 0 0
0.00079727 0.03825 0 0
0.0103596 0.036 0 0
0.0142733 0.03375 0 0
0.0172373 0.0315 0 0
0.0244445 0.02925 0 0
0.0279769 0.027 0 0
0.037522 0.02475 0 0
0.0443799 0.0225 0 0
0.0523055 0.02025 0 0
0.0620586 0.018 0 0
0.086449 0.01325 0 0
0.0990265 0.011 0 0
-0.192906 0.00875 0 0
0.103143 0.00875 0 0
-0.0977943 0.00855 0 0
-0.0358551 0.008375 0 0
0.102583 0.008 0 0
0.0827909 0.00775 0 0
0.0658669 0.00775 0 0
0.037116 0.00775 0 0
0.00754656 0.00775 0 0
10
