-1.19472 0 0 0
-1.84097 0.0005 0 0
-2.06887 0.00125 0 0
-2.34094 0.0025 0 0
-2.68783 0.005 0 0
-2.76371 0.0075 0 0
-2.82466 0.01 0 0
-2.92626 0.015 0 0
-2.63543 0.025 0 0
-2.47798 0.05 0 0
-2.16332 0.1 0 0
-2.06039 0.125 0 0
-1.99381 0.15 0 0
-1.96734 0.175 0 0
-1.79988 0.2 0 0
-1.91133 0.225 0 0
-1.84632 0.275 0 0
-1.73752 0.325 0 0
-1.69749 0.35 0 0
-1.60638 0.375 0 0
-1.58638 0.4 0 0
-1.4795 0.425 0 0
-1.38328 0.45 0 0
-1.30369 0.475 0 0
-1.20655 0.5 0 0
-1.08443 0.525 0 0
-0.98249 0.55 0 0
-0.901364 0.575 0 0
-0.817512 0.6 0 0
-0.734651 0.625 0 0
-0.662212 0.65 0 0
-0.589569 0.675 0 0
-0.515906 0.7 0 0
-0.378598 0.75 0 0
-0.259343 0.8 0 0
-0.201525 0.825 0 0
-0.176244 0.85 0 0
-0.111951 0.875 0 0
-0.0780467 0.9 0 0
-0.0390675 0.925 0 0
-0.0157633 0.95 0 0
0.0322117 0.99 0 0
0.0218883 0.99 0 0
0.241515 0.975 0 0
0.29552 0.95 0 0
0.366526 0.925 0 0
0.394498 0.9 0 0
0.400903 0.875 0 0
0.420018 0.85 0 0
0.401451 0.825 0 0
0.369318 0.75 0 0
0.343698 0.725 0 0
0.309999 0.7 0 0
0.271635 0.675 0 0
0.238516 0.65 0 0
0.238653 0.625 0 0
0.116981 0.6 0 0
0.101785 0.575 0 0
0.0790258 0.55 0 0
0.0854658 0.525 0 0
0.0449875 0.5 0 0
0.009315 0.475 0 0
-0.00571 0.45 0 0
-0.00605167 0.425 0 0
-0.0119467 0.4 0 0
-0.0343675 0.375 0 0
-0.0675183 0.35 0 0
0.0243392 0.325 0 0
0.04768 0.3 0 0
0.0603892 0.275 0 0
0.117799 0.25 0 0
0.142467 0.225 0 0
0.224273 0.2 0 0
0.281005 0.175 0 0
0.346083 0.15 0 0
0.436271 0.125 0 0
0.682067 0.075 0 0
0.840809 0.05 0 0
0.942479 0.025 0 0
1.01679 0.015 0 0
0.990452 0.01 0 0
0.946671 0.0075 0 0
0.813993 0.005 0 0
0.648167 0.0025 0 0
0.384653 0.00125 0 0
-0.00993417 0.0005 0 0
-0.687185 0 0 0
-1.41871 0.000416667 0 0
-2.07128 0.001125 0 0
-2.30426 0.00208333 0 0
-2.58479 0.00375 0 0
-2.90745 0.00708333 0 0
-2.9702 0.0116667 0 0
-3.00494 0.0183333 0 0
-3.09796 0.0254167 0 0
-2.80158 0.0375 0 0
-2.64192 0.0645833 0 0
-2.31331 0.116667 0 0
-2.21967 0.14375 0 0
-2.14767 0.172917 0 0
-2.11213 0.202083 0 0
-1.94133 0.229167 0 0
-2.04519 0.25625 0 0
-1.97852 0.308333 0 0
-1.86082 0.360417 0 0
-1.81277 0.3875 0 0
-1.71502 0.414583 0 0
-1.68693 0.441667 0 0
-1.56987 0.46875 0 0
-1.46515 0.495833 0 0
-1.3788 0.522917 0 0
-1.27467 0.55 0 0
-1.14565 0.577083 0 0
-1.03767 0.604167 0 0
-0.950495 0.63125 0 0
-0.860504 0.658333 0 0
-0.766201 0.6875 0 0
-0.683824 0.716667 0 0
-0.606363 0.74375 0 0
-0.530593 0.770833 0 0
-0.387928 0.822917 0 0
-0.265847 0.875 0 0
-0.204781 0.902083 0 0
-0.177558 0.929167 0 0
-0.109267 0.9575 0 0
-0.0762226 0.9825 0 0
-0.0189412 1.00625 0 0
0.00886333 1.02917 0 0
0.0627555 1.06708 0 0
0.0218883 0.99 0 0
0.241515 0.975 0 0
0.29552 0.95 0 0
0.366526 0.925 0 0
0.394498 0.9 0 0
0.343638 0.875 0 0
0.41919 0.850042 0 0
0.433505 0.825104 0 0
0.423332 0.750208 0 0
0.411531 0.725417 0 0
0.388888 0.700625 0 0
0.354173 0.675833 0 0
0.323248 0.65125 0 0
0.317192 0.627083 0 0
0.187048 0.604167 0 0
0.158624 0.58125 0 0
0.115382 0.560417 0 0
0.114306 0.5375 0 0
0.0684046 0.514583 0 0
0.0280044 0.491667 0 0
0.00616225 0.46875 0 0
0.00376492 0.445833 0 0
-0.00691423 0.422917 0 0
-0.0303942 0.4 0 0
-0.0654901 0.377083 0 0
0.0187126 0.354167 0 0
0.044816 0.33125 0 0
0.0593936 0.308333 0 0
0.117295 0.285417 0 0
0.141992 0.2625 0 0
0.22505 0.239583 0 0
0.284754 0.216667 0 0
0.353205 0.19375 0 0
0.442856 0.170833 0 0
0.690549 0.122917 0 0
0.850558 0.1 0 0
0.962367 0.0770833 0 0
-0.653776 0.0729167 0 0
0.0250673 0.0713333 0 0
0.418108 0.07 0 0
1.03667 0.0691667 0 0
1.01309 0.06625 0 0
0.972504 0.0658333 0 0
0.842635 0.0654167 0 0
0.678943 0.065 0 0
-1.41871 0.000416667 0 0
-2.07128 0.001125 0 0
-2.30426 0.00208333 0 0
-2.58479 0.00375 0 0
-2.90745 0.00708333 0 0
-2.9702 0.0116667 0 0
-3.00494 0.0183333 0 0
-3.09796 0.0254167 0 0
-2.80158 0.0375 0 0
-2.64192 0.0645833 0 0
-2.31331 0.116667 0 0
-2.21967 0.14375 0 0
-2.14767 0.172917 0 0
-2.11213 0.202083 0 0
-1.94133 0.229167 0 0
-2.04519 0.25625 0 0
-1.97852 0.308333 0 0
-1.86082 0.360417 0 0
-1.81277 0.3875 0 0
-1.71502 0.414583 0 0
-1.68693 0.441667 0 0
-1.56987 0.46875 0 0
-1.46515 0.495833 0 0
-1.3788 0.522917 0 0
-1.27467 0.55 0 0
-1.14565 0.577083 0 0
-1.03767 0.604167 0 0
-0.950495 0.63125 0 0
-0.860504 0.658333 0 0
-0.766201 0.6875 0 0
-0.683824 0.716667 0 0
-0.606363 0.74375 0 0
-0.530593 0.770833 0 0
-0.387928 0.822917 0 0
-0.265847 0.875 0 0
-0.204781 0.902083 0 0
-0.177558 0.929167 0 0
-0.109267 0.9575 0 0
-0.0762226 0.9825 0 0
-0.0189412 1.00625 0 0
0.00886333 1.02917 0 0
0.0627555 1.06708 0 0
-0.220399 0.99059 0 0
0.0261158 0.975312 0 0
0.103498 0.950174 0 0
0.193919 0.925094 0 0
0.276273 0.900035 0 0
0.343638 0.875 0 0
0.41919 0.850042 0 0
0.433505 0.825104 0 0
0.423332 0.750208 0 0
0.411531 0.725417 0 0
0.388888 0.700625 0 0
0.354173 0.675833 0 0
0.323248 0.65125 0 0
0.317192 0.627083 0 0
0.187048 0.604167 0 0
0.158624 0.58125 0 0
0.115382 0.560417 0 0
0.114306 0.5375 0 0
0.0684046 0.514583 0 0
0.0280044 0.491667 0 0
0.00616225 0.46875 0 0
0.00376492 0.445833 0 0
-0.00691423 0.422917 0 0
-0.0303942 0.4 0 0
-0.0654901 0.377083 0 0
0.0187126 0.354167 0 0
0.044816 0.33125 0 0
0.0593936 0.308333 0 0
0.117295 0.285417 0 0
0.141992 0.2625 0 0
0.22505 0.239583 0 0
0.284754 0.216667 0 0
0.353205 0.19375 0 0
0.442856 0.170833 0 0
0.690549 0.122917 0 0
0.850558 0.1 0 0
0.962367 0.0770833 0 0
-0.653776 0.0729167 0 0
0.0250673 0.0713333 0 0
0.418108 0.07 0 0
1.03667 0.0691667 0 0
1.01309 0.06625 0 0
0.972504 0.0658333 0 0
0.842635 0.0654167 0 0
0.678943 0.065 0 0
-1.41871 0.000416667 0 0
-2.07128 0.001125 0 0
-2.30426 0.00208333 0 0
-2.58479 0.00375 0 0
-2.90745 0.00708333 0 0
-2.9702 0.0116667 0 0
-3.00494 0.0183333 0 0
-3.09796 0.0254167 0 0
-2.80158 0.0375 0 0
-2.64192 0.0645833 0 0
-2.31331 0.116667 0 0
-2.21967 0.14375 0 0
-2.14767 0.172917 0 0
-2.11213 0.202083 0 0
-1.94133 0.229167 0 0
-2.04519 0.25625 0 0
-1.97852 0.308333 0 0
-1.86082 0.360417 0 0
-1.81277 0.3875 0 0
-1.71502 0.414583 0 0
-1.68693 0.441667 0 0
-1.56987 0.46875 0 0
-1.46515 0.495833 0 0
-1.3788 0.522917 0 0
-1.27467 0.55 0 0
-1.14565 0.577083 0 0
-1.03767 0.604167 0 0
-0.950495 0.63125 0 0
-0.860504 0.658333 0 0
-0.766201 0.6875 0 0
-0.683824 0.716667 0 0
-0.606363 0.74375 0 0
-0.530593 0.770833 0 0
-0.387928 0.822917 0 0
-0.265847 0.875 0 0
-0.204781 0.902083 0 0
-0.177558 0.929167 0 0
-0.109267 0.9575 0 0
-0.0762226 0.9825 0 0
-0.0189412 1.00625 0 0
0.00886333 1.02917 0 0
0.0627555 1.06708 0 0
-0.220399 0.99059 0 0
0.0261158 0.975312 0 0
0.103498 0.950174 0 0
0.193919 0.925094 0 0
0.276273 0.900035 0 0
0.343638 0.875 0 0
0.41919 0.850042 0 0
0.433505 0.825104 0 0
0.423332 0.750208 0 0
0.411531 0.725417 0 0
0.388888 0.700625 0 0
0.354173 0.675833 0 0
0.323248 0.65125 0 0
0.317192 0.627083 0 0
0.187048 0.604167 0 0
0.158624 0.58125 0 0
0.115382 0.560417 0 0
0.114306 0.5375 0 0
0.0684046 0.514583 0 0
0.0280044 0.491667 0 0
0.00616225 0.46875 0 0
0.00376492 0.445833 0 0
-0.00691423 0.422917 0 0
-0.0303942 0.4 0 0
-0.0654901 0.377083 0 0
0.0187126 0.354167 0 0
0.044816 0.33125 0 0
0.0593936 0.308333 0 0
0.117295 0.285417 0 0
0.141992 0.2625 0 0
0.22505 0.239583 0 0
0.284754 0.216667 0 0
0.353205 0.19375 0 0
0.442856 0.170833 0 0
0.690549 0.122917 0 0
0.850558 0.1 0 0
0.962367 0.0770833 0 0
-0.653776 0.0729167 0 0
0.0250673 0.0713333 0 0
0.418108 0.07 0 0
1.03667 0.0691667 0 0
1.01309 0.06625 0 0
0.972504 0.0658333 0 0
0.842635 0.0654167 0 0
0.678943 0.065 0 0
-1.41871 0.000416667 0 0
-2.07128 0.001125 0 0
-2.30426 0.00208333 0 0
-2.58479 0.00375 0 0
-2.90745 0.00708333 0 0
-2.9702 0.0116667 0 0
-3.00494 0.0183333 0 0
-3.09796 0.0254167 0 0
-2.80158 0.0375 0 0
-2.64192 0.0645833 0 0
-2.31331 0.116667 0 0
-2.21967 0.14375 0 0
-2.14767 0.172917 0 0
-2.11213 0.202083 0 0
-1.94133 0.229167 0 0
-2.04519 0.25625 0 0
-1.97852 0.308333 0 0
-1.86082 0.360417 0 0
-1.81277 0.3875 0 0
-1.71502 0.414583 0 0
-1.68693 0.441667 0 0
-1.56987 0.46875 0 0
-1.46515 0.495833 0 0
-1.3788 0.522917 0 0
-1.27467 0.55 0 0
-1.14565 0.577083 0 0
-1.03767 0.604167 0 0
-0.950495 0.63125 0 0
-0.860504 0.658333 0 0
-0.766201 0.6875 0 0
-0.683824 0.716667 0 0
-0.606363 0.74375 0 0
-0.530593 0.770833 0 0
-0.387928 0.822917 0 0
-0.265847 0.875 0 0
-0.204781 0.902083 0 0
-0.177558 0.929167 0 0
-0.109267 0.9575 0 0
-0.0762226 0.9825 0 0
-0.0189412 1.00625 0 0
0.00886333 1.02917 0 0
0.0627555 1.06708 0 0
-0.220399 0.99059 0 0
0.0261158 0.975312 0 0
0.103498 0.950174 0 0
0.193919 0.925094 0 0
0.276273 0.900035 0 0
0.343638 0.875 0 0
0.41919 0.850042 0 0
0.433505 0.825104 0 0
0.423332 0.750208 0 0
0.411531 0.725417 0 0
0.388888 0.700625 0 0
0.354173 0.675833 0 0
0.323248 0.65125 0 0
0.317192 0.627083 0 0
0.187048 0.604167 0 0
0.158624 0.58125 0 0
0.115382 0.560417 0 0
0.114306 0.5375 0 0
0.0684046 0.514583 0 0
0.0280044 0.491667 0 0
0.00616225 0.46875 0 0
0.00376492 0.445833 0 0
-0.00691423 0.422917 0 0
-0.0303942 0.4 0 0
-0.0654901 0.377083 0 0
0.0187126 0.354167 0 0
0.044816 0.33125 0 0
0.0593936 0.308333 0 0
0.117295 0.285417 0 0
0.141992 0.2625 0 0
0.22505 0.239583 0 0
0.284754 0.216667 0 0
0.353205 0.19375 0 0
0.442856 0.170833 0 0
0.690549 0.122917 0 0
0.850558 0.1 0 0
0.962367 0.0770833 0 0
-0.653776 0.0729167 0 0
0.0250673 0.0713333 0 0
0.418108 0.07 0 0
1.03667 0.0691667 0 0
1.01309 0.06625 0 0
0.972504 0.0658333 0 0
0.842635 0.0654167 0 0
0.678943 0.065 0 0
-1.41871 0.000416667 0 0
-2.07128 0.001125 0 0
-2.30426 0.00208333 0 0
-2.58479 0.00375 0 0
-2.90745 0.00708333 0 0
-2.9702 0.0116667 0 0
-3.00494 0.0183333 0 0
-3.09796 0.0254167 0 0
-2.80158 0.0375 0 0
-2.64192 0.0645833 0 0
-2.31331 0.116667 0 0
-2.21967 0.14375 0 0
-2.14767 0.172917 0 0
-2.11213 0.202083 0 0
-1.94133 0.229167 0 0
-2.04519 0.25625 0 0
-1.97852 0.308333 0 0
-1.86082 0.360417 0 0
-1.81277 0.3875 0 0
-1.71502 0.414583 0 0
-1.68693 0.441667 0 0
-1.56987 0.46875 0 0
-1.46515 0.495833 0 0
-1.3788 0.522917 0 0
-1.27467 0.55 0 0
-1.14565 0.577083 0 0
-1.03767 0.604167 0 0
-0.950495 0.63125 0 0
-0.860504 0.658333 0 0
-0.766201 0.6875 0 0
-0.683824 0.716667 0 0
-0.606363 0.74375 0 0
-0.530593 0.770833 0 0
-0.387928 0.822917 0 0
-0.265847 0.875 0 0
-0.204781 0.902083 0 0
-0.177558 0.929167 0 0
-0.109267 0.9575 0 0
-0.0762226 0.9825 0 0
-0.0189412 1.00625 0 0
0.00886333 1.02917 0 0
0.0627555 1.06708 0 0
-0.220399 0.99059 0 0
0.0261158 0.975312 0 0
0.103498 0.950174 0 0
0.193919 0.925094 0 0
0.276273 0.900035 0 0
0.343638 0.875 0 0
0.41919 0.850042 0 0
0.433505 0.825104 0 0
0.423332 0.750208 0 0
0.411531 0.725417 0 0
0.388888 0.700625 0 0
0.354173 0.675833 0 0
0.323248 0.65125 0 0
0.317192 0.627083 0 0
0.187048 0.604167 0 0
0.158624 0.58125 0 0
0.115382 0.560417 0 0
0.114306 0.5375 0 0
0.0684046 0.514583 0 0
0.0280044 0.491667 0 0
0.00616225 0.46875 0 0
0.00376492 0.445833 0 0
-0.00691423 0.422917 0 0
-0.0303942 0.4 0 0
-0.0654901 0.377083 0 0
0.0187126 0.354167 0 0
0.044816 0.33125 0 0
0.0593936 0.308333 0 0
0.117295 0.285417 0 0
0.141992 0.2625 0 0
0.22505 0.239583 0 0
0.284754 0.216667 0 0
0.353205 0.19375 0 0
0.442856 0.170833 0 0
0.690549 0.122917 0 0
0.850558 0.1 0 0
0.962367 0.0770833 0 0
-0.653776 0.0729167 0 0
0.0250673 0.0713333 0 0
0.418108 0.07 0 0
1.03667 0.0691667 0 0
1.01309 0.06625 0 0
0.972504 0.0658333 0 0
0.842635 0.0654167 0 0
0.678943 0.065 0 0
