0 0 0 0
0 0.666667 0 0
-0.153414 1.43604 0 0.0133917
-0.172406 0.000104167 0 0
0 0 0 0
-1.41871 0.000416667 0 0
-2.07128 0.001125 0 0
-2.30426 0.00208333 0 0
-2.58479 0.00375 0 0
-2.90745 0.00708333 0 0
-2.9702 0.0116667 0 0
-3.00494 0.0183333 0 0
-3.09796 0.0254167 0 0
-2.80158 0.0375 0 0
-2.64192 0.0645833 0 0
-2.31331 0.116667 0 0
-2.21967 0.14375 0 0
-2.14767 0.172917 0 0
-2.11213 0.202083 0 0
-1.94133 0.229167 0 0
-2.04519 0.25625 0 0
-1.97852 0.308333 0 0
-1.86082 0.360417 0 0
-1.81277 0.3875 0 0
-1.71502 0.414583 0 0
-1.68693 0.441667 0 0
-1.56987 0.46875 0 0
-1.46515 0.495833 0 0
-1.3788 0.522917 0 0
-1.27467 0.55 0 0
-1.14565 0.577083 0 0
-1.03767 0.604167 0 0
-0.950495 0.63125 0 0
-0.860504 0.658333 0 0
-0.766201 0.6875 0 0
-0.683824 0.716667 0 0
-0.606363 0.74375 0 0
-0.530593 0.770833 0 0
-0.387928 0.822917 0 0
-0.265847 0.875 0 0
-0.204781 0.902083 0 0
-0.177558 0.929167 0 0
-0.109267 0.9575 0 0
-0.0762226 0.9825 0 0
-0.0189412 1.00625 0 0
0.00886333 1.02917 0 0
0.0627555 1.06708 0 0
0 0 0 0
-0.653776 0.0729167 0 0
0.0250673 0.0713333 0 0
0.418108 0.07 0 0
0.678943 0.065 0 0
0.842635 0.0654167 0 0
0.972504 0.0658333 0 0
1.01309 0.06625 0 0
1.03667 0.0691667 0 0
0.962367 0.0770833 0 0
0.850558 0.1 0 0
0.690549 0.122917 0 0
0.442856 0.170833 0 0
0.353205 0.19375 0 0
0.284754 0.216667 0 0
0.22505 0.239583 0 0
0.141992 0.2625 0 0
0.117295 0.285417 0 0
0.0593936 0.308333 0 0
0.044816 0.33125 0 0
0.0187126 0.354167 0 0
-0.0654901 0.377083 0 0
-0.0303942 0.4 0 0
-0.00691423 0.422917 0 0
0.00376492 0.445833 0 0
0.00616225 0.46875 0 0
0.0280044 0.491667 0 0
0.0684046 0.514583 0 0
0.114306 0.5375 0 0
0.115382 0.560417 0 0
0.158624 0.58125 0 0
0.187048 0.604167 0 0
0.317192 0.627083 0 0
0.323248 0.65125 0 0
0.354173 0.675833 0 0
0.388888 0.700625 0 0
0.411531 0.725417 0 0
0.423332 0.750208 0 0
0.433505 0.825104 0 0
0.41919 0.850042 0 0
0.343638 0.875 0 0
0.276273 0.900035 0 0
0.193919 0.925094 0 0
0.103498 0.950174 0 0
0.0261158 0.975312 0 0
-0.220399 0.99059 0 0
0 0 0 0
0.765728 0.0640278 0 0
0.762069 0.0896181 0 0
0.781623 0.115625 0 0
0.812883 0.142882 0 0
0.824664 0.172222 0 0
0.819826 0.199479 0 0
0.84763 0.22691 0 0
0.846334 0.25434 0 0
0.85726 0.281597 0 0
0.857467 0.308854 0 0
0.850482 0.338194 0 0
0.867478 0.367535 0 0
0.871517 0.394792 0 0
0.890022 0.422049 0 0
0.891103 0.449306 0 0
0.888657 0.476562 0 0
0.903555 0.493819 0 0
0.905536 0.511076 0 0
0.911148 0.528333 0 0
0.935085 0.54559 0 0
0.929056 0.562847 0 0
0.942319 0.580104 0 0
0.892851 0.597361 0 0
0.971918 0.614792 0 0
0.965427 0.632222 0 0
0.979345 0.649479 0 0
0.978369 0.666736 0 0
0.997342 0.686076 0 0
1.00663 0.705417 0 0
0.998432 0.722674 0 0
1.01235 0.739931 0 0
1.00775 0.757292 0 0
1.01582 0.774375 0 0
0.996472 0.791354 0 0
1.01753 0.808264 0 0
1.0211 0.826423 0 0
0.967541 0.83 0 0
1.02795 0.83875 0 0
1.03672 0.846667 0 0
1.03033 0.854583 0 0
1.04476 0.8625 0 0
1.03207 0.870417 0 0
1.04811 0.878337 0 0
1.02457 0.886259 0 0
0.956833 0.890017 0 0
0.927946 0.897951 0 0
0.894407 0.905885 0 0
0.851173 0.913819 0 0
0.835072 0.921771 0 0
0.849521 0.929757 0 0
0.878341 0.937847 0 0
0.910486 0.945937 0 0
0.946683 0.954201 0 0
0.974802 0.962292 0 0
0.98355 0.970382 0 0
1.00281 0.978472 0 0
1.01287 0.986562 0 0
1.05697 0.994653 0 0
1.02875 1.00274 0 0
1.01433 1.01083 0 0
1.01344 1.01892 0 0
1.00189 1.02701 0 0
1.02598 1.0351 0 0
1.02821 1.04319 0 0
1.02197 1.05128 0 0
1.01557 1.05937 0 0
1.04158 1.06747 0 0
1.03456 1.07556 0 0
1.04472 1.08365 0 0
1.05186 1.09174 0 0
1.09018 1.09774 0 0
1.08628 1.10583 0 0
1.08019 1.11392 0 0
0.95069 1.12358 0 0
1.01541 1.13344 0 0
1.04506 1.14333 0 0
1.11844 1.15826 0 0
1.09839 1.17302 0 0
1.09756 1.18799 0 0
1.07498 1.20295 0 0
1.06291 1.21792 0 0
0.897471 1.22753 0 0
0.847488 1.24259 0 0
0.824361 1.25767 0 0
0.810558 1.27281 0 0
0.76721 1.28809 0 0
0.773807 1.30347 0 0
0.771218 1.31903 0 0
0.759172 1.33462 0 0
0.791878 1.35062 0 0
0.803923 1.36788 0 0
0.808958 1.38722 0 0
0.832021 1.40448 0 0
0.843064 1.42191 0 0
0.841461 1.43934 0 0
0.860053 1.4566 0 0
0.840634 1.48385 0 0
0.862135 1.51319 0 0
0.875249 1.54253 0 0
0.858538 1.56979 0 0
0.866071 1.59705 0 0
0.868445 1.62431 0 0
0.898983 1.65156 0 0
0.857829 1.67882 0 0
0.901311 1.70608 0 0
0.928387 1.73333 0 0
0.910488 1.76059 0 0
0.929842 1.78785 0 0
0.921808 1.8151 0 0
0.948418 1.84236 0 0
0.963915 1.86979 0 0
0 0 0 0
-0.0325628 0.686979 0 0
-0.0600461 1.00174 0 0
-0.0843107 1.31858 0 0
-0.0193472 1.63542 0 0
-0.0170651 0.0751736 0 0
-0.0147965 0.0774306 0 0
-0.00910558 0.0797917 0 0
-0.00635188 0.081875 0 0
-0.00157843 0.0838542 0 0
0.000738611 0.0857642 0 0
0.00522963 0.0889233 0 0
-0.0183666 0.0825492 0 0
0.00217632 0.081276 0 0
0.00862483 0.0791812 0 0
0.0161599 0.0770912 0 0
0.0230227 0.0750029 0 0
0.0286365 0.0729167 0 0
0.0349325 0.0708368 0 0
0.0361254 0.0687587 0 0
0.0352777 0.0625173 0 0
0.0342942 0.0604514 0 0
0.0324073 0.0583854 0 0
0.0295144 0.0563194 0 0
0.0269373 0.0542708 0 0
0.0264327 0.0522569 0 0
0.0155873 0.0503473 0 0
0.0132187 0.0484375 0 0
0.00961517 0.0467014 0 0
0.0095255 0.0447917 0 0
0.00570038 0.0428819 0 0
0.0023337 0.0409723 0 0
0.000513521 0.0390625 0 0
0.000313743 0.0371527 0 0
-0.000576186 0.0352431 0 0
-0.00253285 0.0333333 0 0
-0.00545751 0.0314236 0 0
0.00155938 0.0295139 0 0
0.00373467 0.0276042 0 0
0.00494947 0.0256944 0 0
0.00977458 0.0237847 0 0
0.0118327 0.021875 0 0
0.0187542 0.0199653 0 0
0.0237295 0.0180556 0 0
0.0294337 0.0161458 0 0
0.0369047 0.0142361 0 0
0.0575457 0.0102431 0 0
0.0708798 0.00833333 0 0
0.0801972 0.00642361 0 0
-0.0544813 0.00607639 0 0
0.00208894 0.00594444 0 0
0.0348423 0.00583333 0 0
0.0863892 0.00576389 0 0
0.0844242 0.00552083 0 0
0.081042 0.00548611 0 0
0.0702196 0.00545139 0 0
0.0565786 0.00541667 0 0
-0.118226 3.47223e-05 0 0
-0.172607 9.375e-05 0 0
-0.192022 0.000173611 0 0
-0.215399 0.0003125 0 0
-0.242287 0.000590278 0 0
-0.247517 0.000972225 0 0
-0.250412 0.00152778 0 0
-0.258163 0.00211806 0 0
-0.233465 0.003125 0 0
-0.22016 0.00538194 0 0
-0.192776 0.00972225 0 0
-0.184972 0.0119792 0 0
-0.178973 0.0144097 0 0
-0.176011 0.0168403 0 0
-0.161777 0.0190972 0 0
-0.170432 0.0213542 0 0
-0.164877 0.0256944 0 0
-0.155068 0.0300347 0 0
-0.151064 0.0322917 0 0
-0.142918 0.0345486 0 0
-0.140577 0.0368056 0 0
-0.130823 0.0390625 0 0
-0.122096 0.0413194 0 0
-0.1149 0.0435764 0 0
-0.106222 0.0458333 0 0
-0.0954708 0.0480903 0 0
-0.0864725 0.0503473 0 0
-0.0792079 0.0526042 0 0
-0.0717087 0.0548611 0 0
-0.0638501 0.0572917 0 0
-0.0569853 0.0597223 0 0
-0.0505302 0.0619792 0 0
-0.0442161 0.0642361 0 0
-0.0323273 0.0685764 0 0
-0.0221539 0.0729167 0 0
-0.0170651 0.0751736 0 0
-0.0147965 0.0774306 0 0
-0.00910558 0.0797917 0 0
-0.00635188 0.081875 0 0
-0.00157843 0.0838542 0 0
0.000738611 0.0857642 0 0
0.00522963 0.0889233 0 0
-0.0183666 0.0825492 0 0
0.00217632 0.081276 0 0
0.00862483 0.0791812 0 0
0.0161599 0.0770912 0 0
0.0230227 0.0750029 0 0
0.0286365 0.0729167 0 0
0.0349325 0.0708368 0 0
0.0361254 0.0687587 0 0
0.0352777 0.0625173 0 0
0.0342942 0.0604514 0 0
0.0324073 0.0583854 0 0
0.0295144 0.0563194 0 0
0.0269373 0.0542708 0 0
0.0264327 0.0522569 0 0
0.0155873 0.0503473 0 0
0.0132187 0.0484375 0 0
0.00961517 0.0467014 0 0
0.0095255 0.0447917 0 0
0.00570038 0.0428819 0 0
0.0023337 0.0409723 0 0
0.000513521 0.0390625 0 0
0.000313743 0.0371527 0 0
-0.000576186 0.0352431 0 0
-0.00253285 0.0333333 0 0
-0.00545751 0.0314236 0 0
0.00155938 0.0295139 0 0
0.00373467 0.0276042 0 0
0.00494947 0.0256944 0 0
0.00977458 0.0237847 0 0
0.0118327 0.021875 0 0
0.0187542 0.0199653 0 0
0.0237295 0.0180556 0 0
0.0294337 0.0161458 0 0
0.0369047 0.0142361 0 0
0.0575457 0.0102431 0 0
0.0708798 0.00833333 0 0
0.0801972 0.00642361 0 0
-0.0544813 0.00607639 0 0
0.00208894 0.00594444 0 0
0.0348423 0.00583333 0 0
0.0863892 0.00576389 0 0
0.0844242 0.00552083 0 0
0.081042 0.00548611 0 0
0.0702196 0.00545139 0 0
0.0565786 0.00541667 0 0
-0.118226 3.47223e-05 0 0
-0.172607 9.375e-05 0 0
-0.192022 0.000173611 0 0
-0.215399 0.0003125 0 0
-0.242287 0.000590278 0 0
-0.247517 0.000972225 0 0
-0.250412 0.00152778 0 0
-0.258163 0.00211806 0 0
-0.233465 0.003125 0 0
-0.22016 0.00538194 0 0
-0.192776 0.00972225 0 0
-0.184972 0.0119792 0 0
-0.178973 0.0144097 0 0
-0.176011 0.0168403 0 0
-0.161777 0.0190972 0 0
-0.170432 0.0213542 0 0
-0.164877 0.0256944 0 0
-0.155068 0.0300347 0 0
-0.151064 0.0322917 0 0
-0.142918 0.0345486 0 0
-0.140577 0.0368056 0 0
-0.130823 0.0390625 0 0
-0.122096 0.0413194 0 0
-0.1149 0.0435764 0 0
-0.106222 0.0458333 0 0
-0.0954708 0.0480903 0 0
-0.0864725 0.0503473 0 0
-0.0792079 0.0526042 0 0
-0.0717087 0.0548611 0 0
-0.0638501 0.0572917 0 0
-0.0569853 0.0597223 0 0
-0.0505302 0.0619792 0 0
-0.0442161 0.0642361 0 0
-0.0323273 0.0685764 0 0
-0.0221539 0.0729167 0 0
-0.0170651 0.0751736 0 0
-0.0147965 0.0774306 0 0
-0.00910558 0.0797917 0 0
-0.00635188 0.081875 0 0
-0.00157843 0.0838542 0 0
0.000738611 0.0857642 0 0
0.00522963 0.0889233 0 0
-0.0183666 0.0825492 0 0
0.00217632 0.081276 0 0
0.00862483 0.0791812 0 0
0.0161599 0.0770912 0 0
0.0230227 0.0750029 0 0
0.0286365 0.0729167 0 0
0.0349325 0.0708368 0 0
0.0361254 0.0687587 0 0
0.0352777 0.0625173 0 0
0.0342942 0.0604514 0 0
0.0324073 0.0583854 0 0
0.0295144 0.0563194 0 0
0.0269373 0.0542708 0 0
0.0264327 0.0522569 0 0
0.0155873 0.0503473 0 0
0.0132187 0.0484375 0 0
0.00961517 0.0467014 0 0
0.0095255 0.0447917 0 0
0.00570038 0.0428819 0 0
0.0023337 0.0409723 0 0
0.000513521 0.0390625 0 0
0.000313743 0.0371527 0 0
-0.000576186 0.0352431 0 0
-0.00253285 0.0333333 0 0
-0.00545751 0.0314236 0 0
0.00155938 0.0295139 0 0
0.00373467 0.0276042 0 0
0.00494947 0.0256944 0 0
0.00977458 0.0237847 0 0
0.0118327 0.021875 0 0
0.0187542 0.0199653 0 0
0.0237295 0.0180556 0 0
0.0294337 0.0161458 0 0
0.0369047 0.0142361 0 0
0.0575457 0.0102431 0 0
0.0708798 0.00833333 0 0
0.0801972 0.00642361 0 0
-0.0544813 0.00607639 0 0
0.00208894 0.00594444 0 0
0.0348423 0.00583333 0 0
0.0863892 0.00576389 0 0
0.0844242 0.00552083 0 0
0.081042 0.00548611 0 0
0.0702196 0.00545139 0 0
0.0565786 0.00541667 0 0
12
