0.678301 0 0 0
0.36215 0.0005 0 0
0.171864 0.00125 0 0
-0.04709 0.0025 0 0
-0.35778 0.005 0 0
-0.478082 0.0075 0 0
-0.677667 0.01 0 0
-0.895742 0.015 0 0
-0.886813 0.025 0 0
-0.963902 0.05 0 0
-1.06793 0.1 0 0
-1.11765 0.125 0 0
-1.15433 0.15 0 0
-1.20723 0.175 0 0
-1.13681 0.2 0 0
-1.2685 0.225 0 0
-1.3142 0.275 0 0
-1.30874 0.325 0 0
-1.29554 0.35 0 0
-1.25977 0.375 0 0
-1.25964 0.4 0 0
-1.19693 0.425 0 0
-1.14368 0.45 0 0
-1.10441 0.475 0 0
-1.06608 0.5 0 0
-1.04264 0.525 0 0
-0.777812 0.55 0 0
-0.715042 0.575 0 0
-0.683048 0.6 0 0
-0.6233 0.625 0 0
-0.585544 0.65 0 0
-0.527282 0.675 0 0
-0.468508 0.7 0 0
-0.363698 0.75 0 0
-0.265021 0.8 0 0
-0.215512 0.825 0 0
-0.194998 0.85 0 0
-0.132153 0.875 0 0
-0.103726 0.9 0 0
-0.0549925 0.925 0 0
-0.0140383 0.95 0 0
0.107207 0.99 0 0
0.160449 0.99 0 0
0.278602 0.975 0 0
0.306151 0.95 0 0
0.359904 0.925 0 0
0.375934 0.9 0 0
0.375561 0.875 0 0
0.386308 0.85 0 0
0.363948 0.825 0 0
0.308847 0.75 0 0
0.275268 0.725 0 0
0.23172 0.7 0 0
0.17962 0.675 0 0
0.126573 0.65 0 0
0.113873 0.625 0 0
0.0799942 0.6 0 0
0.0493475 0.575 0 0
-0.0397033 0.55 0 0
-0.166236 0.525 0 0
-0.189978 0.5 0 0
-0.213656 0.475 0 0
-0.234232 0.45 0 0
-0.253298 0.425 0 0
-0.281686 0.4 0 0
-0.325203 0.375 0 0
-0.379393 0.35 0 0
-0.309236 0.325 0 0
-0.308632 0.3 0 0
-0.320551 0.275 0 0
-0.292565 0.25 0 0
-0.287483 0.225 0 0
-0.224939 0.2 0 0
-0.187619 0.175 0 0
-0.146293 0.15 0 0
-0.0811925 0.125 0 0
0.114619 0.075 0 0
0.270693 0.05 0 0
0.407802 0.025 0 0
0.550567 0.015 0 0
0.732533 0.01 0 0
0.851893 0.0075 0 0
0.957546 0.005 0 0
0.996037 0.0025 0 0
1.02548 0.00125 0 0
1.00974 0.0005 0 0
0.86785 0 0 0
0.648486 0.000416667 0 0
0.32231 0.001125 0 0
0.115392 0.00208333 0 0
-0.121735 0.00375 0 0
-0.431681 0.00708333 0 0
-0.558408 0.0116667 0 0
-0.766662 0.0183333 0 0
-0.988879 0.0254167 0 0
-0.983007 0.0375 0 0
-1.0645 0.0645833 0 0
-1.16267 0.116667 0 0
-1.22336 0.14375 0 0
-1.26384 0.172917 0 0
-1.31629 0.202083 0 0
-1.24477 0.229167 0 0
-1.37348 0.25625 0 0
-1.41917 0.308333 0 0
-1.40849 0.360417 0 0
-1.39085 0.3875 0 0
-1.35181 0.414583 0 0
-1.34848 0.441667 0 0
-1.28381 0.46875 0 0
-1.2085 0.495833 0 0
-1.164 0.522917 0 0
-1.12301 0.55 0 0
-1.09459 0.577083 0 0
-0.826607 0.604167 0 0
-0.758982 0.63125 0 0
-0.72209 0.658333 0 0
-0.653608 0.6875 0 0
-0.607629 0.716667 0 0
-0.545241 0.74375 0 0
-0.484757 0.770833 0 0
-0.374711 0.822917 0 0
-0.273665 0.875 0 0
-0.220094 0.902083 0 0
-0.196168 0.929167 0 0
-0.123219 0.9575 0 0
-0.0903551 0.9825 0 0
-0.0317757 1.00625 0 0
0.0114743 1.02917 0 0
0.137199 1.06708 0 0
0.160449 0.99 0 0
0.278602 0.975 0 0
0.306151 0.95 0 0
0.359904 0.925 0 0
0.375934 0.9 0 0
0.447882 0.875 0 0
0.470453 0.850042 0 0
0.449404 0.825104 0 0
0.39185 0.750208 0 0
0.355064 0.725417 0 0
0.302711 0.700625 0 0
0.240664 0.675833 0 0
0.172453 0.65125 0 0
0.147857 0.627083 0 0
0.102552 0.604167 0 0
0.0588991 0.58125 0 0
-0.0464694 0.560417 0 0
-0.178427 0.5375 0 0
-0.205613 0.514583 0 0
-0.232401 0.491667 0 0
-0.258189 0.46875 0 0
-0.277679 0.445833 0 0
-0.308398 0.422917 0 0
-0.350923 0.4 0 0
-0.405162 0.377083 0 0
-0.340852 0.354167 0 0
-0.335732 0.33125 0 0
-0.344025 0.308333 0 0
-0.313673 0.285417 0 0
-0.307002 0.2625 0 0
-0.242744 0.239583 0 0
-0.203451 0.216667 0 0
-0.160146 0.19375 0 0
-0.0845011 0.170833 0 0
0.118731 0.122917 0 0
0.277359 0.1 0 0
0.417291 0.0770833 0 0
0.899147 0.0729167 0 0
1.04194 0.0713333 0 0
1.05581 0.07 0 0
0.561114 0.0691667 0 0
0.747502 0.06625 0 0
0.871202 0.0658333 0 0
0.980485 0.0654167 0 0
1.02177 0.065 0 0
0.648486 0.000416667 0 0
0.32231 0.001125 0 0
0.115392 0.00208333 0 0
-0.121735 0.00375 0 0
-0.431681 0.00708333 0 0
-0.558408 0.0116667 0 0
-0.766662 0.0183333 0 0
-0.988879 0.0254167 0 0
-0.983007 0.0375 0 0
-1.0645 0.0645833 0 0
-1.16267 0.116667 0 0
-1.22336 0.14375 0 0
-1.26384 0.172917 0 0
-1.31629 0.202083 0 0
-1.24477 0.229167 0 0
-1.37348 0.25625 0 0
-1.41917 0.308333 0 0
-1.40849 0.360417 0 0
-1.39085 0.3875 0 0
-1.35181 0.414583 0 0
-1.34848 0.441667 0 0
-1.28381 0.46875 0 0
-1.2085 0.495833 0 0
-1.164 0.522917 0 0
-1.12301 0.55 0 0
-1.09459 0.577083 0 0
-0.826607 0.604167 0 0
-0.758982 0.63125 0 0
-0.72209 0.658333 0 0
-0.653608 0.6875 0 0
-0.607629 0.716667 0 0
-0.545241 0.74375 0 0
-0.484757 0.770833 0 0
-0.374711 0.822917 0 0
-0.273665 0.875 0 0
-0.220094 0.902083 0 0
-0.196168 0.929167 0 0
-0.123219 0.9575 0 0
-0.0903551 0.9825 0 0
-0.0317757 1.00625 0 0
0.0114743 1.02917 0 0
0.137199 1.06708 0 0
0.124476 0.99059 0 0
0.268457 0.975312 0 0
0.315767 0.950174 0 0
0.386763 0.925094 0 0
0.429975 0.900035 0 0
0.447882 0.875 0 0
0.470453 0.850042 0 0
0.449404 0.825104 0 0
0.39185 0.750208 0 0
0.355064 0.725417 0 0
0.302711 0.700625 0 0
0.240664 0.675833 0 0
0.172453 0.65125 0 0
0.147857 0.627083 0 0
0.102552 0.604167 0 0
0.0588991 0.58125 0 0
-0.0464694 0.560417 0 0
-0.178427 0.5375 0 0
-0.205613 0.514583 0 0
-0.232401 0.491667 0 0
-0.258189 0.46875 0 0
-0.277679 0.445833 0 0
-0.308398 0.422917 0 0
-0.350923 0.4 0 0
-0.405162 0.377083 0 0
-0.340852 0.354167 0 0
-0.335732 0.33125 0 0
-0.344025 0.308333 0 0
-0.313673 0.285417 0 0
-0.307002 0.2625 0 0
-0.242744 0.239583 0 0
-0.203451 0.216667 0 0
-0.160146 0.19375 0 0
-0.0845011 0.170833 0 0
0.118731 0.122917 0 0
0.277359 0.1 0 0
0.417291 0.0770833 0 0
0.899147 0.0729167 0 0
1.04194 0.0713333 0 0
1.05581 0.07 0 0
0.561114 0.0691667 0 0
0.747502 0.06625 0 0
0.871202 0.0658333 0 0
0.980485 0.0654167 0 0
1.02177 0.065 0 0
0.648486 0.000416667 0 0
0.32231 0.001125 0 0
0.115392 0.00208333 0 0
-0.121735 0.00375 0 0
-0.431681 0.00708333 0 0
-0.558408 0.0116667 0 0
-0.766662 0.0183333 0 0
-0.988879 0.0254167 0 0
-0.983007 0.0375 0 0
-1.0645 0.0645833 0 0
-1.16267 0.116667 0 0
-1.22336 0.14375 0 0
-1.26384 0.172917 0 0
-1.31629 0.202083 0 0
-1.24477 0.229167 0 0
-1.37348 0.25625 0 0
-1.41917 0.308333 0 0
-1.40849 0.360417 0 0
-1.39085 0.3875 0 0
-1.35181 0.414583 0 0
-1.34848 0.441667 0 0
-1.28381 0.46875 0 0
-1.2085 0.495833 0 0
-1.164 0.522917 0 0
-1.12301 0.55 0 0
-1.09459 0.577083 0 0
-0.826607 0.604167 0 0
-0.758982 0.63125 0 0
-0.72209 0.658333 0 0
-0.653608 0.6875 0 0
-0.607629 0.716667 0 0
-0.545241 0.74375 0 0
-0.484757 0.770833 0 0
-0.374711 0.822917 0 0
-0.273665 0.875 0 0
-0.220094 0.902083 0 0
-0.196168 0.929167 0 0
-0.123219 0.9575 0 0
-0.0903551 0.9825 0 0
-0.0317757 1.00625 0 0
0.0114743 1.02917 0 0
0.137199 1.06708 0 0
0.124476 0.99059 0 0
0.268457 0.975312 0 0
0.315767 0.950174 0 0
0.386763 0.925094 0 0
0.429975 0.900035 0 0
0.447882 0.875 0 0
0.470453 0.850042 0 0
0.449404 0.825104 0 0
0.39185 0.750208 0 0
0.355064 0.725417 0 0
0.302711 0.700625 0 0
0.240664 0.675833 0 0
0.172453 0.65125 0 0
0.147857 0.627083 0 0
0.102552 0.604167 0 0
0.0588991 0.58125 0 0
-0.0464694 0.560417 0 0
-0.178427 0.5375 0 0
-0.205613 0.514583 0 0
-0.232401 0.491667 0 0
-0.258189 0.46875 0 0
-0.277679 0.445833 0 0
-0.308398 0.422917 0 0
-0.350923 0.4 0 0
-0.405162 0.377083 0 0
-0.340852 0.354167 0 0
-0.335732 0.33125 0 0
-0.344025 0.308333 0 0
-0.313673 0.285417 0 0
-0.307002 0.2625 0 0
-0.242744 0.239583 0 0
-0.203451 0.216667 0 0
-0.160146 0.19375 0 0
-0.0845011 0.170833 0 0
0.118731 0.122917 0 0
0.277359 0.1 0 0
0.417291 0.0770833 0 0
0.899147 0.0729167 0 0
1.04194 0.0713333 0 0
1.05581 0.07 0 0
0.561114 0.0691667 0 0
0.747502 0.06625 0 0
0.871202 0.0658333 0 0
0.980485 0.0654167 0 0
1.02177 0.065 0 0
0.648486 0.000416667 0 0
0.32231 0.001125 0 0
0.115392 0.00208333 0 0
-0.121735 0.00375 0 0
-0.431681 0.00708333 0 0
-0.558408 0.0116667 0 0
-0.766662 0.0183333 0 0
-0.988879 0.0254167 0 0
-0.983007 0.0375 0 0
-1.0645 0.0645833 0 0
-1.16267 0.116667 0 0
-1.22336 0.14375 0 0
-1.26384 0.172917 0 0
-1.31629 0.202083 0 0
-1.24477 0.229167 0 0
-1.37348 0.25625 0 0
-1.41917 0.308333 0 0
-1.40849 0.360417 0 0
-1.39085 0.3875 0 0
-1.35181 0.414583 0 0
-1.34848 0.441667 0 0
-1.28381 0.46875 0 0
-1.2085 0.495833 0 0
-1.164 0.522917 0 0
-1.12301 0.55 0 0
-1.09459 0.577083 0 0
-0.826607 0.604167 0 0
-0.758982 0.63125 0 0
-0.72209 0.658333 0 0
-0.653608 0.6875 0 0
-0.607629 0.716667 0 0
-0.545241 0.74375 0 0
-0.484757 0.770833 0 0
-0.374711 0.822917 0 0
-0.273665 0.875 0 0
-0.220094 0.902083 0 0
-0.196168 0.929167 0 0
-0.123219 0.9575 0 0
-0.0903551 0.9825 0 0
-0.0317757 1.00625 0 0
0.0114743 1.02917 0 0
0.137199 1.06708 0 0
0.124476 0.99059 0 0
0.268457 0.975312 0 0
0.315767 0.950174 0 0
0.386763 0.925094 0 0
0.429975 0.900035 0 0
0.447882 0.875 0 0
0.470453 0.850042 0 0
0.449404 0.825104 0 0
0.39185 0.750208 0 0
0.355064 0.725417 0 0
0.302711 0.700625 0 0
0.240664 0.675833 0 0
0.172453 0.65125 0 0
0.147857 0.627083 0 0
0.102552 0.604167 0 0
0.0588991 0.58125 0 0
-0.0464694 0.560417 0 0
-0.178427 0.5375 0 0
-0.205613 0.514583 0 0
-0.232401 0.491667 0 0
-0.258189 0.46875 0 0
-0.277679 0.445833 0 0
-0.308398 0.422917 0 0
-0.350923 0.4 0 0
-0.405162 0.377083 0 0
-0.340852 0.354167 0 0
-0.335732 0.33125 0 0
-0.344025 0.308333 0 0
-0.313673 0.285417 0 0
-0.307002 0.2625 0 0
-0.242744 0.239583 0 0
-0.203451 0.216667 0 0
-0.160146 0.19375 0 0
-0.0845011 0.170833 0 0
0.118731 0.122917 0 0
0.277359 0.1 0 0
0.417291 0.0770833 0 0
0.899147 0.0729167 0 0
1.04194 0.0713333 0 0
1.05581 0.07 0 0
0.561114 0.0691667 0 0
0.747502 0.06625 0 0
0.871202 0.0658333 0 0
0.980485 0.0654167 0 0
1.02177 0.065 0 0
0.648486 0.000416667 0 0
0.32231 0.001125 0 0
0.115392 0.00208333 0 0
-0.121735 0.00375 0 0
-0.431681 0.00708333 0 0
-0.558408 0.0116667 0 0
-0.766662 0.0183333 0 0
-0.988879 0.0254167 0 0
-0.983007 0.0375 0 0
-1.0645 0.0645833 0 0
-1.16267 0.116667 0 0
-1.22336 0.14375 0 0
-1.26384 0.172917 0 0
-1.31629 0.202083 0 0
-1.24477 0.229167 0 0
-1.37348 0.25625 0 0
-1.41917 0.308333 0 0
-1.40849 0.360417 0 0
-1.39085 0.3875 0 0
-1.35181 0.414583 0 0
-1.34848 0.441667 0 0
-1.28381 0.46875 0 0
-1.2085 0.495833 0 0
-1.164 0.522917 0 0
-1.12301 0.55 0 0
-1.09459 0.577083 0 0
-0.826607 0.604167 0 0
-0.758982 0.63125 0 0
-0.72209 0.658333 0 0
-0.653608 0.6875 0 0
-0.607629 0.716667 0 0
-0.545241 0.74375 0 0
-0.484757 0.770833 0 0
-0.374711 0.822917 0 0
-0.273665 0.875 0 0
-0.220094 0.902083 0 0
-0.196168 0.929167 0 0
-0.123219 0.9575 0 0
-0.0903551 0.9825 0 0
-0.0317757 1.00625 0 0
0.0114743 1.02917 0 0
0.137199 1.06708 0 0
0.124476 0.99059 0 0
0.268457 0.975312 0 0
0.315767 0.950174 0 0
0.386763 0.925094 0 0
0.429975 0.900035 0 0
0.447882 0.875 0 0
0.470453 0.850042 0 0
0.449404 0.825104 0 0
0.39185 0.750208 0 0
0.355064 0.725417 0 0
0.302711 0.700625 0 0
0.240664 0.675833 0 0
0.172453 0.65125 0 0
0.147857 0.627083 0 0
0.102552 0.604167 0 0
0.0588991 0.58125 0 0
-0.0464694 0.560417 0 0
-0.178427 0.5375 0 0
-0.205613 0.514583 0 0
-0.232401 0.491667 0 0
-0.258189 0.46875 0 0
-0.277679 0.445833 0 0
-0.308398 0.422917 0 0
-0.350923 0.4 0 0
-0.405162 0.377083 0 0
-0.340852 0.354167 0 0
-0.335732 0.33125 0 0
-0.344025 0.308333 0 0
-0.313673 0.285417 0 0
-0.307002 0.2625 0 0
-0.242744 0.239583 0 0
-0.203451 0.216667 0 0
-0.160146 0.19375 0 0
-0.0845011 0.170833 0 0
0.118731 0.122917 0 0
0.277359 0.1 0 0
0.417291 0.0770833 0 0
0.899147 0.0729167 0 0
1.04194 0.0713333 0 0
1.05581 0.07 0 0
0.561114 0.0691667 0 0
0.747502 0.06625 0 0
0.871202 0.0658333 0 0
0.980485 0.0654167 0 0
1.02177 0.065 0 0
