0 0 0 0
0 0.166667 0 0
0.0301792 0.81235 0 0.00785833
0.014322 0.000104167 0 0
0 0 0 0
0.648486 0.000416667 0 0
0.32231 0.001125 0 0
0.115392 0.00208333 0 0
-0.121735 0.00375 0 0
-0.431681 0.00708333 0 0
-0.558408 0.0116667 0 0
-0.766662 0.0183333 0 0
-0.988879 0.0254167 0 0
-0.983007 0.0375 0 0
-1.0645 0.0645833 0 0
-1.16267 0.116667 0 0
-1.22336 0.14375 0 0
-1.26384 0.172917 0 0
-1.31629 0.202083 0 0
-1.24477 0.229167 0 0
-1.37348 0.25625 0 0
-1.41917 0.308333 0 0
-1.40849 0.360417 0 0
-1.39085 0.3875 0 0
-1.35181 0.414583 0 0
-1.34848 0.441667 0 0
-1.28381 0.46875 0 0
-1.2085 0.495833 0 0
-1.164 0.522917 0 0
-1.12301 0.55 0 0
-1.09459 0.577083 0 0
-0.826607 0.604167 0 0
-0.758982 0.63125 0 0
-0.72209 0.658333 0 0
-0.653608 0.6875 0 0
-0.607629 0.716667 0 0
-0.545241 0.74375 0 0
-0.484757 0.770833 0 0
-0.374711 0.822917 0 0
-0.273665 0.875 0 0
-0.220094 0.902083 0 0
-0.196168 0.929167 0 0
-0.123219 0.9575 0 0
-0.0903551 0.9825 0 0
-0.0317757 1.00625 0 0
0.0114743 1.02917 0 0
0.137199 1.06708 0 0
0 0 0 0
0.899147 0.0729167 0 0
1.04194 0.0713333 0 0
1.05581 0.07 0 0
1.02177 0.065 0 0
0.980485 0.0654167 0 0
0.871202 0.0658333 0 0
0.747502 0.06625 0 0
0.561114 0.0691667 0 0
0.417291 0.0770833 0 0
0.277359 0.1 0 0
0.118731 0.122917 0 0
-0.0845011 0.170833 0 0
-0.160146 0.19375 0 0
-0.203451 0.216667 0 0
-0.242744 0.239583 0 0
-0.307002 0.2625 0 0
-0.313673 0.285417 0 0
-0.344025 0.308333 0 0
-0.335732 0.33125 0 0
-0.340852 0.354167 0 0
-0.405162 0.377083 0 0
-0.350923 0.4 0 0
-0.308398 0.422917 0 0
-0.277679 0.445833 0 0
-0.258189 0.46875 0 0
-0.232401 0.491667 0 0
-0.205613 0.514583 0 0
-0.178427 0.5375 0 0
-0.0464694 0.560417 0 0
0.0588991 0.58125 0 0
0.102552 0.604167 0 0
0.147857 0.627083 0 0
0.172453 0.65125 0 0
0.240664 0.675833 0 0
0.302711 0.700625 0 0
0.355064 0.725417 0 0
0.39185 0.750208 0 0
0.449404 0.825104 0 0
0.470453 0.850042 0 0
0.447882 0.875 0 0
0.429975 0.900035 0 0
0.386763 0.925094 0 0
0.315767 0.950174 0 0
0.268457 0.975312 0 0
0.124476 0.99059 0 0
0 0 0 0
0.945654 0.0640278 0 0
0.934643 0.0896181 0 0
0.927156 0.115625 0 0
0.939259 0.142882 0 0
0.915786 0.172222 0 0
0.901233 0.199479 0 0
0.916958 0.22691 0 0
0.910764 0.25434 0 0
0.910422 0.281597 0 0
0.907213 0.308854 0 0
0.893102 0.338194 0 0
0.901902 0.367535 0 0
0.902965 0.394792 0 0
0.914776 0.422049 0 0
0.913397 0.449306 0 0
0.906933 0.476562 0 0
0.92167 0.493819 0 0
0.920057 0.511076 0 0
0.920642 0.528333 0 0
0.935473 0.54559 0 0
0.943389 0.562847 0 0
0.952527 0.580104 0 0
0.903602 0.597361 0 0
0.974814 0.614792 0 0
0.968978 0.632222 0 0
0.981052 0.649479 0 0
0.978408 0.666736 0 0
0.994145 0.686076 0 0
1.00193 0.705417 0 0
0.992751 0.722674 0 0
1.00674 0.739931 0 0
1.00251 0.757292 0 0
1.01252 0.774375 0 0
0.993154 0.791354 0 0
1.01413 0.808264 0 0
1.02542 0.826423 0 0
0.974448 0.83 0 0
1.0305 0.83875 0 0
1.03421 0.846667 0 0
1.02741 0.854583 0 0
1.0442 0.8625 0 0
1.04491 0.870417 0 0
1.06987 0.878337 0 0
1.06096 0.886259 0 0
1.03246 0.890017 0 0
1.03724 0.897951 0 0
1.04925 0.905885 0 0
1.0328 0.913819 0 0
1.02624 0.921771 0 0
1.0256 0.929757 0 0
1.02958 0.937847 0 0
1.01826 0.945937 0 0
1.01244 0.954201 0 0
0.992219 0.962292 0 0
0.939375 0.970382 0 0
0.891472 0.978472 0 0
0.836518 0.986562 0 0
0.841226 0.994653 0 0
0.813389 1.00274 0 0
0.835703 1.01083 0 0
0.893296 1.01892 0 0
0.928459 1.02701 0 0
0.975604 1.0351 0 0
0.989935 1.04319 0 0
0.983 1.05128 0 0
0.974631 1.05937 0 0
0.999487 1.06747 0 0
0.988878 1.07556 0 0
0.999496 1.08365 0 0
1.0056 1.09174 0 0
1.03867 1.09774 0 0
1.03407 1.10583 0 0
1.03048 1.11392 0 0
1.07916 1.12358 0 0
1.09587 1.13344 0 0
1.09567 1.14333 0 0
1.0749 1.15826 0 0
1.07271 1.17302 0 0
1.08541 1.18799 0 0
1.08425 1.20295 0 0
1.08738 1.21792 0 0
1.0683 1.22753 0 0
1.04452 1.24259 0 0
1.02166 1.25767 0 0
1.0127 1.27281 0 0
0.97212 1.28809 0 0
0.970622 1.30347 0 0
0.954548 1.31903 0 0
0.928987 1.33462 0 0
0.935538 1.35062 0 0
0.930331 1.36788 0 0
0.899011 1.38722 0 0
0.911607 1.40448 0 0
0.913111 1.42191 0 0
0.90507 1.43934 0 0
0.915173 1.4566 0 0
0.892833 1.48385 0 0
0.906874 1.51319 0 0
0.910522 1.54253 0 0
0.890609 1.56979 0 0
0.89248 1.59705 0 0
0.894278 1.62431 0 0
0.916906 1.65156 0 0
0.876907 1.67882 0 0
0.918234 1.70608 0 0
0.936333 1.73333 0 0
0.910482 1.76059 0 0
0.94167 1.78785 0 0
0.936022 1.8151 0 0
0.95452 1.84236 0 0
0.969018 1.86979 0 0
0 0 0 0
-0.0403134 0.686979 0 0
-0.0591823 1.00174 0 0
-0.0764184 1.31858 0 0
-0.00696958 1.63542 0 0
-0.0183412 0.0751736 0 0
-0.0163473 0.0774306 0 0
-0.0102682 0.0797917 0 0
-0.00752959 0.081875 0 0
-0.00264797 0.0838542 0 0
0.000956192 0.0857642 0 0
0.0114332 0.0889233 0 0
0.010373 0.0825492 0 0
0.0223714 0.081276 0 0
0.0263139 0.0791812 0 0
0.0322303 0.0770912 0 0
0.0358313 0.0750029 0 0
0.0373235 0.0729167 0 0
0.0392044 0.0708368 0 0
0.0374503 0.0687587 0 0
0.0326542 0.0625173 0 0
0.0295887 0.0604514 0 0
0.0252259 0.0583854 0 0
0.0200553 0.0563194 0 0
0.0143711 0.0542708 0 0
0.0123214 0.0522569 0 0
0.008546 0.0503473 0 0
0.00490826 0.0484375 0 0
-0.00387245 0.0467014 0 0
-0.0148689 0.0447917 0 0
-0.0171344 0.0428819 0 0
-0.0193667 0.0409723 0 0
-0.0215158 0.0390625 0 0
-0.0231399 0.0371527 0 0
-0.0256998 0.0352431 0 0
-0.0292436 0.0333333 0 0
-0.0337635 0.0314236 0 0
-0.0284043 0.0295139 0 0
-0.0279777 0.0276042 0 0
-0.0286688 0.0256944 0 0
-0.0261394 0.0237847 0 0
-0.0255835 0.021875 0 0
-0.0202287 0.0199653 0 0
-0.0169543 0.0180556 0 0
-0.0133455 0.0161458 0 0
-0.00704176 0.0142361 0 0
0.00989425 0.0102431 0 0
0.0231133 0.00833333 0 0
0.0347742 0.00642361 0 0
0.0749289 0.00607639 0 0
0.0868283 0.00594444 0 0
0.0879842 0.00583333 0 0
0.0467595 0.00576389 0 0
0.0622918 0.00552083 0 0
0.0726002 0.00548611 0 0
0.0817071 0.00545139 0 0
0.0851475 0.00541667 0 0
0.0540405 3.47223e-05 0 0
0.0268592 9.375e-05 0 0
0.009616 0.000173611 0 0
-0.0101446 0.0003125 0 0
-0.0359734 0.000590278 0 0
-0.046534 0.000972225 0 0
-0.0638885 0.00152778 0 0
-0.0824066 0.00211806 0 0
-0.0819172 0.003125 0 0
-0.0887083 0.00538194 0 0
-0.0968892 0.00972225 0 0
-0.101947 0.0119792 0 0
-0.10532 0.0144097 0 0
-0.109691 0.0168403 0 0
-0.103731 0.0190972 0 0
-0.114457 0.0213542 0 0
-0.118264 0.0256944 0 0
-0.117374 0.0300347 0 0
-0.115904 0.0322917 0 0
-0.112651 0.0345486 0 0
-0.112373 0.0368056 0 0
-0.106984 0.0390625 0 0
-0.100708 0.0413194 0 0
-0.097 0.0435764 0 0
-0.0935842 0.0458333 0 0
-0.0912158 0.0480903 0 0
-0.0688839 0.0503473 0 0
-0.0632485 0.0526042 0 0
-0.0601742 0.0548611 0 0
-0.0544673 0.0572917 0 0
-0.0506358 0.0597223 0 0
-0.0454367 0.0619792 0 0
-0.0403964 0.0642361 0 0
-0.0312259 0.0685764 0 0
-0.0228054 0.0729167 0 0
-0.0183412 0.0751736 0 0
-0.0163473 0.0774306 0 0
-0.0102682 0.0797917 0 0
-0.00752959 0.081875 0 0
-0.00264797 0.0838542 0 0
0.000956192 0.0857642 0 0
0.0114332 0.0889233 0 0
0.010373 0.0825492 0 0
0.0223714 0.081276 0 0
0.0263139 0.0791812 0 0
0.0322303 0.0770912 0 0
0.0358313 0.0750029 0 0
0.0373235 0.0729167 0 0
0.0392044 0.0708368 0 0
0.0374503 0.0687587 0 0
0.0326542 0.0625173 0 0
0.0295887 0.0604514 0 0
0.0252259 0.0583854 0 0
0.0200553 0.0563194 0 0
0.0143711 0.0542708 0 0
0.0123214 0.0522569 0 0
0.008546 0.0503473 0 0
0.00490826 0.0484375 0 0
-0.00387245 0.0467014 0 0
-0.0148689 0.0447917 0 0
-0.0171344 0.0428819 0 0
-0.0193667 0.0409723 0 0
-0.0215158 0.0390625 0 0
-0.0231399 0.0371527 0 0
-0.0256998 0.0352431 0 0
-0.0292436 0.0333333 0 0
-0.0337635 0.0314236 0 0
-0.0284043 0.0295139 0 0
-0.0279777 0.0276042 0 0
-0.0286688 0.0256944 0 0
-0.0261394 0.0237847 0 0
-0.0255835 0.021875 0 0
-0.0202287 0.0199653 0 0
-0.0169543 0.0180556 0 0
-0.0133455 0.0161458 0 0
-0.00704176 0.0142361 0 0
0.00989425 0.0102431 0 0
0.0231133 0.00833333 0 0
0.0347742 0.00642361 0 0
0.0749289 0.00607639 0 0
0.0868283 0.00594444 0 0
0.0879842 0.00583333 0 0
0.0467595 0.00576389 0 0
0.0622918 0.00552083 0 0
0.0726002 0.00548611 0 0
0.0817071 0.00545139 0 0
0.0851475 0.00541667 0 0
0.0540405 3.47223e-05 0 0
0.0268592 9.375e-05 0 0
0.009616 0.000173611 0 0
-0.0101446 0.0003125 0 0
-0.0359734 0.000590278 0 0
-0.046534 0.000972225 0 0
-0.0638885 0.00152778 0 0
-0.0824066 0.00211806 0 0
-0.0819172 0.003125 0 0
-0.0887083 0.00538194 0 0
-0.0968892 0.00972225 0 0
-0.101947 0.0119792 0 0
-0.10532 0.0144097 0 0
-0.109691 0.0168403 0 0
-0.103731 0.0190972 0 0
-0.114457 0.0213542 0 0
-0.118264 0.0256944 0 0
-0.117374 0.0300347 0 0
-0.115904 0.0322917 0 0
-0.112651 0.0345486 0 0
-0.112373 0.0368056 0 0
-0.106984 0.0390625 0 0
-0.100708 0.0413194 0 0
-0.097 0.0435764 0 0
-0.0935842 0.0458333 0 0
-0.0912158 0.0480903 0 0
-0.0688839 0.0503473 0 0
-0.0632485 0.0526042 0 0
-0.0601742 0.0548611 0 0
-0.0544673 0.0572917 0 0
-0.0506358 0.0597223 0 0
-0.0454367 0.0619792 0 0
-0.0403964 0.0642361 0 0
-0.0312259 0.0685764 0 0
-0.0228054 0.0729167 0 0
-0.0183412 0.0751736 0 0
-0.0163473 0.0774306 0 0
-0.0102682 0.0797917 0 0
-0.00752959 0.081875 0 0
-0.00264797 0.0838542 0 0
0.000956192 0.0857642 0 0
0.0114332 0.0889233 0 0
0.010373 0.0825492 0 0
0.0223714 0.081276 0 0
0.0263139 0.0791812 0 0
0.0322303 0.0770912 0 0
0.0358313 0.0750029 0 0
0.0373235 0.0729167 0 0
0.0392044 0.0708368 0 0
0.0374503 0.0687587 0 0
0.0326542 0.0625173 0 0
0.0295887 0.0604514 0 0
0.0252259 0.0583854 0 0
0.0200553 0.0563194 0 0
0.0143711 0.0542708 0 0
0.0123214 0.0522569 0 0
0.008546 0.0503473 0 0
0.00490826 0.0484375 0 0
-0.00387245 0.0467014 0 0
-0.0148689 0.0447917 0 0
-0.0171344 0.0428819 0 0
-0.0193667 0.0409723 0 0
-0.0215158 0.0390625 0 0
-0.0231399 0.0371527 0 0
-0.0256998 0.0352431 0 0
-0.0292436 0.0333333 0 0
-0.0337635 0.0314236 0 0
-0.0284043 0.0295139 0 0
-0.0279777 0.0276042 0 0
-0.0286688 0.0256944 0 0
-0.0261394 0.0237847 0 0
-0.0255835 0.021875 0 0
-0.0202287 0.0199653 0 0
-0.0169543 0.0180556 0 0
-0.0133455 0.0161458 0 0
-0.00704176 0.0142361 0 0
0.00989425 0.0102431 0 0
0.0231133 0.00833333 0 0
0.0347742 0.00642361 0 0
0.0749289 0.00607639 0 0
0.0868283 0.00594444 0 0
0.0879842 0.00583333 0 0
0.0467595 0.00576389 0 0
0.0622918 0.00552083 0 0
0.0726002 0.00548611 0 0
0.0817071 0.00545139 0 0
0.0851475 0.00541667 0 0
12
