0 0 0 0
0 -0.6 0 0
0 0.18084 0 0.00694
0 0 0 0
0 0 0 0
0.972042 0 0 0
1.02341 0.0005 0 0
0.98658 0.00125 0 0
0.930208 0.0025 0 0
0.802614 0.005 0 0
0.722504 0.0075 0 0
0.554688 0.01 0 0
0.308132 0.015 0 0
0.247726 0.025 0 0
0.078296 0.05 0 0
-0.23327 0.1 0 0
-0.364582 0.125 0 0
-0.464804 0.15 0 0
-0.559292 0.175 0 0
-0.578024 0.2 0 0
-0.702314 0.225 0 0
-0.80964 0.275 0 0
-0.867948 0.325 0 0
-0.883776 0.35 0 0
-0.872794 0.375 0 0
-0.905578 0.4 0 0
-0.868354 0.425 0 0
-0.829668 0.45 0 0
-0.800434 0.475 0 0
-0.750282 0.5 0 0
-0.707158 0.525 0 0
-0.69343 0.55 0 0
-0.674854 0.575 0 0
-0.557272 0.6 0 0
-0.442188 0.625 0 0
-0.432662 0.65 0 0
-0.397692 0.675 0 0
-0.35586 0.7 0 0
-0.278334 0.75 0 0
-0.200966 0.8 0 0
-0.161882 0.825 0 0
-0.152028 0.85 0 0
-0.098 0.875 0 0
-0.080156 0.9 0 0
-0.040098 0.925 0 0
-0.008844 0.95 0 0
0.10559 0.99 0 0
0 0 0 0
0.876182 0 0 0
0.62244 0.0005 0 0
0.422726 0.00125 0 0
0.21897 0.0025 0 0
0.063592 0.005 0 0
-0.159378 0.0075 0 0
-0.301032 0.01 0 0
-0.452046 0.015 0 0
-0.537246 0.025 0 0
-0.587234 0.05 0 0
-0.64433 0.075 0 0
-0.699648 0.125 0 0
-0.717012 0.15 0 0
-0.720162 0.175 0 0
-0.728558 0.2 0 0
-0.755612 0.225 0 0
-0.736718 0.25 0 0
-0.732028 0.275 0 0
-0.691734 0.3 0 0
-0.665166 0.325 0 0
-0.710146 0.35 0 0
-0.63908 0.375 0 0
-0.584732 0.4 0 0
-0.551294 0.425 0 0
-0.539586 0.45 0 0
-0.487412 0.475 0 0
-0.309992 0.5 0 0
-0.23101 0.525 0 0
-0.196122 0.55 0 0
-0.13386 0.575 0 0
-0.069654 0.6 0 0
-0.013208 0.625 0 0
0.014902 0.65 0 0
0.0812 0.675 0 0
0.141444 0.7 0 0
0.19176 0.725 0 0
0.232376 0.75 0 0
0.303204 0.825 0 0
0.33058 0.85 0 0
0.323556 0.875 0 0
0.329934 0.9 0 0
0.321056 0.925 0 0
0.27591 0.95 0 0
0.257092 0.975 0 0
0.171248 0.99 0 0
0 0 0 0
1.00911 0.0625 0 0
1.01452 0.0875 0 0
1.00709 0.1125 0 0
1.02591 0.1375 0 0
1.0108 0.1625 0 0
1.00281 0.1875 0 0
1.02227 0.2125 0 0
1.01775 0.2375 0 0
1.01323 0.2625 0 0
1.02227 0.2875 0 0
1.00579 0.3125 0 0
1.02034 0.3375 0 0
1.01654 0.3625 0 0
1.02623 0.3875 0 0
1.02389 0.4125 0 0
1.0142 0.4375 0 0
1.01937 0.4525 0 0
1.01565 0.4675 0 0
1.01282 0.4825 0 0
1.02575 0.4975 0 0
1.01073 0.5125 0 0
1.01283 0.5275 0 0
0.964612 0.5425 0 0
1.02874 0.5575 0 0
1.01557 0.5725 0 0
1.02567 0.5875 0 0
1.0163 0.6025 0 0
1.0234 0.6175 0 0
1.0234 0.6325 0 0
1.01024 0.6475 0 0
1.02179 0.6625 0 0
1.01048 0.6775 0 0
1.01791 0.6925 0 0
0.993524 0.7075 0 0
1.01024 0.7225 0 0
1.01178 0.7375 0 0
0.959606 0.7475 0 0
1.0058 0.7575 0 0
1.00774 0.7675 0 0
0.994008 0.7775 0 0
1.0113 0.7875 0 0
1.00621 0.7975 0 0
1.02672 0.8075 0 0
1.02227 0.8175 0 0
0.997724 0.8275 0 0
1.00693 0.8375 0 0
1.0205 0.8475 0 0
1.01275 0.8575 0 0
1.00725 0.8675 0 0
1.00927 0.8775 0 0
1.01993 0.8875 0 0
1.01162 0.8975 0 0
1.01694 0.9075 0 0
1.01436 0.9175 0 0
1.00152 0.9275 0 0
1.00814 0.9375 0 0
1.00701 0.9475 0 0
1.04925 0.9575 0 0
1.02663 0.9675 0 0
1.00984 0.9775 0 0
1.01347 0.9875 0 0
0.994982 0.9975 0 0
1.01396 1.0075 0 0
1.00256 1.0175 0 0
0.947814 1.0275 0 0
0.871176 1.0375 0 0
0.84348 1.0475 0 0
0.815456 1.0575 0 0
0.861008 1.0675 0 0
0.914548 1.0775 0 0
0.985286 1.0875 0 0
1.00483 1.0975 0 0
0.995302 1.1075 0 0
1.00031 1.1175 0 0
1.00927 1.1275 0 0
1.00475 1.1375 0 0
1.02421 1.1525 0 0
1.00814 1.1675 0 0
1.01161 1.1825 0 0
0.99942 1.1975 0 0
1.0016 1.2125 0 0
1.01177 1.2275 0 0
1.01485 1.2425 0 0
1.01266 1.2575 0 0
1.01994 1.2725 0 0
1.00645 1.2875 0 0
1.01444 1.3025 0 0
1.01719 1.3175 0 0
1.00903 1.3325 0 0
1.01557 1.3475 0 0
1.01904 1.3625 0 0
0.992562 1.3775 0 0
1.00992 1.3925 0 0
1.01872 1.4075 0 0
1.01307 1.4225 0 0
1.01363 1.4375 0 0
1.00709 1.4625 0 0
1.02219 1.4875 0 0
1.02437 1.5125 0 0
1.00499 1.5375 0 0
1.00169 1.5625 0 0
1.0062 1.5875 0 0
1.02042 1.6125 0 0
0.976242 1.6375 0 0
1.01259 1.6625 0 0
1.02825 1.6875 0 0
0.999664 1.7125 0 0
1.01057 1.7375 0 0
0.995944 1.7625 0 0
1.01299 1.7875 0 0
1.02131 1.8125 0 0
0 0 0 0
-0.01296 0.625 0 0
-0.031532 0.9375 0 0
-0.043812 1.25 0 0
0.021922 1.5625 0 0
5
