0 0 0 0
0 3.33333 0 0
0 1.35382 0 0.239883
0 0 0 0
0 0 0 0
-4.21819 0 0 0
-4.96818 0.0005 0 0
-5.06825 0.00125 0 0
-5.19503 0.0025 0 0
-5.30663 0.005 0 0
-5.20343 0.0075 0 0
-4.90006 0.01 0 0
-4.81458 0.015 0 0
-4.38948 0.025 0 0
-3.23182 0.05 0 0
-2.48894 0.1 0 0
-2.16196 0.125 0 0
-1.88059 0.15 0 0
-1.66239 0.175 0 0
-1.32531 0.2 0 0
-1.21046 0.225 0 0
-0.785905 0.275 0 0
-0.594543 0.325 0 0
-0.569543 0.35 0 0
-0.563822 0.375 0 0
-0.589367 0.4 0 0
-0.566277 0.425 0 0
-0.562732 0.45 0 0
-0.56736 0.475 0 0
-0.56634 0.5 0 0
-0.56566 0.525 0 0
-0.579763 0.55 0 0
-0.582213 0.575 0 0
-0.595365 0.6 0 0
-0.61315 0.625 0 0
-0.6126 0.65 0 0
-0.621595 0.675 0 0
-0.625475 0.7 0 0
-0.630042 0.75 0 0
-0.628945 0.8 0 0
-0.62282 0.825 0 0
-0.648703 0.85 0 0
-0.625403 0.875 0 0
-0.62724 0.9 0 0
-0.621043 0.925 0 0
-0.620155 0.95 0 0
-0.591538 0.99 0 0
0 0 0 0
-3.50343 0 0 0
-2.29994 0.0005 0 0
-1.44574 0.00125 0 0
-0.828942 0.0025 0 0
-0.387572 0.005 0 0
0.0859617 0.0075 0 0
0.426782 0.01 0 0
0.867678 0.015 0 0
0.985935 0.025 0 0
1.03342 0.05 0 0
0.979525 0.075 0 0
0.781348 0.125 0 0
0.688223 0.15 0 0
0.615118 0.175 0 0
0.542708 0.2 0 0
0.44256 0.225 0 0
0.403392 0.25 0 0
0.318578 0.275 0 0
0.277495 0.3 0 0
0.231173 0.325 0 0
0.11488 0.35 0 0
0.121148 0.375 0 0
0.118832 0.4 0 0
0.0982583 0.425 0 0
0.0723 0.45 0 0
0.0605133 0.475 0 0
0.0754367 0.5 0 0
0.106978 0.525 0 0
0.095875 0.55 0 0
0.117542 0.575 0 0
0.137638 0.6 0 0
0.14602 0.625 0 0
0.137023 0.65 0 0
0.171497 0.675 0 0
0.19071 0.7 0 0
0.209648 0.725 0 0
0.233013 0.75 0 0
0.269055 0.825 0 0
0.272597 0.85 0 0
0.230565 0.875 0 0
0.197392 0.9 0 0
0.137165 0.925 0 0
0.00119 0.95 0 0
-0.132537 0.975 0 0
-0.607817 0.99 0 0
0 0 0 0
1.01421 0.0625 0 0
1.01878 0.0875 0 0
1.01176 0.1125 0 0
1.0296 0.1375 0 0
1.01694 0.1625 0 0
1.0042 0.1875 0 0
1.02702 0.2125 0 0
1.02109 0.2375 0 0
1.01429 0.2625 0 0
1.02532 0.2875 0 0
1.01244 0.3125 0 0
1.02375 0.3375 0 0
1.02068 0.3625 0 0
1.03131 0.3875 0 0
1.03085 0.4125 0 0
1.01693 0.4375 0 0
1.02504 0.4525 0 0
1.01857 0.4675 0 0
1.02057 0.4825 0 0
1.02879 0.4975 0 0
1.0151 0.5125 0 0
1.02062 0.5275 0 0
0.9621 0.5425 0 0
1.03262 0.5575 0 0
1.01939 0.5725 0 0
1.02213 0.5875 0 0
1.01244 0.6025 0 0
1.01515 0.6175 0 0
1.00054 0.6325 0 0
0.97157 0.6475 0 0
0.970128 0.6625 0 0
0.943192 0.6775 0 0
0.924977 0.6925 0 0
0.889138 0.7075 0 0
0.871753 0.7225 0 0
0.84145 0.7375 0 0
0.769713 0.7475 0 0
0.795465 0.7575 0 0
0.766527 0.7675 0 0
0.731505 0.7775 0 0
0.726108 0.7875 0 0
0.68718 0.7975 0 0
0.673075 0.8075 0 0
0.643492 0.8175 0 0
0.57818 0.8275 0 0
0.583312 0.8375 0 0
0.581253 0.8475 0 0
0.54963 0.8575 0 0
0.544657 0.8675 0 0
0.523465 0.8775 0 0
0.513937 0.8875 0 0
0.487458 0.8975 0 0
0.486035 0.9075 0 0
0.458528 0.9175 0 0
0.434948 0.9275 0 0
0.4137 0.9375 0 0
0.40467 0.9475 0 0
0.435147 0.9575 0 0
0.413838 0.9675 0 0
0.364465 0.9775 0 0
0.365703 0.9875 0 0
0.3373 0.9975 0 0
0.347298 1.0075 0 0
0.3615 1.0175 0 0
0.370627 1.0275 0 0
0.348238 1.0375 0 0
0.359378 1.0475 0 0
0.358177 1.0575 0 0
0.35094 1.0675 0 0
0.342072 1.0775 0 0
0.374302 1.0875 0 0
0.372927 1.0975 0 0
0.376117 1.1075 0 0
0.395325 1.1175 0 0
0.431903 1.1275 0 0
0.45813 1.1375 0 0
0.500702 1.1525 0 0
0.511742 1.1675 0 0
0.551945 1.1825 0 0
0.557178 1.1975 0 0
0.599548 1.2125 0 0
0.653617 1.2275 0 0
0.691408 1.2425 0 0
0.719605 1.2575 0 0
0.759477 1.2725 0 0
0.776742 1.2875 0 0
0.805268 1.3025 0 0
0.838048 1.3175 0 0
0.849348 1.3325 0 0
0.879105 1.3475 0 0
0.901525 1.3625 0 0
0.893628 1.3775 0 0
0.935333 1.3925 0 0
0.95845 1.4075 0 0
0.9703 1.4225 0 0
0.993582 1.4375 0 0
0.992848 1.4625 0 0
1.01787 1.4875 0 0
1.02408 1.5125 0 0
1.00051 1.5375 0 0
1.00331 1.5625 0 0
1.00787 1.5875 0 0
1.02606 1.6125 0 0
0.976058 1.6375 0 0
1.01543 1.6625 0 0
1.03369 1.6875 0 0
1.00229 1.7125 0 0
1.01271 1.7375 0 0
1.0016 1.7625 0 0
1.01713 1.7875 0 0
1.02606 1.8125 0 0
0 0 0 0
-0.0343983 0.625 0 0
-0.210998 0.9375 0 0
-0.200245 1.25 0 0
-0.0455383 1.5625 0 0
6
