0 0 0 0
0 3.16667 0 0
0 1.36768 0 0.218467
0 0 0 0
0 0 0 0
-3.98787 0 0 0
-4.7476 0.0005 0 0
-4.86328 0.00125 0 0
-5.01058 0.0025 0 0
-5.15205 0.005 0 0
-5.06819 0.0075 0 0
-4.79731 0.01 0 0
-4.714 0.015 0 0
-4.24576 0.025 0 0
-3.60559 0.05 0 0
-2.52425 0.1 0 0
-2.21697 0.125 0 0
-1.9642 0.15 0 0
-1.76962 0.175 0 0
-1.45263 0.2 0 0
-1.37258 0.225 0 0
-0.961677 0.275 0 0
-0.624892 0.325 0 0
-0.561305 0.35 0 0
-0.540013 0.375 0 0
-0.558513 0.4 0 0
-0.535048 0.425 0 0
-0.53172 0.45 0 0
-0.535663 0.475 0 0
-0.532128 0.5 0 0
-0.530972 0.525 0 0
-0.544097 0.55 0 0
-0.547502 0.575 0 0
-0.559537 0.6 0 0
-0.57789 0.625 0 0
-0.58062 0.65 0 0
-0.58714 0.675 0 0
-0.59027 0.7 0 0
-0.597072 0.75 0 0
-0.596942 0.8 0 0
-0.59184 0.825 0 0
-0.616595 0.85 0 0
-0.5966 0.875 0 0
-0.601642 0.9 0 0
-0.594285 0.925 0 0
-0.592928 0.95 0 0
-0.568113 0.99 0 0
0 0 0 0
-3.27772 0 0 0
-2.10655 0.0005 0 0
-1.28058 0.00125 0 0
-0.690463 0.0025 0 0
-0.270038 0.005 0 0
0.178422 0.0075 0 0
0.496363 0.01 0 0
0.898972 0.015 0 0
0.996977 0.025 0 0
1.03187 0.05 0 0
0.964813 0.075 0 0
0.759562 0.125 0 0
0.665235 0.15 0 0
0.588592 0.175 0 0
0.518068 0.2 0 0
0.416325 0.225 0 0
0.38014 0.25 0 0
0.293907 0.275 0 0
0.25616 0.3 0 0
0.210667 0.325 0 0
0.0955917 0.35 0 0
0.105727 0.375 0 0
0.10369 0.4 0 0
0.08505 0.425 0 0
0.0606383 0.45 0 0
0.04955 0.475 0 0
0.064855 0.5 0 0
0.09974 0.525 0 0
0.0899467 0.55 0 0
0.11307 0.575 0 0
0.135855 0.6 0 0
0.143877 0.625 0 0
0.135515 0.65 0 0
0.169725 0.675 0 0
0.187947 0.7 0 0
0.208283 0.725 0 0
0.245483 0.75 0 0
0.271192 0.825 0 0
0.274793 0.85 0 0
0.234813 0.875 0 0
0.202302 0.9 0 0
0.145447 0.925 0 0
0.01201 0.95 0 0
-0.11741 0.975 0 0
-0.585048 0.99 0 0
0 0 0 0
1.01214 0.0625 0 0
1.01907 0.0875 0 0
1.01147 0.1125 0 0
1.0303 0.1375 0 0
1.01759 0.1625 0 0
1.00275 0.1875 0 0
1.02636 0.2125 0 0
1.02255 0.2375 0 0
1.01356 0.2625 0 0
1.02997 0.2875 0 0
1.0152 0.3125 0 0
1.02576 0.3375 0 0
1.0231 0.3625 0 0
1.03105 0.3875 0 0
1.03037 0.4125 0 0
1.01622 0.4375 0 0
1.02425 0.4525 0 0
1.01874 0.4675 0 0
1.01295 0.4825 0 0
1.02928 0.4975 0 0
1.01493 0.5125 0 0
1.01629 0.5275 0 0
0.961542 0.5425 0 0
1.03017 0.5575 0 0
1.0146 0.5725 0 0
1.01929 0.5875 0 0
1.01127 0.6025 0 0
1.01467 0.6175 0 0
1.01107 0.6325 0 0
0.986182 0.6475 0 0
0.988833 0.6625 0 0
0.96591 0.6775 0 0
0.949178 0.6925 0 0
0.903728 0.7075 0 0
0.89576 0.7225 0 0
0.871215 0.7375 0 0
0.805943 0.7475 0 0
0.830662 0.7575 0 0
0.800405 0.7675 0 0
0.770205 0.7775 0 0
0.761955 0.7875 0 0
0.732922 0.7975 0 0
0.723958 0.8075 0 0
0.698927 0.8175 0 0
0.641692 0.8275 0 0
0.630538 0.8375 0 0
0.622243 0.8475 0 0
0.57279 0.8575 0 0
0.562395 0.8675 0 0
0.530905 0.8775 0 0
0.518433 0.8875 0 0
0.481635 0.8975 0 0
0.464272 0.9075 0 0
0.448977 0.9175 0 0
0.423748 0.9275 0 0
0.419422 0.9375 0 0
0.420715 0.9475 0 0
0.462252 0.9575 0 0
0.445055 0.9675 0 0
0.418295 0.9775 0 0
0.422302 0.9875 0 0
0.412365 0.9975 0 0
0.427005 1.0075 0 0
0.428948 1.0175 0 0
0.42527 1.0275 0 0
0.402247 1.0375 0 0
0.417178 1.0475 0 0
0.418452 1.0575 0 0
0.403398 1.0675 0 0
0.394933 1.0775 0 0
0.42424 1.0875 0 0
0.412117 1.0975 0 0
0.415322 1.1075 0 0
0.429175 1.1175 0 0
0.457192 1.1275 0 0
0.478717 1.1375 0 0
0.527352 1.1525 0 0
0.562848 1.1675 0 0
0.612328 1.1825 0 0
0.621463 1.1975 0 0
0.662218 1.2125 0 0
0.713573 1.2275 0 0
0.740417 1.2425 0 0
0.767883 1.2575 0 0
0.799645 1.2725 0 0
0.82201 1.2875 0 0
0.856768 1.3025 0 0
0.89474 1.3175 0 0
0.92031 1.3325 0 0
0.958492 1.3475 0 0
0.970498 1.3625 0 0
0.957578 1.3775 0 0
0.98967 1.3925 0 0
1.00571 1.4075 0 0
1.00388 1.4225 0 0
1.01582 1.4375 0 0
1.01241 1.4625 0 0
1.02764 1.4875 0 0
1.02894 1.5125 0 0
1.00717 1.5375 0 0
1.00302 1.5625 0 0
1.00956 1.5875 0 0
1.02908 1.6125 0 0
0.979092 1.6375 0 0
1.01947 1.6625 0 0
1.03377 1.6875 0 0
1.00514 1.7125 0 0
1.0163 1.7375 0 0
1.00276 1.7625 0 0
1.01779 1.7875 0 0
1.02935 1.8125 0 0
0 0 0 0
-0.0282033 0.625 0 0
-0.190428 0.9375 0 0
-0.170777 1.25 0 0
-0.0325883 1.5625 0 0
6
