0 0 0 0
0 -1.5 0 0
0 -0.56215 0 0.0120833
0 0 0 0
0 0 0 0
-0.446412 0 0 0
0.12613 0.0005 0 0
0.443352 0.00125 0 0
0.703983 0.0025 0 0
0.90298 0.005 0 0
0.968358 0.0075 0 0
1.01678 0.01 0 0
0.849243 0.015 0 0
0.938597 0.025 0 0
0.81935 0.05 0 0
0.49184 0.1 0 0
0.326215 0.125 0 0
0.198723 0.15 0 0
0.0800233 0.175 0 0
-0.0197483 0.2 0 0
-0.110803 0.225 0 0
-0.267777 0.275 0 0
-0.37722 0.325 0 0
-0.417333 0.35 0 0
-0.435788 0.375 0 0
-0.493743 0.4 0 0
-0.481215 0.425 0 0
-0.469908 0.45 0 0
-0.472362 0.475 0 0
-0.446275 0.5 0 0
-0.410113 0.525 0 0
-0.38594 0.55 0 0
-0.358015 0.575 0 0
-0.338813 0.6 0 0
-0.327368 0.625 0 0
-0.30115 0.65 0 0
-0.284327 0.675 0 0
-0.25477 0.7 0 0
-0.142948 0.75 0 0
-0.100587 0.8 0 0
-0.0770233 0.825 0 0
-0.08145 0.85 0 0
-0.0402467 0.875 0 0
-0.0382067 0.9 0 0
-0.0102833 0.925 0 0
0.00803833 0.95 0 0
0.0921433 0.99 0 0
0 0 0 0
-0.819413 0 0 0
-1.52278 0.0005 0 0
-1.81678 0.00125 0 0
-2.07755 0.0025 0 0
-2.25693 0.005 0 0
-2.46696 0.0075 0 0
-2.47602 0.01 0 0
-2.28553 0.015 0 0
-2.15975 0.025 0 0
-1.96667 0.05 0 0
-1.78464 0.075 0 0
-1.57242 0.125 0 0
-1.48233 0.15 0 0
-1.38283 0.175 0 0
-1.2689 0.2 0 0
-1.32644 0.225 0 0
-1.26944 0.25 0 0
-1.22088 0.275 0 0
-1.12812 0.3 0 0
-1.06193 0.325 0 0
-1.09162 0.35 0 0
-0.9642 0.375 0 0
-0.859388 0.4 0 0
-0.783048 0.425 0 0
-0.709428 0.45 0 0
-0.62021 0.475 0 0
-0.51479 0.5 0 0
-0.401125 0.525 0 0
-0.331182 0.55 0 0
-0.243463 0.575 0 0
-0.164332 0.6 0 0
-0.112982 0.625 0 0
-0.0889433 0.65 0 0
-0.0327567 0.675 0 0
0.00041 0.7 0 0
0.0240417 0.725 0 0
0.04876 0.75 0 0
0.0752533 0.825 0 0
0.0976617 0.85 0 0
0.105493 0.875 0 0
0.132052 0.9 0 0
0.147378 0.925 0 0
0.15065 0.95 0 0
0.172372 0.975 0 0
0.16209 0.99 0 0
0 0 0 0
1.00731 0.0625 0 0
1.01119 0.0875 0 0
1.00697 0.1125 0 0
1.02386 0.1375 0 0
1.00935 0.1625 0 0
1.00043 0.1875 0 0
1.01971 0.2125 0 0
1.01542 0.2375 0 0
1.00847 0.2625 0 0
1.01739 0.2875 0 0
1.00534 0.3125 0 0
1.01507 0.3375 0 0
1.01542 0.3625 0 0
1.02495 0.3875 0 0
1.02107 0.4125 0 0
1.01099 0.4375 0 0
1.01446 0.4525 0 0
1.01351 0.4675 0 0
1.01024 0.4825 0 0
1.0246 0.4975 0 0
1.00799 0.5125 0 0
1.01426 0.5275 0 0
0.960865 0.5425 0 0
1.02563 0.5575 0 0
1.01296 0.5725 0 0
1.02209 0.5875 0 0
1.01562 0.6025 0 0
1.0238 0.6175 0 0
1.01882 0.6325 0 0
1.00786 0.6475 0 0
1.01977 0.6625 0 0
1.01017 0.6775 0 0
1.01726 0.6925 0 0
0.992875 0.7075 0 0
1.00922 0.7225 0 0
1.01017 0.7375 0 0
0.95787 0.7475 0 0
1.00507 0.7575 0 0
1.00581 0.7675 0 0
0.995052 0.7775 0 0
1.00663 0.7875 0 0
1.00731 0.7975 0 0
1.02529 0.8075 0 0
1.01882 0.8175 0 0
0.995595 0.8275 0 0
1.00493 0.8375 0 0
1.01971 0.8475 0 0
1.00915 0.8575 0 0
1.00738 0.8675 0 0
1.00759 0.8775 0 0
1.01889 0.8875 0 0
1.00854 0.8975 0 0
1.01494 0.9075 0 0
1.01133 0.9175 0 0
0.997165 0.9275 0 0
1.00724 0.9375 0 0
1.00779 0.9475 0 0
1.04913 0.9575 0 0
1.02365 0.9675 0 0
1.00745 0.9775 0 0
1.01269 0.9875 0 0
0.995732 0.9975 0 0
1.01582 1.0075 0 0
1.0178 1.0175 0 0
1.00724 1.0275 0 0
0.997438 1.0375 0 0
1.01555 1.0475 0 0
1.00554 1.0575 0 0
1.00384 1.0675 0 0
1.00248 1.0775 0 0
1.01045 1.0875 0 0
0.97136 1.0975 0 0
0.932072 1.1075 0 0
0.91143 1.1175 0 0
0.890587 1.1275 0 0
0.857752 1.1375 0 0
0.857692 1.1525 0 0
0.841755 1.1675 0 0
0.868383 1.1825 0 0
0.910203 1.1975 0 0
0.960532 1.2125 0 0
0.996962 1.2275 0 0
1.01031 1.2425 0 0
1.01147 1.2575 0 0
1.01692 1.2725 0 0
1.00751 1.2875 0 0
1.01331 1.3025 0 0
1.0146 1.3175 0 0
1.00772 1.3325 0 0
1.01637 1.3475 0 0
1.01515 1.3625 0 0
0.995393 1.3775 0 0
1.0082 1.3925 0 0
1.01167 1.4075 0 0
1.01085 1.4225 0 0
1.01547 1.4375 0 0
1.00465 1.4625 0 0
1.02182 1.4875 0 0
1.02215 1.5125 0 0
1.00126 1.5375 0 0
1.00044 1.5625 0 0
1.00254 1.5875 0 0
1.021 1.6125 0 0
0.971692 1.6375 0 0
1.0114 1.6625 0 0
1.02488 1.6875 0 0
0.998665 1.7125 0 0
1.00901 1.7375 0 0
0.995258 1.7625 0 0
1.01188 1.7875 0 0
1.02222 1.8125 0 0
0 0 0 0
-0.0415433 0.625 0 0
-0.051145 0.9375 0 0
-0.04495 1.25 0 0
0.0268367 1.5625 0 0
6
