0 0 0 0
0 1.61538 0 0
0 1.33248 0 0.276623
0 0 0 0
0 0 0 0
-4.39396 0 0 0
-5.13126 0.0005 0 0
-5.21466 0.00125 0 0
-5.31956 0.0025 0 0
-5.39927 0.005 0 0
-5.27712 0.0075 0 0
-4.94469 0.01 0 0
-4.87143 0.015 0 0
-4.48983 0.025 0 0
-3.11581 0.05 0 0
-2.41131 0.1 0 0
-2.05513 0.125 0 0
-1.74291 0.15 0 0
-1.49281 0.175 0 0
-1.13306 0.2 0 0
-0.975606 0.225 0 0
-0.654077 0.275 0 0
-0.598758 0.325 0 0
-0.586948 0.35 0 0
-0.586978 0.375 0 0
-0.612906 0.4 0 0
-0.593201 0.425 0 0
-0.590959 0.45 0 0
-0.597875 0.475 0 0
-0.598128 0.5 0 0
-0.598348 0.525 0 0
-0.613728 0.55 0 0
-0.618275 0.575 0 0
-0.630782 0.6 0 0
-0.650552 0.625 0 0
-0.649382 0.65 0 0
-0.658033 0.675 0 0
-0.659772 0.7 0 0
-0.664288 0.75 0 0
-0.661608 0.8 0 0
-0.655956 0.825 0 0
-0.679167 0.85 0 0
-0.65804 0.875 0 0
-0.660473 0.9 0 0
-0.652704 0.925 0 0
-0.650272 0.95 0 0
-0.624504 0.99 0 0
0 0 0 0
-3.68021 0 0 0
-2.4572 0.0005 0 0
-1.58067 0.00125 0 0
-0.944515 0.0025 0 0
-0.488202 0.005 0 0
0.00575462 0.0075 0 0
0.367235 0.01 0 0
0.83997 0.015 0 0
0.972062 0.025 0 0
1.03421 0.05 0 0
0.991392 0.075 0 0
0.801097 0.125 0 0
0.709392 0.15 0 0
0.634014 0.175 0 0
0.565018 0.2 0 0
0.462351 0.225 0 0
0.423196 0.25 0 0
0.336732 0.275 0 0
0.293247 0.3 0 0
0.246036 0.325 0 0
0.129984 0.35 0 0
0.134502 0.375 0 0
0.130333 0.4 0 0
0.108478 0.425 0 0
0.0802154 0.45 0 0
0.0661969 0.475 0 0
0.0787646 0.5 0 0
0.110155 0.525 0 0
0.0973646 0.55 0 0
0.117481 0.575 0 0
0.137595 0.6 0 0
0.146027 0.625 0 0
0.135258 0.65 0 0
0.171415 0.675 0 0
0.188848 0.7 0 0
0.20729 0.725 0 0
0.228101 0.75 0 0
0.261665 0.825 0 0
0.267068 0.85 0 0
0.223236 0.875 0 0
0.188498 0.9 0 0
0.126637 0.925 0 0
-0.0131315 0.95 0 0
-0.150058 0.975 0 0
-0.643103 0.99 0 0
0 0 0 0
1.01387 0.0625 0 0
1.02063 0.0875 0 0
1.01025 0.1125 0 0
1.03007 0.1375 0 0
1.01874 0.1625 0 0
1.00491 0.1875 0 0
1.02679 0.2125 0 0
1.02193 0.2375 0 0
1.01792 0.2625 0 0
1.02698 0.2875 0 0
1.01476 0.3125 0 0
1.02336 0.3375 0 0
1.02385 0.3625 0 0
1.03156 0.3875 0 0
1.03052 0.4125 0 0
1.0182 0.4375 0 0
1.02689 0.4525 0 0
1.02108 0.4675 0 0
1.01745 0.4825 0 0
1.03106 0.4975 0 0
1.01483 0.5125 0 0
1.01603 0.5275 0 0
0.95884 0.5425 0 0
1.02605 0.5575 0 0
1.00751 0.5725 0 0
1.01063 0.5875 0 0
0.994765 0.6025 0 0
0.996182 0.6175 0 0
0.983106 0.6325 0 0
0.957147 0.6475 0 0
0.943538 0.6625 0 0
0.907855 0.6775 0 0
0.895174 0.6925 0 0
0.845631 0.7075 0 0
0.834197 0.7225 0 0
0.805427 0.7375 0 0
0.734429 0.7475 0 0
0.759043 0.7575 0 0
0.728738 0.7675 0 0
0.704903 0.7775 0 0
0.705748 0.7875 0 0
0.671376 0.7975 0 0
0.659498 0.8075 0 0
0.637235 0.8175 0 0
0.562448 0.8275 0 0
0.555004 0.8375 0 0
0.545253 0.8475 0 0
0.513552 0.8575 0 0
0.504485 0.8675 0 0
0.455915 0.8775 0 0
0.447164 0.8875 0 0
0.416278 0.8975 0 0
0.402133 0.9075 0 0
0.375013 0.9175 0 0
0.339522 0.9275 0 0
0.333765 0.9375 0 0
0.319115 0.9475 0 0
0.351102 0.9575 0 0
0.334432 0.9675 0 0
0.288851 0.9775 0 0
0.292131 0.9875 0 0
0.265098 0.9975 0 0
0.271734 1.0075 0 0
0.273142 1.0175 0 0
0.271503 1.0275 0 0
0.25185 1.0375 0 0
0.257995 1.0475 0 0
0.241668 1.0575 0 0
0.243942 1.0675 0 0
0.236838 1.0775 0 0
0.273702 1.0875 0 0
0.258098 1.0975 0 0
0.257055 1.1075 0 0
0.268803 1.1175 0 0
0.284626 1.1275 0 0
0.310079 1.1375 0 0
0.352367 1.1525 0 0
0.3677 1.1675 0 0
0.403696 1.1825 0 0
0.415909 1.1975 0 0
0.460212 1.2125 0 0
0.508651 1.2275 0 0
0.537737 1.2425 0 0
0.568615 1.2575 0 0
0.605278 1.2725 0 0
0.637935 1.2875 0 0
0.680708 1.3025 0 0
0.734253 1.3175 0 0
0.755732 1.3325 0 0
0.805904 1.3475 0 0
0.838988 1.3625 0 0
0.838232 1.3775 0 0
0.891853 1.3925 0 0
0.924061 1.4075 0 0
0.935388 1.4225 0 0
0.96567 1.4375 0 0
0.980867 1.4625 0 0
1.01144 1.4875 0 0
1.02006 1.5125 0 0
1.00275 1.5375 0 0
1.00228 1.5625 0 0
1.0075 1.5875 0 0
1.0292 1.6125 0 0
0.978857 1.6375 0 0
1.01833 1.6625 0 0
1.03497 1.6875 0 0
1.00488 1.7125 0 0
1.01448 1.7375 0 0
1.00172 1.7625 0 0
1.01944 1.7875 0 0
1.0272 1.8125 0 0
0 0 0 0
-0.0488408 0.625 0 0
-0.221299 0.9375 0 0
-0.224345 1.25 0 0
-0.0635669 1.5625 0 0
13
