0 0 0 0
0 0.928571 0 0
0 1.35854 0 0.0821929
0 0 0 0
0 0 0 0
-2.28621 0 0 0
-3.00492 0.0005 0 0
-3.20131 0.00125 0 0
-3.44003 0.0025 0 0
-3.72822 0.005 0 0
-3.75095 0.0075 0 0
-3.69302 0.01 0 0
-3.72026 0.015 0 0
-3.25343 0.025 0 0
-3.0004 0.05 0 0
-2.30008 0.1 0 0
-2.14521 0.125 0 0
-2.02116 0.15 0 0
-1.94056 0.175 0 0
-1.71124 0.2 0 0
-1.76822 0.225 0 0
-1.59778 0.275 0 0
-1.38846 0.325 0 0
-1.27954 0.35 0 0
-1.13631 0.375 0 0
-1.03471 0.4 0 0
-0.860496 0.425 0 0
-0.708949 0.45 0 0
-0.58471 0.475 0 0
-0.493956 0.5 0 0
-0.447323 0.525 0 0
-0.442203 0.55 0 0
-0.437138 0.575 0 0
-0.443693 0.6 0 0
-0.461683 0.625 0 0
-0.460686 0.65 0 0
-0.469782 0.675 0 0
-0.473909 0.7 0 0
-0.483446 0.75 0 0
-0.488844 0.8 0 0
-0.484806 0.825 0 0
-0.512686 0.85 0 0
-0.496475 0.875 0 0
-0.504493 0.9 0 0
-0.505517 0.925 0 0
-0.515346 0.95 0 0
-0.508657 0.99 0 0
0 0 0 0
-1.68009 0 0 0
-0.784734 0.0005 0 0
-0.211037 0.00125 0 0
0.187306 0.0025 0 0
0.457923 0.005 0 0
0.716949 0.0075 0 0
0.865247 0.01 0 0
1.02841 0.015 0 0
1.01381 0.025 0 0
0.958109 0.05 0 0
0.824446 0.075 0 0
0.580484 0.125 0 0
0.483299 0.15 0 0
0.40788 0.175 0 0
0.342439 0.2 0 0
0.248471 0.225 0 0
0.214709 0.25 0 0
0.142566 0.275 0 0
0.116209 0.3 0 0
0.0820086 0.325 0 0
-0.0230479 0.35 0 0
-0.00400357 0.375 0 0
0.00746571 0.4 0 0
0.000297143 0.425 0 0
-0.0123686 0.45 0 0
-0.00970643 0.475 0 0
0.0179957 0.5 0 0
0.0595979 0.525 0 0
0.05872 0.55 0 0
0.0886157 0.575 0 0
0.114917 0.6 0 0
0.11711 0.625 0 0
0.104268 0.65 0 0
0.168774 0.675 0 0
0.246361 0.7 0 0
0.273074 0.725 0 0
0.284714 0.75 0 0
0.292496 0.825 0 0
0.30013 0.85 0 0
0.266314 0.875 0 0
0.23981 0.9 0 0
0.186887 0.925 0 0
0.0648307 0.95 0 0
-0.0583 0.975 0 0
-0.516014 0.99 0 0
0 0 0 0
1.01413 0.0625 0 0
1.02177 0.0875 0 0
1.01375 0.1125 0 0
1.03382 0.1375 0 0
1.01814 0.1625 0 0
1.00588 0.1875 0 0
1.02548 0.2125 0 0
1.02492 0.2375 0 0
1.01977 0.2625 0 0
1.02794 0.2875 0 0
1.01585 0.3125 0 0
1.02419 0.3375 0 0
1.02347 0.3625 0 0
1.03288 0.3875 0 0
1.0313 0.4125 0 0
1.01849 0.4375 0 0
1.02642 0.4525 0 0
1.02109 0.4675 0 0
1.01863 0.4825 0 0
1.03148 0.4975 0 0
1.01837 0.5125 0 0
1.0217 0.5275 0 0
0.965101 0.5425 0 0
1.03505 0.5575 0 0
1.02214 0.5725 0 0
1.03004 0.5875 0 0
1.02138 0.6025 0 0
1.03092 0.6175 0 0
1.028 0.6325 0 0
1.0153 0.6475 0 0
1.02659 0.6625 0 0
1.01565 0.6775 0 0
1.02267 0.6925 0 0
0.99432 0.7075 0 0
1.00456 0.7225 0 0
0.995013 0.7375 0 0
0.936411 0.7475 0 0
0.969641 0.7575 0 0
0.959756 0.7675 0 0
0.935386 0.7775 0 0
0.934352 0.7875 0 0
0.914484 0.7975 0 0
0.915301 0.8075 0 0
0.888938 0.8175 0 0
0.83034 0.8275 0 0
0.820419 0.8375 0 0
0.809153 0.8475 0 0
0.772195 0.8575 0 0
0.750578 0.8675 0 0
0.723139 0.8775 0 0
0.715895 0.8875 0 0
0.690761 0.8975 0 0
0.687202 0.9075 0 0
0.677547 0.9175 0 0
0.664236 0.9275 0 0
0.671354 0.9375 0 0
0.677477 0.9475 0 0
0.720928 0.9575 0 0
0.694951 0.9675 0 0
0.684576 0.9775 0 0
0.703833 0.9875 0 0
0.698719 0.9975 0 0
0.724606 1.0075 0 0
0.743691 1.0175 0 0
0.745634 1.0275 0 0
0.755717 1.0375 0 0
0.787907 1.0475 0 0
0.800168 1.0575 0 0
0.819504 1.0675 0 0
0.827539 1.0775 0 0
0.864748 1.0875 0 0
0.869206 1.0975 0 0
0.872676 1.1075 0 0
0.894294 1.1175 0 0
0.915152 1.1275 0 0
0.93212 1.1375 0 0
0.972345 1.1525 0 0
0.969154 1.1675 0 0
0.982432 1.1825 0 0
0.980335 1.1975 0 0
0.990941 1.2125 0 0
1.00825 1.2275 0 0
1.01478 1.2425 0 0
1.01682 1.2575 0 0
1.02429 1.2725 0 0
1.00969 1.2875 0 0
1.01937 1.3025 0 0
1.02244 1.3175 0 0
1.01793 1.3325 0 0
1.02343 1.3475 0 0
1.02469 1.3625 0 0
1.00193 1.3775 0 0
1.01747 1.3925 0 0
1.02104 1.4075 0 0
1.01911 1.4225 0 0
1.0218 1.4375 0 0
1.01337 1.4625 0 0
1.03045 1.4875 0 0
1.0306 1.5125 0 0
1.0077 1.5375 0 0
1.00804 1.5625 0 0
1.01033 1.5875 0 0
1.02908 1.6125 0 0
0.980226 1.6375 0 0
1.01995 1.6625 0 0
1.03584 1.6875 0 0
1.00545 1.7125 0 0
1.01577 1.7375 0 0
1.00244 1.7625 0 0
1.02069 1.7875 0 0
1.02715 1.8125 0 0
0 0 0 0
0.003545 0.625 0 0
-0.108664 0.9375 0 0
-0.0665314 1.25 0 0
-0.00921786 1.5625 0 0
14
