-4.39396 0 0 0
-5.13126 0.0005 0 0
-5.21466 0.00125 0 0
-5.31956 0.0025 0 0
-5.39927 0.005 0 0
-5.27712 0.0075 0 0
-4.94469 0.01 0 0
-4.87143 0.015 0 0
-4.48983 0.025 0 0
-3.11581 0.05 0 0
-2.41131 0.1 0 0
-2.05513 0.125 0 0
-1.74291 0.15 0 0
-1.49281 0.175 0 0
-1.13306 0.2 0 0
-0.975606 0.225 0 0
-0.654077 0.275 0 0
-0.598758 0.325 0 0
-0.586948 0.35 0 0
-0.586978 0.375 0 0
-0.612906 0.4 0 0
-0.593201 0.425 0 0
-0.590959 0.45 0 0
-0.597875 0.475 0 0
-0.598128 0.5 0 0
-0.598348 0.525 0 0
-0.613728 0.55 0 0
-0.618275 0.575 0 0
-0.630782 0.6 0 0
-0.650552 0.625 0 0
-0.649382 0.65 0 0
-0.658033 0.675 0 0
-0.659772 0.7 0 0
-0.664288 0.75 0 0
-0.661608 0.8 0 0
-0.655956 0.825 0 0
-0.679167 0.85 0 0
-0.65804 0.875 0 0
-0.660473 0.9 0 0
-0.652704 0.925 0 0
-0.650272 0.95 0 0
-0.624504 0.99 0 0
-0.643103 0.99 0 0
-0.150058 0.975 0 0
-0.0131315 0.95 0 0
0.126637 0.925 0 0
0.188498 0.9 0 0
0.223236 0.875 0 0
0.267068 0.85 0 0
0.261665 0.825 0 0
0.228101 0.75 0 0
0.20729 0.725 0 0
0.188848 0.7 0 0
0.171415 0.675 0 0
0.135258 0.65 0 0
0.146027 0.625 0 0
0.137595 0.6 0 0
0.117481 0.575 0 0
0.0973646 0.55 0 0
0.110155 0.525 0 0
0.0787646 0.5 0 0
0.0661969 0.475 0 0
0.0802154 0.45 0 0
0.108478 0.425 0 0
0.130333 0.4 0 0
0.134502 0.375 0 0
0.129984 0.35 0 0
0.246036 0.325 0 0
0.293247 0.3 0 0
0.336732 0.275 0 0
0.423196 0.25 0 0
0.462351 0.225 0 0
0.565018 0.2 0 0
0.634014 0.175 0 0
0.709392 0.15 0 0
0.801097 0.125 0 0
0.991392 0.075 0 0
1.03421 0.05 0 0
0.972062 0.025 0 0
0.83997 0.015 0 0
0.367235 0.01 0 0
0.00575462 0.0075 0 0
-0.488202 0.005 0 0
-0.944515 0.0025 0 0
-1.58067 0.00125 0 0
-2.4572 0.0005 0 0
-3.68021 0 0 0
-4.80929 0.000384615 0 0
-5.53719 0.00107692 0 0
-5.59502 0.00201923 0 0
-5.69429 0.00365385 0 0
-5.74464 0.00692308 0 0
-5.5168 0.0113462 0 0
-5.13017 0.0176923 0 0
-5.02951 0.0246154 0 0
-4.6239 0.0365385 0 0
-3.23064 0.0634615 0 0
-2.49847 0.115385 0 0
-2.13018 0.142308 0 0
-1.79323 0.171154 0 0
-1.53886 0.2 0 0
-1.17821 0.226923 0 0
-1.02076 0.253846 0 0
-0.701224 0.305769 0 0
-0.644389 0.357692 0 0
-0.632407 0.384615 0 0
-0.632968 0.411538 0 0
-0.658916 0.438462 0 0
-0.639228 0.465385 0 0
-0.638169 0.492308 0 0
-0.645434 0.519231 0 0
-0.64665 0.546154 0 0
-0.64839 0.573077 0 0
-0.66368 0.6 0 0
-0.668893 0.626923 0 0
-0.681534 0.653846 0 0
-0.701651 0.682692 0 0
-0.700274 0.711538 0 0
-0.708491 0.738462 0 0
-0.712015 0.765385 0 0
-0.714906 0.817308 0 0
-0.712414 0.869231 0 0
-0.706164 0.896154 0 0
-0.729188 0.923077 0 0
-0.706079 0.951154 0 0
-0.709943 0.976154 0 0
-0.664247 1 0 0
-0.651282 1.02308 0 0
-0.614763 1.06115 0 0
-0.643103 0.99 0 0
-0.150058 0.975 0 0
-0.0131315 0.95 0 0
0.126637 0.925 0 0
0.188498 0.9 0 0
-0.0598569 0.875 0 0
0.0780531 0.850038 0 0
0.140075 0.825096 0 0
0.155446 0.750192 0 0
0.169736 0.725385 0 0
0.189291 0.700577 0 0
0.199664 0.675769 0 0
0.199872 0.651154 0 0
0.220801 0.626923 0 0
0.21715 0.603846 0 0
0.193742 0.580769 0 0
0.158987 0.559615 0 0
0.164723 0.536538 0 0
0.127535 0.513462 0 0
0.10966 0.490385 0 0
0.115781 0.467308 0 0
0.141032 0.444231 0 0
0.156236 0.421154 0 0
0.15706 0.398077 0 0
0.14891 0.375 0 0
0.256035 0.351923 0 0
0.303593 0.328846 0 0
0.346758 0.305769 0 0
0.431541 0.282692 0 0
0.468521 0.259615 0 0
0.57011 0.236538 0 0
0.640073 0.213462 0 0
0.717865 0.190385 0 0
0.808587 0.167308 0 0
1.00043 0.119231 0 0
1.0448 0.0961538 0 0
0.983295 0.0730769 0 0
-3.66304 0.0673077 0 0
-2.43666 0.0658846 0 0
0.850374 0.065 0 0
-1.56054 0.0647115 0 0
0.380421 0.0619231 0 0
0.0202814 0.0613462 0 0
-0.472256 0.0607692 0 0
-0.926968 0.0601923 0 0
-4.80929 0.000384615 0 0
-5.53719 0.00107692 0 0
-5.59502 0.00201923 0 0
-5.69429 0.00365385 0 0
-5.74464 0.00692308 0 0
-5.5168 0.0113462 0 0
-5.13017 0.0176923 0 0
-5.02951 0.0246154 0 0
-4.6239 0.0365385 0 0
-3.23064 0.0634615 0 0
-2.49847 0.115385 0 0
-2.13018 0.142308 0 0
-1.79323 0.171154 0 0
-1.53886 0.2 0 0
-1.17821 0.226923 0 0
-1.02076 0.253846 0 0
-0.701224 0.305769 0 0
-0.644389 0.357692 0 0
-0.632407 0.384615 0 0
-0.632968 0.411538 0 0
-0.658916 0.438462 0 0
-0.639228 0.465385 0 0
-0.638169 0.492308 0 0
-0.645434 0.519231 0 0
-0.64665 0.546154 0 0
-0.64839 0.573077 0 0
-0.66368 0.6 0 0
-0.668893 0.626923 0 0
-0.681534 0.653846 0 0
-0.701651 0.682692 0 0
-0.700274 0.711538 0 0
-0.708491 0.738462 0 0
-0.712015 0.765385 0 0
-0.714906 0.817308 0 0
-0.712414 0.869231 0 0
-0.706164 0.896154 0 0
-0.729188 0.923077 0 0
-0.706079 0.951154 0 0
-0.709943 0.976154 0 0
-0.664247 1 0 0
-0.651282 1.02308 0 0
-0.614763 1.06115 0 0
-1.085 0.990533 0 0
-0.588081 0.975281 0 0
-0.443518 0.950155 0 0
-0.299301 0.925083 0 0
-0.181447 0.90003 0 0
-0.0598569 0.875 0 0
0.0780531 0.850038 0 0
0.140075 0.825096 0 0
0.155446 0.750192 0 0
0.169736 0.725385 0 0
0.189291 0.700577 0 0
0.199664 0.675769 0 0
0.199872 0.651154 0 0
0.220801 0.626923 0 0
0.21715 0.603846 0 0
0.193742 0.580769 0 0
0.158987 0.559615 0 0
0.164723 0.536538 0 0
0.127535 0.513462 0 0
0.10966 0.490385 0 0
0.115781 0.467308 0 0
0.141032 0.444231 0 0
0.156236 0.421154 0 0
0.15706 0.398077 0 0
0.14891 0.375 0 0
0.256035 0.351923 0 0
0.303593 0.328846 0 0
0.346758 0.305769 0 0
0.431541 0.282692 0 0
0.468521 0.259615 0 0
0.57011 0.236538 0 0
0.640073 0.213462 0 0
0.717865 0.190385 0 0
0.808587 0.167308 0 0
1.00043 0.119231 0 0
1.0448 0.0961538 0 0
0.983295 0.0730769 0 0
-3.66304 0.0673077 0 0
-2.43666 0.0658846 0 0
0.850374 0.065 0 0
-1.56054 0.0647115 0 0
0.380421 0.0619231 0 0
0.0202814 0.0613462 0 0
-0.472256 0.0607692 0 0
-0.926968 0.0601923 0 0
-4.80929 0.000384615 0 0
-5.53719 0.00107692 0 0
-5.59502 0.00201923 0 0
-5.69429 0.00365385 0 0
-5.74464 0.00692308 0 0
-5.5168 0.0113462 0 0
-5.13017 0.0176923 0 0
-5.02951 0.0246154 0 0
-4.6239 0.0365385 0 0
-3.23064 0.0634615 0 0
-2.49847 0.115385 0 0
-2.13018 0.142308 0 0
-1.79323 0.171154 0 0
-1.53886 0.2 0 0
-1.17821 0.226923 0 0
-1.02076 0.253846 0 0
-0.701224 0.305769 0 0
-0.644389 0.357692 0 0
-0.632407 0.384615 0 0
-0.632968 0.411538 0 0
-0.658916 0.438462 0 0
-0.639228 0.465385 0 0
-0.638169 0.492308 0 0
-0.645434 0.519231 0 0
-0.64665 0.546154 0 0
-0.64839 0.573077 0 0
-0.66368 0.6 0 0
-0.668893 0.626923 0 0
-0.681534 0.653846 0 0
-0.701651 0.682692 0 0
-0.700274 0.711538 0 0
-0.708491 0.738462 0 0
-0.712015 0.765385 0 0
-0.714906 0.817308 0 0
-0.712414 0.869231 0 0
-0.706164 0.896154 0 0
-0.729188 0.923077 0 0
-0.706079 0.951154 0 0
-0.709943 0.976154 0 0
-0.664247 1 0 0
-0.651282 1.02308 0 0
-0.614763 1.06115 0 0
-1.085 0.990533 0 0
-0.588081 0.975281 0 0
-0.443518 0.950155 0 0
-0.299301 0.925083 0 0
-0.181447 0.90003 0 0
-0.0598569 0.875 0 0
0.0780531 0.850038 0 0
0.140075 0.825096 0 0
0.155446 0.750192 0 0
0.169736 0.725385 0 0
0.189291 0.700577 0 0
0.199664 0.675769 0 0
0.199872 0.651154 0 0
0.220801 0.626923 0 0
0.21715 0.603846 0 0
0.193742 0.580769 0 0
0.158987 0.559615 0 0
0.164723 0.536538 0 0
0.127535 0.513462 0 0
0.10966 0.490385 0 0
0.115781 0.467308 0 0
0.141032 0.444231 0 0
0.156236 0.421154 0 0
0.15706 0.398077 0 0
0.14891 0.375 0 0
0.256035 0.351923 0 0
0.303593 0.328846 0 0
0.346758 0.305769 0 0
0.431541 0.282692 0 0
0.468521 0.259615 0 0
0.57011 0.236538 0 0
0.640073 0.213462 0 0
0.717865 0.190385 0 0
0.808587 0.167308 0 0
1.00043 0.119231 0 0
1.0448 0.0961538 0 0
0.983295 0.0730769 0 0
-3.66304 0.0673077 0 0
-2.43666 0.0658846 0 0
0.850374 0.065 0 0
-1.56054 0.0647115 0 0
0.380421 0.0619231 0 0
0.0202814 0.0613462 0 0
-0.472256 0.0607692 0 0
-0.926968 0.0601923 0 0
-4.80929 0.000384615 0 0
-5.53719 0.00107692 0 0
-5.59502 0.00201923 0 0
-5.69429 0.00365385 0 0
-5.74464 0.00692308 0 0
-5.5168 0.0113462 0 0
-5.13017 0.0176923 0 0
-5.02951 0.0246154 0 0
-4.6239 0.0365385 0 0
-3.23064 0.0634615 0 0
-2.49847 0.115385 0 0
-2.13018 0.142308 0 0
-1.79323 0.171154 0 0
-1.53886 0.2 0 0
-1.17821 0.226923 0 0
-1.02076 0.253846 0 0
-0.701224 0.305769 0 0
-0.644389 0.357692 0 0
-0.632407 0.384615 0 0
-0.632968 0.411538 0 0
-0.658916 0.438462 0 0
-0.639228 0.465385 0 0
-0.638169 0.492308 0 0
-0.645434 0.519231 0 0
-0.64665 0.546154 0 0
-0.64839 0.573077 0 0
-0.66368 0.6 0 0
-0.668893 0.626923 0 0
-0.681534 0.653846 0 0
-0.701651 0.682692 0 0
-0.700274 0.711538 0 0
-0.708491 0.738462 0 0
-0.712015 0.765385 0 0
-0.714906 0.817308 0 0
-0.712414 0.869231 0 0
-0.706164 0.896154 0 0
-0.729188 0.923077 0 0
-0.706079 0.951154 0 0
-0.709943 0.976154 0 0
-0.664247 1 0 0
-0.651282 1.02308 0 0
-0.614763 1.06115 0 0
-1.085 0.990533 0 0
-0.588081 0.975281 0 0
-0.443518 0.950155 0 0
-0.299301 0.925083 0 0
-0.181447 0.90003 0 0
-0.0598569 0.875 0 0
0.0780531 0.850038 0 0
0.140075 0.825096 0 0
0.155446 0.750192 0 0
0.169736 0.725385 0 0
0.189291 0.700577 0 0
0.199664 0.675769 0 0
0.199872 0.651154 0 0
0.220801 0.626923 0 0
0.21715 0.603846 0 0
0.193742 0.580769 0 0
0.158987 0.559615 0 0
0.164723 0.536538 0 0
0.127535 0.513462 0 0
0.10966 0.490385 0 0
0.115781 0.467308 0 0
0.141032 0.444231 0 0
0.156236 0.421154 0 0
0.15706 0.398077 0 0
0.14891 0.375 0 0
0.256035 0.351923 0 0
0.303593 0.328846 0 0
0.346758 0.305769 0 0
0.431541 0.282692 0 0
0.468521 0.259615 0 0
0.57011 0.236538 0 0
0.640073 0.213462 0 0
0.717865 0.190385 0 0
0.808587 0.167308 0 0
1.00043 0.119231 0 0
1.0448 0.0961538 0 0
0.983295 0.0730769 0 0
-3.66304 0.0673077 0 0
-2.43666 0.0658846 0 0
0.850374 0.065 0 0
-1.56054 0.0647115 0 0
0.380421 0.0619231 0 0
0.0202814 0.0613462 0 0
-0.472256 0.0607692 0 0
-0.926968 0.0601923 0 0
-4.80929 0.000384615 0 0
-5.53719 0.00107692 0 0
-5.59502 0.00201923 0 0
-5.69429 0.00365385 0 0
-5.74464 0.00692308 0 0
-5.5168 0.0113462 0 0
-5.13017 0.0176923 0 0
-5.02951 0.0246154 0 0
-4.6239 0.0365385 0 0
-3.23064 0.0634615 0 0
-2.49847 0.115385 0 0
-2.13018 0.142308 0 0
-1.79323 0.171154 0 0
-1.53886 0.2 0 0
-1.17821 0.226923 0 0
-1.02076 0.253846 0 0
-0.701224 0.305769 0 0
-0.644389 0.357692 0 0
-0.632407 0.384615 0 0
-0.632968 0.411538 0 0
-0.658916 0.438462 0 0
-0.639228 0.465385 0 0
-0.638169 0.492308 0 0
-0.645434 0.519231 0 0
-0.64665 0.546154 0 0
-0.64839 0.573077 0 0
-0.66368 0.6 0 0
-0.668893 0.626923 0 0
-0.681534 0.653846 0 0
-0.701651 0.682692 0 0
-0.700274 0.711538 0 0
-0.708491 0.738462 0 0
-0.712015 0.765385 0 0
-0.714906 0.817308 0 0
-0.712414 0.869231 0 0
-0.706164 0.896154 0 0
-0.729188 0.923077 0 0
-0.706079 0.951154 0 0
-0.709943 0.976154 0 0
-0.664247 1 0 0
-0.651282 1.02308 0 0
-0.614763 1.06115 0 0
-1.085 0.990533 0 0
-0.588081 0.975281 0 0
-0.443518 0.950155 0 0
-0.299301 0.925083 0 0
-0.181447 0.90003 0 0
-0.0598569 0.875 0 0
0.0780531 0.850038 0 0
0.140075 0.825096 0 0
0.155446 0.750192 0 0
0.169736 0.725385 0 0
0.189291 0.700577 0 0
0.199664 0.675769 0 0
0.199872 0.651154 0 0
0.220801 0.626923 0 0
0.21715 0.603846 0 0
0.193742 0.580769 0 0
0.158987 0.559615 0 0
0.164723 0.536538 0 0
0.127535 0.513462 0 0
0.10966 0.490385 0 0
0.115781 0.467308 0 0
0.141032 0.444231 0 0
0.156236 0.421154 0 0
0.15706 0.398077 0 0
0.14891 0.375 0 0
0.256035 0.351923 0 0
0.303593 0.328846 0 0
0.346758 0.305769 0 0
0.431541 0.282692 0 0
0.468521 0.259615 0 0
0.57011 0.236538 0 0
0.640073 0.213462 0 0
0.717865 0.190385 0 0
0.808587 0.167308 0 0
1.00043 0.119231 0 0
1.0448 0.0961538 0 0
0.983295 0.0730769 0 0
-3.66304 0.0673077 0 0
-2.43666 0.0658846 0 0
0.850374 0.065 0 0
-1.56054 0.0647115 0 0
0.380421 0.0619231 0 0
0.0202814 0.0613462 0 0
-0.472256 0.0607692 0 0
-0.926968 0.0601923 0 0
