0 0 0 0
0 1.33333 0 0
0 1.38978 0 0.0179333
0 0 0 0
0 0 0 0
-1.11032 0 0 0
-1.75248 0.0005 0 0
-1.99006 0.00125 0 0
-2.26159 0.0025 0 0
-2.54622 0.005 0 0
-2.52147 0.0075 0 0
-2.49317 0.01 0 0
-2.71143 0.015 0 0
-2.49419 0.025 0 0
-2.42881 0.05 0 0
-2.1339 0.1 0 0
-2.03156 0.125 0 0
-1.91602 0.15 0 0
-1.91277 0.175 0 0
-1.90494 0.2 0 0
-1.86837 0.225 0 0
-1.81073 0.275 0 0
-1.72153 0.325 0 0
-1.69071 0.35 0 0
-1.59886 0.375 0 0
-1.55414 0.4 0 0
-1.46021 0.425 0 0
-1.3644 0.45 0 0
-1.27775 0.475 0 0
-1.18372 0.5 0 0
-1.06472 0.525 0 0
-0.954812 0.55 0 0
-0.871057 0.575 0 0
-0.78098 0.6 0 0
-0.688267 0.625 0 0
-0.615212 0.65 0 0
-0.53862 0.675 0 0
-0.464315 0.7 0 0
-0.334495 0.75 0 0
-0.231368 0.8 0 0
-0.187907 0.825 0 0
-0.158057 0.85 0 0
-0.125367 0.875 0 0
-0.103493 0.9 0 0
-0.0832967 0.925 0 0
-0.0700417 0.95 0 0
-0.0472917 0.99 0 0
0 0 0 0
-0.616747 0 0 0
0.0419917 0.0005 0 0
0.429097 0.00125 0 0
0.6794 0.0025 0 0
0.829467 0.005 0 0
0.95526 0.0075 0 0
1.00509 0.01 0 0
0.9997 0.015 0 0
0.929482 0.025 0 0
0.815418 0.05 0 0
0.654887 0.075 0 0
0.413288 0.125 0 0
0.326 0.15 0 0
0.248617 0.175 0 0
0.194018 0.2 0 0
0.113963 0.225 0 0
0.06498 0.25 0 0
0.029735 0.275 0 0
0.0163467 0.3 0 0
-0.00505 0.325 0 0
-0.0578583 0.35 0 0
-0.0490017 0.375 0 0
-0.041275 0.4 0 0
-0.0401267 0.425 0 0
-0.02934 0.45 0 0
-0.0106983 0.475 0 0
0.0182733 0.5 0 0
0.0470283 0.525 0 0
0.0624083 0.55 0 0
0.123467 0.575 0 0
0.168713 0.6 0 0
0.201758 0.625 0 0
0.22213 0.65 0 0
0.250442 0.675 0 0
0.292447 0.7 0 0
0.325375 0.725 0 0
0.34679 0.75 0 0
0.389523 0.825 0 0
0.40269 0.85 0 0
0.388222 0.875 0 0
0.374358 0.9 0 0
0.346215 0.925 0 0
0.277117 0.95 0 0
0.206863 0.975 0 0
-0.0410417 0.99 0 0
0 0 0 0
1.01949 0.0625 0 0
1.02015 0.0875 0 0
1.01861 0.1125 0 0
1.02125 0.1375 0 0
1.02106 0.1625 0 0
1.01577 0.1875 0 0
1.02287 0.2125 0 0
1.0217 0.2375 0 0
1.02022 0.2625 0 0
1.02226 0.2875 0 0
1.01667 0.3125 0 0
1.02131 0.3375 0 0
1.02204 0.3625 0 0
1.02419 0.3875 0 0
1.02368 0.4125 0 0
1.01991 0.4375 0 0
1.02209 0.4525 0 0
1.02055 0.4675 0 0
1.01893 0.4825 0 0
1.02329 0.4975 0 0
1.01935 0.5125 0 0
1.01996 0.5275 0 0
1.00588 0.5425 0 0
1.0236 0.5575 0 0
1.01745 0.5725 0 0
1.02275 0.5875 0 0
1.02128 0.6025 0 0
1.02208 0.6175 0 0
1.02167 0.6325 0 0
1.0167 0.6475 0 0
1.02064 0.6625 0 0
1.01863 0.6775 0 0
1.0204 0.6925 0 0
1.00906 0.7075 0 0
1.01758 0.7225 0 0
1.01719 0.7375 0 0
1.00416 0.7475 0 0
1.01467 0.7575 0 0
1.01679 0.7675 0 0
1.0095 0.7775 0 0
1.01232 0.7875 0 0
1.00684 0.7975 0 0
1.00448 0.8075 0 0
0.98511 0.8175 0 0
0.950257 0.8275 0 0
0.924448 0.8375 0 0
0.891238 0.8475 0 0
0.858918 0.8575 0 0
0.834365 0.8675 0 0
0.822198 0.8775 0 0
0.822122 0.8875 0 0
0.831882 0.8975 0 0
0.858947 0.9075 0 0
0.887627 0.9175 0 0
0.91613 0.9275 0 0
0.947432 0.9375 0 0
0.97236 0.9475 0 0
1.00098 0.9575 0 0
1.00667 0.9675 0 0
1.00843 0.9775 0 0
1.01428 0.9875 0 0
1.01107 0.9975 0 0
1.01834 1.0075 0 0
1.01949 1.0175 0 0
1.00879 1.0275 0 0
1.01013 1.0375 0 0
1.01601 1.0475 0 0
1.01229 1.0575 0 0
1.01347 1.0675 0 0
1.0141 1.0775 0 0
1.02061 1.0875 0 0
1.01557 1.0975 0 0
1.01107 1.1075 0 0
1.01101 1.1175 0 0
1.01266 1.1275 0 0
1.01202 1.1375 0 0
1.01702 1.1525 0 0
1.01403 1.1675 0 0
1.01304 1.1825 0 0
1.01175 1.1975 0 0
1.01138 1.2125 0 0
1.01437 1.2275 0 0
1.01523 1.2425 0 0
1.01619 1.2575 0 0
1.01638 1.2725 0 0
1.01293 1.2875 0 0
1.015 1.3025 0 0
1.01595 1.3175 0 0
1.0139 1.3325 0 0
1.01503 1.3475 0 0
1.01543 1.3625 0 0
1.00867 1.3775 0 0
1.01417 1.3925 0 0
1.01457 1.4075 0 0
1.01396 1.4225 0 0
1.01608 1.4375 0 0
1.01506 1.4625 0 0
1.02093 1.4875 0 0
1.02125 1.5125 0 0
1.01547 1.5375 0 0
1.01447 1.5625 0 0
1.01585 1.5875 0 0
1.02066 1.6125 0 0
0.995452 1.6375 0 0
1.01822 1.6625 0 0
1.02152 1.6875 0 0
1.01016 1.7125 0 0
1.01454 1.7375 0 0
1.01111 1.7625 0 0
1.01694 1.7875 0 0
1.01981 1.8125 0 0
0 0 0 0
0.02064 0.625 0 0
-0.027955 0.9375 0 0
-0.0551717 1.25 0 0
-0.00289 1.5625 0 0
6
