0 0 0 0
0 2.28571 0 0
0 1.28433 0 0.164843
0 0 0 0
0 0 0 0
-2.57552 0 0 0
-2.61472 0.0005 0 0
-2.58985 0.00125 0 0
-2.5831 0.0025 0 0
-2.59732 0.005 0 0
-2.57235 0.0075 0 0
-2.54379 0.01 0 0
-2.76406 0.015 0 0
-2.54482 0.025 0 0
-2.6223 0.05 0 0
-2.53325 0.1 0 0
-2.28156 0.125 0 0
-2.08086 0.15 0 0
-1.9461 0.175 0 0
-1.81879 0.2 0 0
-1.66831 0.225 0 0
-1.3831 0.275 0 0
-1.02965 0.325 0 0
-0.846937 0.35 0 0
-0.662931 0.375 0 0
-0.560359 0.4 0 0
-0.509716 0.425 0 0
-0.494987 0.45 0 0
-0.490614 0.475 0 0
-0.488713 0.5 0 0
-0.487543 0.525 0 0
-0.491433 0.55 0 0
-0.49317 0.575 0 0
-0.499003 0.6 0 0
-0.505583 0.625 0 0
-0.509326 0.65 0 0
-0.514064 0.675 0 0
-0.518316 0.7 0 0
-0.52703 0.75 0 0
-0.531739 0.8 0 0
-0.534076 0.825 0 0
-0.543684 0.85 0 0
-0.540481 0.875 0 0
-0.542954 0.9 0 0
-0.540997 0.925 0 0
-0.538261 0.95 0 0
-0.518291 0.99 0 0
0 0 0 0
-2.54511 0 0 0
-1.48634 0.0005 0 0
-0.75682 0.00125 0 0
-0.253541 0.0025 0 0
0.0932529 0.005 0 0
0.45575 0.0075 0 0
0.706289 0.01 0 0
0.971111 0.015 0 0
1.01998 0.025 0 0
1.00198 0.05 0 0
0.9017 0.075 0 0
0.678946 0.125 0 0
0.584794 0.15 0 0
0.49696 0.175 0 0
0.430163 0.2 0 0
0.336366 0.225 0 0
0.274161 0.25 0 0
0.21747 0.275 0 0
0.182687 0.3 0 0
0.143937 0.325 0 0
0.0730786 0.35 0 0
0.0630757 0.375 0 0
0.0526071 0.4 0 0
0.0349286 0.425 0 0
0.0266086 0.45 0 0
0.0270586 0.475 0 0
0.0414786 0.5 0 0
0.0684 0.525 0 0
0.0800686 0.55 0 0
0.0975257 0.575 0 0
0.117397 0.6 0 0
0.134053 0.625 0 0
0.154056 0.65 0 0
0.199093 0.675 0 0
0.232751 0.7 0 0
0.255899 0.725 0 0
0.267507 0.75 0 0
0.282611 0.825 0 0
0.286679 0.85 0 0
0.255767 0.875 0 0
0.223013 0.9 0 0
0.170547 0.925 0 0
0.0548414 0.95 0 0
-0.0745629 0.975 0 0
-0.513279 0.99 0 0
0 0 0 0
1.02046 0.0625 0 0
1.02106 0.0875 0 0
1.01999 0.1125 0 0
1.02207 0.1375 0 0
1.02265 0.1625 0 0
1.01644 0.1875 0 0
1.02354 0.2125 0 0
1.02248 0.2375 0 0
1.02082 0.2625 0 0
1.02328 0.2875 0 0
1.01875 0.3125 0 0
1.022 0.3375 0 0
1.02274 0.3625 0 0
1.02538 0.3875 0 0
1.02479 0.4125 0 0
1.02093 0.4375 0 0
1.02298 0.4525 0 0
1.02125 0.4675 0 0
1.02018 0.4825 0 0
1.02428 0.4975 0 0
1.02106 0.5125 0 0
1.02088 0.5275 0 0
1.0073 0.5425 0 0
1.02609 0.5575 0 0
1.0197 0.5725 0 0
1.02394 0.5875 0 0
1.02201 0.6025 0 0
1.02055 0.6175 0 0
1.01834 0.6325 0 0
1.00863 0.6475 0 0
1.00667 0.6625 0 0
0.997094 0.6775 0 0
0.988677 0.6925 0 0
0.966236 0.7075 0 0
0.957627 0.7225 0 0
0.93153 0.7375 0 0
0.89979 0.7475 0 0
0.892379 0.7575 0 0
0.873883 0.7675 0 0
0.848663 0.7775 0 0
0.835151 0.7875 0 0
0.813916 0.7975 0 0
0.79914 0.8075 0 0
0.782313 0.8175 0 0
0.748581 0.8275 0 0
0.741971 0.8375 0 0
0.721623 0.8475 0 0
0.695113 0.8575 0 0
0.675617 0.8675 0 0
0.65563 0.8775 0 0
0.6288 0.8875 0 0
0.60406 0.8975 0 0
0.594523 0.9075 0 0
0.572013 0.9175 0 0
0.551871 0.9275 0 0
0.53609 0.9375 0 0
0.533169 0.9475 0 0
0.533746 0.9575 0 0
0.52777 0.9675 0 0
0.518926 0.9775 0 0
0.521723 0.9875 0 0
0.522299 0.9975 0 0
0.520496 1.0075 0 0
0.53105 1.0175 0 0
0.526696 1.0275 0 0
0.530063 1.0375 0 0
0.536166 1.0475 0 0
0.555909 1.0575 0 0
0.553967 1.0675 0 0
0.553689 1.0775 0 0
0.58568 1.0875 0 0
0.599204 1.0975 0 0
0.620536 1.1075 0 0
0.64128 1.1175 0 0
0.667776 1.1275 0 0
0.691467 1.1375 0 0
0.720454 1.1525 0 0
0.741721 1.1675 0 0
0.770779 1.1825 0 0
0.790989 1.1975 0 0
0.817884 1.2125 0 0
0.85142 1.2275 0 0
0.873293 1.2425 0 0
0.892461 1.2575 0 0
0.908571 1.2725 0 0
0.930197 1.2875 0 0
0.943756 1.3025 0 0
0.959856 1.3175 0 0
0.965809 1.3325 0 0
0.978586 1.3475 0 0
0.991259 1.3625 0 0
0.989557 1.3775 0 0
1.00041 1.3925 0 0
1.00547 1.4075 0 0
1.009 1.4225 0 0
1.01483 1.4375 0 0
1.01562 1.4625 0 0
1.02366 1.4875 0 0
1.0239 1.5125 0 0
1.01861 1.5375 0 0
1.01746 1.5625 0 0
1.01829 1.5875 0 0
1.02359 1.6125 0 0
0.997884 1.6375 0 0
1.02097 1.6625 0 0
1.0246 1.6875 0 0
1.01309 1.7125 0 0
1.01698 1.7375 0 0
1.01343 1.7625 0 0
1.01998 1.7875 0 0
1.02239 1.8125 0 0
0 0 0 0
-0.0104914 0.625 0 0
-0.168547 0.9375 0 0
-0.113823 1.25 0 0
-0.0189543 1.5625 0 0
7
