0 0 0 0
0 1.71429 0 0
0 1.32171 0 0.0929286
0 0 0 0
0 0 0 0
-2.09251 0 0 0
-2.55476 0.0005 0 0
-2.53031 0.00125 0 0
-2.52367 0.0025 0 0
-2.53766 0.005 0 0
-2.5131 0.0075 0 0
-2.48503 0.01 0 0
-2.70158 0.015 0 0
-2.48603 0.025 0 0
-2.56221 0.05 0 0
-2.32087 0.1 0 0
-2.16619 0.125 0 0
-2.03496 0.15 0 0
-1.96746 0.175 0 0
-1.90172 0.2 0 0
-1.80828 0.225 0 0
-1.64653 0.275 0 0
-1.44321 0.325 0 0
-1.34114 0.35 0 0
-1.19582 0.375 0 0
-1.06112 0.4 0 0
-0.894133 0.425 0 0
-0.716171 0.45 0 0
-0.584603 0.475 0 0
-0.501093 0.5 0 0
-0.474194 0.525 0 0
-0.46777 0.55 0 0
-0.467841 0.575 0 0
-0.46981 0.6 0 0
-0.47697 0.625 0 0
-0.477601 0.65 0 0
-0.482519 0.675 0 0
-0.483683 0.7 0 0
-0.489461 0.75 0 0
-0.489487 0.8 0 0
-0.490251 0.825 0 0
-0.49689 0.85 0 0
-0.493383 0.875 0 0
-0.495297 0.9 0 0
-0.495654 0.925 0 0
-0.494517 0.95 0 0
-0.477211 0.99 0 0
0 0 0 0
-1.50036 0 0 0
-0.639487 0.0005 0 0
-0.0879986 0.00125 0 0
0.286144 0.0025 0 0
0.529341 0.005 0 0
0.768157 0.0075 0 0
0.910673 0.01 0 0
1.02286 0.015 0 0
1.00528 0.025 0 0
0.931379 0.05 0 0
0.793276 0.075 0 0
0.552377 0.125 0 0
0.458899 0.15 0 0
0.37358 0.175 0 0
0.311407 0.2 0 0
0.223016 0.225 0 0
0.16507 0.25 0 0
0.117819 0.275 0 0
0.0928786 0.3 0 0
0.0619557 0.325 0 0
-0.00150857 0.35 0 0
-0.00255857 0.375 0 0
-0.00497429 0.4 0 0
-0.0136571 0.425 0 0
-0.0139857 0.45 0 0
-0.00537571 0.475 0 0
0.0171943 0.5 0 0
0.0483443 0.525 0 0
0.0642986 0.55 0 0
0.0854014 0.575 0 0
0.10606 0.6 0 0
0.160296 0.625 0 0
0.188687 0.65 0 0
0.205333 0.675 0 0
0.242364 0.7 0 0
0.270569 0.725 0 0
0.28602 0.75 0 0
0.309639 0.825 0 0
0.3147 0.85 0 0
0.288091 0.875 0 0
0.258984 0.9 0 0
0.210364 0.925 0 0
0.101259 0.95 0 0
-0.02333 0.975 0 0
-0.463657 0.99 0 0
0 0 0 0
1.02016 0.0625 0 0
1.02115 0.0875 0 0
1.01961 0.1125 0 0
1.02159 0.1375 0 0
1.02202 0.1625 0 0
1.01642 0.1875 0 0
1.0232 0.2125 0 0
1.02226 0.2375 0 0
1.02132 0.2625 0 0
1.02318 0.2875 0 0
1.01762 0.3125 0 0
1.02241 0.3375 0 0
1.02207 0.3625 0 0
1.02517 0.3875 0 0
1.02458 0.4125 0 0
1.02094 0.4375 0 0
1.02312 0.4525 0 0
1.02125 0.4675 0 0
1.01935 0.4825 0 0
1.02396 0.4975 0 0
1.02093 0.5125 0 0
1.02102 0.5275 0 0
1.00648 0.5425 0 0
1.02526 0.5575 0 0
1.01794 0.5725 0 0
1.02348 0.5875 0 0
1.02201 0.6025 0 0
1.02329 0.6175 0 0
1.0219 0.6325 0 0
1.01904 0.6475 0 0
1.02185 0.6625 0 0
1.0184 0.6775 0 0
1.02096 0.6925 0 0
1.01042 0.7075 0 0
1.0139 0.7225 0 0
1.01086 0.7375 0 0
0.993074 0.7475 0 0
1.00035 0.7575 0 0
0.996781 0.7675 0 0
0.984637 0.7775 0 0
0.979237 0.7875 0 0
0.967977 0.7975 0 0
0.960547 0.8075 0 0
0.942713 0.8175 0 0
0.914509 0.8275 0 0
0.901223 0.8375 0 0
0.878121 0.8475 0 0
0.853209 0.8575 0 0
0.838821 0.8675 0 0
0.817889 0.8775 0 0
0.799171 0.8875 0 0
0.777699 0.8975 0 0
0.765154 0.9075 0 0
0.747604 0.9175 0 0
0.72407 0.9275 0 0
0.709437 0.9375 0 0
0.696091 0.9475 0 0
0.703553 0.9575 0 0
0.693899 0.9675 0 0
0.685321 0.9775 0 0
0.69078 0.9875 0 0
0.682984 0.9975 0 0
0.68538 1.0075 0 0
0.693051 1.0175 0 0
0.692324 1.0275 0 0
0.696954 1.0375 0 0
0.706401 1.0475 0 0
0.722894 1.0575 0 0
0.731747 1.0675 0 0
0.732899 1.0775 0 0
0.751909 1.0875 0 0
0.760934 1.0975 0 0
0.769631 1.1075 0 0
0.786741 1.1175 0 0
0.807126 1.1275 0 0
0.829031 1.1375 0 0
0.851434 1.1525 0 0
0.864354 1.1675 0 0
0.885531 1.1825 0 0
0.902261 1.1975 0 0
0.92173 1.2125 0 0
0.9423 1.2275 0 0
0.960343 1.2425 0 0
0.976793 1.2575 0 0
0.989299 1.2725 0 0
1.00194 1.2875 0 0
1.00992 1.3025 0 0
1.01574 1.3175 0 0
1.01214 1.3325 0 0
1.01416 1.3475 0 0
1.01678 1.3625 0 0
1.00831 1.3775 0 0
1.01613 1.3925 0 0
1.01611 1.4075 0 0
1.01649 1.4225 0 0
1.0178 1.4375 0 0
1.01706 1.4625 0 0
1.0233 1.4875 0 0
1.02313 1.5125 0 0
1.01807 1.5375 0 0
1.01679 1.5625 0 0
1.01792 1.5875 0 0
1.02296 1.6125 0 0
0.99645 1.6375 0 0
1.02066 1.6625 0 0
1.02451 1.6875 0 0
1.01386 1.7125 0 0
1.01663 1.7375 0 0
1.01387 1.7625 0 0
1.01961 1.7875 0 0
1.02224 1.8125 0 0
0 0 0 0
0.0409814 0.625 0 0
-0.09647 0.9375 0 0
-0.142537 1.25 0 0
-0.0283643 1.5625 0 0
7
