0.842005 0 0 0
0.594807 0.0005 0 0
0.42384 0.00125 0 0
0.230958 0.0025 0 0
-0.0551154 0.005 0 0
-0.174176 0.0075 0 0
-0.378539 0.01 0 0
-0.608745 0.015 0 0
-0.627994 0.025 0 0
-0.732078 0.05 0 0
-0.888931 0.1 0 0
-0.957485 0.125 0 0
-1.0106 0.15 0 0
-1.07355 0.175 0 0
-1.02071 0.2 0 0
-1.15324 0.225 0 0
-1.21233 0.275 0 0
-1.21907 0.325 0 0
-1.21409 0.35 0 0
-1.18295 0.375 0 0
-1.18815 0.4 0 0
-1.13136 0.425 0 0
-1.07772 0.45 0 0
-1.03687 0.475 0 0
-0.995057 0.5 0 0
-0.968377 0.525 0 0
-0.902948 0.55 0 0
-0.658628 0.575 0 0
-0.64269 0.6 0 0
-0.591251 0.625 0 0
-0.557145 0.65 0 0
-0.504375 0.675 0 0
-0.448605 0.7 0 0
-0.348295 0.75 0 0
-0.253279 0.8 0 0
-0.205585 0.825 0 0
-0.188095 0.85 0 0
-0.127156 0.875 0 0
-0.100663 0.9 0 0
-0.0534354 0.925 0 0
-0.0142208 0.95 0 0
0.108619 0.99 0 0
0.162904 0.99 0 0
0.2738 0.975 0 0
0.299892 0.95 0 0
0.353371 0.925 0 0
0.367949 0.9 0 0
0.365844 0.875 0 0
0.374975 0.85 0 0
0.350493 0.825 0 0
0.293856 0.75 0 0
0.259902 0.725 0 0
0.213819 0.7 0 0
0.160861 0.675 0 0
0.1041 0.65 0 0
0.08884 0.625 0 0
0.0491946 0.6 0 0
0.00982462 0.575 0 0
-0.0190815 0.55 0 0
-0.228642 0.525 0 0
-0.245294 0.5 0 0
-0.267207 0.475 0 0
-0.284724 0.45 0 0
-0.304067 0.425 0 0
-0.335977 0.4 0 0
-0.384012 0.375 0 0
-0.440156 0.35 0 0
-0.374665 0.325 0 0
-0.379492 0.3 0 0
-0.398125 0.275 0 0
-0.37485 0.25 0 0
-0.371815 0.225 0 0
-0.316508 0.2 0 0
-0.284198 0.175 0 0
-0.248199 0.15 0 0
-0.191966 0.125 0 0
-0.0156123 0.075 0 0
0.129172 0.05 0 0
0.257863 0.025 0 0
0.398034 0.015 0 0
0.594105 0.01 0 0
0.726196 0.0075 0 0
0.863585 0.005 0 0
0.930158 0.0025 0 0
1.00063 0.00125 0 0
1.03049 0.0005 0 0
0.972304 0 0 0
0.837766 0.000384615 0 0
0.581409 0.00107692 0 0
0.394722 0.00201923 0 0
0.184132 0.00365385 0 0
-0.103423 0.00692308 0 0
-0.23049 0.0113462 0 0
-0.446919 0.0176923 0 0
-0.682398 0.0246154 0 0
-0.705732 0.0365385 0 0
-0.814659 0.0634615 0 0
-0.967447 0.115385 0 0
-1.0462 0.142308 0 0
-1.10385 0.171154 0 0
-1.16732 0.2 0 0
-1.1141 0.226923 0 0
-1.24424 0.253846 0 0
-1.30372 0.305769 0 0
-1.3061 0.357692 0 0
-1.29699 0.384615 0 0
-1.26271 0.411538 0 0
-1.26469 0.438462 0 0
-1.20585 0.465385 0 0
-1.14718 0.492308 0 0
-1.08753 0.519231 0 0
-1.04449 0.546154 0 0
-1.01386 0.573077 0 0
-0.945806 0.6 0 0
-0.697426 0.626923 0 0
-0.677198 0.653846 0 0
-0.618043 0.682692 0 0
-0.576628 0.711538 0 0
-0.520189 0.738462 0 0
-0.463074 0.765385 0 0
-0.358076 0.817308 0 0
-0.261023 0.869231 0 0
-0.209695 0.896154 0 0
-0.189189 0.923077 0 0
-0.118801 0.951154 0 0
-0.088132 0.976154 0 0
-0.0323738 1 0 0
0.00884785 1.02308 0 0
0.135802 1.06115 0 0
0.162904 0.99 0 0
0.2738 0.975 0 0
0.299892 0.95 0 0
0.353371 0.925 0 0
0.367949 0.9 0 0
0.440636 0.875 0 0
0.454244 0.850038 0 0
0.427465 0.825096 0 0
0.365407 0.750192 0 0
0.326332 0.725385 0 0
0.26968 0.700577 0 0
0.206561 0.675769 0 0
0.134718 0.651154 0 0
0.108676 0.626923 0 0
0.0591309 0.603846 0 0
0.00862367 0.580769 0 0
-0.0338482 0.559615 0 0
-0.247734 0.536538 0 0
-0.267155 0.513462 0 0
-0.291554 0.490385 0 0
-0.313325 0.467308 0 0
-0.332902 0.444231 0 0
-0.366602 0.421154 0 0
-0.413203 0.398077 0 0
-0.468977 0.375 0 0
-0.408523 0.351923 0 0
-0.409031 0.328846 0 0
-0.42397 0.305769 0 0
-0.39824 0.282692 0 0
-0.393717 0.259615 0 0
-0.337062 0.236538 0 0
-0.303067 0.213462 0 0
-0.265787 0.190385 0 0
-0.193434 0.167308 0 0
-0.0148566 0.119231 0 0
0.132957 0.0961538 0 0
0.264697 0.0730769 0 0
1.00045 0.0673077 0 0
1.05934 0.0658846 0 0
0.406042 0.065 0 0
1.02759 0.0647115 0 0
0.606479 0.0619231 0 0
0.742644 0.0613462 0 0
0.883577 0.0607692 0 0
0.952762 0.0601923 0 0
0.837766 0.000384615 0 0
0.581409 0.00107692 0 0
0.394722 0.00201923 0 0
0.184132 0.00365385 0 0
-0.103423 0.00692308 0 0
-0.23049 0.0113462 0 0
-0.446919 0.0176923 0 0
-0.682398 0.0246154 0 0
-0.705732 0.0365385 0 0
-0.814659 0.0634615 0 0
-0.967447 0.115385 0 0
-1.0462 0.142308 0 0
-1.10385 0.171154 0 0
-1.16732 0.2 0 0
-1.1141 0.226923 0 0
-1.24424 0.253846 0 0
-1.30372 0.305769 0 0
-1.3061 0.357692 0 0
-1.29699 0.384615 0 0
-1.26271 0.411538 0 0
-1.26469 0.438462 0 0
-1.20585 0.465385 0 0
-1.14718 0.492308 0 0
-1.08753 0.519231 0 0
-1.04449 0.546154 0 0
-1.01386 0.573077 0 0
-0.945806 0.6 0 0
-0.697426 0.626923 0 0
-0.677198 0.653846 0 0
-0.618043 0.682692 0 0
-0.576628 0.711538 0 0
-0.520189 0.738462 0 0
-0.463074 0.765385 0 0
-0.358076 0.817308 0 0
-0.261023 0.869231 0 0
-0.209695 0.896154 0 0
-0.189189 0.923077 0 0
-0.118801 0.951154 0 0
-0.088132 0.976154 0 0
-0.0323738 1 0 0
0.00884785 1.02308 0 0
0.135802 1.06115 0 0
0.154948 0.990533 0 0
0.287964 0.975281 0 0
0.330256 0.950155 0 0
0.398095 0.925083 0 0
0.432393 0.90003 0 0
0.440636 0.875 0 0
0.454244 0.850038 0 0
0.427465 0.825096 0 0
0.365407 0.750192 0 0
0.326332 0.725385 0 0
0.26968 0.700577 0 0
0.206561 0.675769 0 0
0.134718 0.651154 0 0
0.108676 0.626923 0 0
0.0591309 0.603846 0 0
0.00862367 0.580769 0 0
-0.0338482 0.559615 0 0
-0.247734 0.536538 0 0
-0.267155 0.513462 0 0
-0.291554 0.490385 0 0
-0.313325 0.467308 0 0
-0.332902 0.444231 0 0
-0.366602 0.421154 0 0
-0.413203 0.398077 0 0
-0.468977 0.375 0 0
-0.408523 0.351923 0 0
-0.409031 0.328846 0 0
-0.42397 0.305769 0 0
-0.39824 0.282692 0 0
-0.393717 0.259615 0 0
-0.337062 0.236538 0 0
-0.303067 0.213462 0 0
-0.265787 0.190385 0 0
-0.193434 0.167308 0 0
-0.0148566 0.119231 0 0
0.132957 0.0961538 0 0
0.264697 0.0730769 0 0
1.00045 0.0673077 0 0
1.05934 0.0658846 0 0
0.406042 0.065 0 0
1.02759 0.0647115 0 0
0.606479 0.0619231 0 0
0.742644 0.0613462 0 0
0.883577 0.0607692 0 0
0.952762 0.0601923 0 0
0.837766 0.000384615 0 0
0.581409 0.00107692 0 0
0.394722 0.00201923 0 0
0.184132 0.00365385 0 0
-0.103423 0.00692308 0 0
-0.23049 0.0113462 0 0
-0.446919 0.0176923 0 0
-0.682398 0.0246154 0 0
-0.705732 0.0365385 0 0
-0.814659 0.0634615 0 0
-0.967447 0.115385 0 0
-1.0462 0.142308 0 0
-1.10385 0.171154 0 0
-1.16732 0.2 0 0
-1.1141 0.226923 0 0
-1.24424 0.253846 0 0
-1.30372 0.305769 0 0
-1.3061 0.357692 0 0
-1.29699 0.384615 0 0
-1.26271 0.411538 0 0
-1.26469 0.438462 0 0
-1.20585 0.465385 0 0
-1.14718 0.492308 0 0
-1.08753 0.519231 0 0
-1.04449 0.546154 0 0
-1.01386 0.573077 0 0
-0.945806 0.6 0 0
-0.697426 0.626923 0 0
-0.677198 0.653846 0 0
-0.618043 0.682692 0 0
-0.576628 0.711538 0 0
-0.520189 0.738462 0 0
-0.463074 0.765385 0 0
-0.358076 0.817308 0 0
-0.261023 0.869231 0 0
-0.209695 0.896154 0 0
-0.189189 0.923077 0 0
-0.118801 0.951154 0 0
-0.088132 0.976154 0 0
-0.0323738 1 0 0
0.00884785 1.02308 0 0
0.135802 1.06115 0 0
0.154948 0.990533 0 0
0.287964 0.975281 0 0
0.330256 0.950155 0 0
0.398095 0.925083 0 0
0.432393 0.90003 0 0
0.440636 0.875 0 0
0.454244 0.850038 0 0
0.427465 0.825096 0 0
0.365407 0.750192 0 0
0.326332 0.725385 0 0
0.26968 0.700577 0 0
0.206561 0.675769 0 0
0.134718 0.651154 0 0
0.108676 0.626923 0 0
0.0591309 0.603846 0 0
0.00862367 0.580769 0 0
-0.0338482 0.559615 0 0
-0.247734 0.536538 0 0
-0.267155 0.513462 0 0
-0.291554 0.490385 0 0
-0.313325 0.467308 0 0
-0.332902 0.444231 0 0
-0.366602 0.421154 0 0
-0.413203 0.398077 0 0
-0.468977 0.375 0 0
-0.408523 0.351923 0 0
-0.409031 0.328846 0 0
-0.42397 0.305769 0 0
-0.39824 0.282692 0 0
-0.393717 0.259615 0 0
-0.337062 0.236538 0 0
-0.303067 0.213462 0 0
-0.265787 0.190385 0 0
-0.193434 0.167308 0 0
-0.0148566 0.119231 0 0
0.132957 0.0961538 0 0
0.264697 0.0730769 0 0
1.00045 0.0673077 0 0
1.05934 0.0658846 0 0
0.406042 0.065 0 0
1.02759 0.0647115 0 0
0.606479 0.0619231 0 0
0.742644 0.0613462 0 0
0.883577 0.0607692 0 0
0.952762 0.0601923 0 0
0.837766 0.000384615 0 0
0.581409 0.00107692 0 0
0.394722 0.00201923 0 0
0.184132 0.00365385 0 0
-0.103423 0.00692308 0 0
-0.23049 0.0113462 0 0
-0.446919 0.0176923 0 0
-0.682398 0.0246154 0 0
-0.705732 0.0365385 0 0
-0.814659 0.0634615 0 0
-0.967447 0.115385 0 0
-1.0462 0.142308 0 0
-1.10385 0.171154 0 0
-1.16732 0.2 0 0
-1.1141 0.226923 0 0
-1.24424 0.253846 0 0
-1.30372 0.305769 0 0
-1.3061 0.357692 0 0
-1.29699 0.384615 0 0
-1.26271 0.411538 0 0
-1.26469 0.438462 0 0
-1.20585 0.465385 0 0
-1.14718 0.492308 0 0
-1.08753 0.519231 0 0
-1.04449 0.546154 0 0
-1.01386 0.573077 0 0
-0.945806 0.6 0 0
-0.697426 0.626923 0 0
-0.677198 0.653846 0 0
-0.618043 0.682692 0 0
-0.576628 0.711538 0 0
-0.520189 0.738462 0 0
-0.463074 0.765385 0 0
-0.358076 0.817308 0 0
-0.261023 0.869231 0 0
-0.209695 0.896154 0 0
-0.189189 0.923077 0 0
-0.118801 0.951154 0 0
-0.088132 0.976154 0 0
-0.0323738 1 0 0
0.00884785 1.02308 0 0
0.135802 1.06115 0 0
0.154948 0.990533 0 0
0.287964 0.975281 0 0
0.330256 0.950155 0 0
0.398095 0.925083 0 0
0.432393 0.90003 0 0
0.440636 0.875 0 0
0.454244 0.850038 0 0
0.427465 0.825096 0 0
0.365407 0.750192 0 0
0.326332 0.725385 0 0
0.26968 0.700577 0 0
0.206561 0.675769 0 0
0.134718 0.651154 0 0
0.108676 0.626923 0 0
0.0591309 0.603846 0 0
0.00862367 0.580769 0 0
-0.0338482 0.559615 0 0
-0.247734 0.536538 0 0
-0.267155 0.513462 0 0
-0.291554 0.490385 0 0
-0.313325 0.467308 0 0
-0.332902 0.444231 0 0
-0.366602 0.421154 0 0
-0.413203 0.398077 0 0
-0.468977 0.375 0 0
-0.408523 0.351923 0 0
-0.409031 0.328846 0 0
-0.42397 0.305769 0 0
-0.39824 0.282692 0 0
-0.393717 0.259615 0 0
-0.337062 0.236538 0 0
-0.303067 0.213462 0 0
-0.265787 0.190385 0 0
-0.193434 0.167308 0 0
-0.0148566 0.119231 0 0
0.132957 0.0961538 0 0
0.264697 0.0730769 0 0
1.00045 0.0673077 0 0
1.05934 0.0658846 0 0
0.406042 0.065 0 0
1.02759 0.0647115 0 0
0.606479 0.0619231 0 0
0.742644 0.0613462 0 0
0.883577 0.0607692 0 0
0.952762 0.0601923 0 0
0.837766 0.000384615 0 0
0.581409 0.00107692 0 0
0.394722 0.00201923 0 0
0.184132 0.00365385 0 0
-0.103423 0.00692308 0 0
-0.23049 0.0113462 0 0
-0.446919 0.0176923 0 0
-0.682398 0.0246154 0 0
-0.705732 0.0365385 0 0
-0.814659 0.0634615 0 0
-0.967447 0.115385 0 0
-1.0462 0.142308 0 0
-1.10385 0.171154 0 0
-1.16732 0.2 0 0
-1.1141 0.226923 0 0
-1.24424 0.253846 0 0
-1.30372 0.305769 0 0
-1.3061 0.357692 0 0
-1.29699 0.384615 0 0
-1.26271 0.411538 0 0
-1.26469 0.438462 0 0
-1.20585 0.465385 0 0
-1.14718 0.492308 0 0
-1.08753 0.519231 0 0
-1.04449 0.546154 0 0
-1.01386 0.573077 0 0
-0.945806 0.6 0 0
-0.697426 0.626923 0 0
-0.677198 0.653846 0 0
-0.618043 0.682692 0 0
-0.576628 0.711538 0 0
-0.520189 0.738462 0 0
-0.463074 0.765385 0 0
-0.358076 0.817308 0 0
-0.261023 0.869231 0 0
-0.209695 0.896154 0 0
-0.189189 0.923077 0 0
-0.118801 0.951154 0 0
-0.088132 0.976154 0 0
-0.0323738 1 0 0
0.00884785 1.02308 0 0
0.135802 1.06115 0 0
0.154948 0.990533 0 0
0.287964 0.975281 0 0
0.330256 0.950155 0 0
0.398095 0.925083 0 0
0.432393 0.90003 0 0
0.440636 0.875 0 0
0.454244 0.850038 0 0
0.427465 0.825096 0 0
0.365407 0.750192 0 0
0.326332 0.725385 0 0
0.26968 0.700577 0 0
0.206561 0.675769 0 0
0.134718 0.651154 0 0
0.108676 0.626923 0 0
0.0591309 0.603846 0 0
0.00862367 0.580769 0 0
-0.0338482 0.559615 0 0
-0.247734 0.536538 0 0
-0.267155 0.513462 0 0
-0.291554 0.490385 0 0
-0.313325 0.467308 0 0
-0.332902 0.444231 0 0
-0.366602 0.421154 0 0
-0.413203 0.398077 0 0
-0.468977 0.375 0 0
-0.408523 0.351923 0 0
-0.409031 0.328846 0 0
-0.42397 0.305769 0 0
-0.39824 0.282692 0 0
-0.393717 0.259615 0 0
-0.337062 0.236538 0 0
-0.303067 0.213462 0 0
-0.265787 0.190385 0 0
-0.193434 0.167308 0 0
-0.0148566 0.119231 0 0
0.132957 0.0961538 0 0
0.264697 0.0730769 0 0
1.00045 0.0673077 0 0
1.05934 0.0658846 0 0
0.406042 0.065 0 0
1.02759 0.0647115 0 0
0.606479 0.0619231 0 0
0.742644 0.0613462 0 0
0.883577 0.0607692 0 0
0.952762 0.0601923 0 0
