0 0 0 0
0 0.0769231 0 0
0.0457544 0.6897 0 0.00791538
0.0326031 9.61538e-05 0 0
0 0 0 0
0.837766 0.000384615 0 0
0.581409 0.00107692 0 0
0.394722 0.00201923 0 0
0.184132 0.00365385 0 0
-0.103423 0.00692308 0 0
-0.23049 0.0113462 0 0
-0.446919 0.0176923 0 0
-0.682398 0.0246154 0 0
-0.705732 0.0365385 0 0
-0.814659 0.0634615 0 0
-0.967447 0.115385 0 0
-1.0462 0.142308 0 0
-1.10385 0.171154 0 0
-1.16732 0.2 0 0
-1.1141 0.226923 0 0
-1.24424 0.253846 0 0
-1.30372 0.305769 0 0
-1.3061 0.357692 0 0
-1.29699 0.384615 0 0
-1.26271 0.411538 0 0
-1.26469 0.438462 0 0
-1.20585 0.465385 0 0
-1.14718 0.492308 0 0
-1.08753 0.519231 0 0
-1.04449 0.546154 0 0
-1.01386 0.573077 0 0
-0.945806 0.6 0 0
-0.697426 0.626923 0 0
-0.677198 0.653846 0 0
-0.618043 0.682692 0 0
-0.576628 0.711538 0 0
-0.520189 0.738462 0 0
-0.463074 0.765385 0 0
-0.358076 0.817308 0 0
-0.261023 0.869231 0 0
-0.209695 0.896154 0 0
-0.189189 0.923077 0 0
-0.118801 0.951154 0 0
-0.088132 0.976154 0 0
-0.0323738 1 0 0
0.00884785 1.02308 0 0
0.135802 1.06115 0 0
0 0 0 0
1.00045 0.0673077 0 0
1.05934 0.0658846 0 0
1.02759 0.0647115 0 0
0.952762 0.0601923 0 0
0.883577 0.0607692 0 0
0.742644 0.0613462 0 0
0.606479 0.0619231 0 0
0.406042 0.065 0 0
0.264697 0.0730769 0 0
0.132957 0.0961538 0 0
-0.0148566 0.119231 0 0
-0.193434 0.167308 0 0
-0.265787 0.190385 0 0
-0.303067 0.213462 0 0
-0.337062 0.236538 0 0
-0.393717 0.259615 0 0
-0.39824 0.282692 0 0
-0.42397 0.305769 0 0
-0.409031 0.328846 0 0
-0.408523 0.351923 0 0
-0.468977 0.375 0 0
-0.413203 0.398077 0 0
-0.366602 0.421154 0 0
-0.332902 0.444231 0 0
-0.313325 0.467308 0 0
-0.291554 0.490385 0 0
-0.267155 0.513462 0 0
-0.247734 0.536538 0 0
-0.0338482 0.559615 0 0
0.00862367 0.580769 0 0
0.0591309 0.603846 0 0
0.108676 0.626923 0 0
0.134718 0.651154 0 0
0.206561 0.675769 0 0
0.26968 0.700577 0 0
0.326332 0.725385 0 0
0.365407 0.750192 0 0
0.427465 0.825096 0 0
0.454244 0.850038 0 0
0.440636 0.875 0 0
0.432393 0.90003 0 0
0.398095 0.925083 0 0
0.330256 0.950155 0 0
0.287964 0.975281 0 0
0.154948 0.990533 0 0
0 0 0 0
0.975009 0.0638609 0 0
0.963735 0.0893935 0 0
0.953676 0.115311 0 0
0.962998 0.142382 0 0
0.939019 0.171376 0 0
0.922559 0.198447 0 0
0.937103 0.225666 0 0
0.928012 0.252885 0 0
0.928947 0.279956 0 0
0.926054 0.307027 0 0
0.911387 0.336021 0 0
0.918322 0.365015 0 0
0.917383 0.392086 0 0
0.929308 0.419157 0 0
0.927425 0.446228 0 0
0.919476 0.473299 0 0
0.932253 0.49037 0 0
0.934298 0.507441 0 0
0.933092 0.524512 0 0
0.947118 0.541583 0 0
0.938178 0.558654 0 0
0.9618 0.575725 0 0
0.910434 0.592796 0 0
0.981524 0.610015 0 0
0.971839 0.627234 0 0
0.985061 0.644305 0 0
0.982523 0.661376 0 0
0.997718 0.68037 0 0
1.0049 0.699364 0 0
0.993719 0.716435 0 0
1.00876 0.733506 0 0
1.00244 0.750666 0 0
1.01109 0.767589 0 0
0.992933 0.784423 0 0
1.01238 0.801198 0 0
1.02299 0.819127 0 0
0.972767 0.823654 0 0
1.02874 0.8325 0 0
1.0309 0.840577 0 0
1.02419 0.848654 0 0
1.03964 0.856731 0 0
1.04099 0.864808 0 0
1.06364 0.872888 0 0
1.05585 0.880969 0 0
1.02654 0.885207 0 0
1.03099 0.893299 0 0
1.04409 0.901391 0 0
1.02765 0.909482 0 0
1.02055 0.917589 0 0
1.02047 0.925725 0 0
1.02501 0.93395 0 0
1.01212 0.942175 0 0
1.01439 0.950547 0 0
0.996027 0.958772 0 0
0.980881 0.966997 0 0
0.974948 0.975222 0 0
0.942547 0.983447 0 0
0.923768 0.991672 0 0
0.840767 0.999896 0 0
0.790037 1.00812 0 0
0.798872 1.01635 0 0
0.82742 1.02457 0 0
0.897605 1.0328 0 0
0.953222 1.04102 0 0
0.967889 1.04925 0 0
0.968141 1.05747 0 0
0.993699 1.0657 0 0
0.982916 1.07392 0 0
0.990673 1.08214 0 0
0.995712 1.09037 0 0
1.02709 1.09667 0 0
1.02268 1.1049 0 0
1.01597 1.11312 0 0
1.07684 1.12268 0 0
1.08775 1.13257 0 0
1.03743 1.1425 0 0
1.10431 1.15748 0 0
1.05718 1.17226 0 0
1.06927 1.18722 0 0
1.06856 1.20217 0 0
1.07271 1.21713 0 0
1.07751 1.22753 0 0
1.06076 1.24258 0 0
1.04575 1.25766 0 0
1.03624 1.27278 0 0
1.00029 1.28803 0 0
0.996854 1.30337 0 0
0.983981 1.31886 0 0
0.957634 1.33439 0 0
0.961221 1.35031 0 0
0.95501 1.36738 0 0
0.922523 1.38638 0 0
0.932434 1.40345 0 0
0.931102 1.42067 0 0
0.923149 1.43788 0 0
0.931264 1.45496 0 0
0.911665 1.48203 0 0
0.923738 1.51102 0 0
0.924202 1.54001 0 0
0.90494 1.56709 0 0
0.905787 1.59416 0 0
0.906961 1.62123 0 0
0.932288 1.6483 0 0
0.886722 1.67537 0 0
0.930619 1.70244 0 0
0.948818 1.72951 0 0
0.921462 1.75658 0 0
0.93663 1.78365 0 0
0.943203 1.81072 0 0
0.962555 1.8378 0 0
0.976175 1.86501 0 0
0 0 0 0
-0.0369976 0.681805 0 0
-0.0585711 0.996376 0 0
-0.0707666 1.31287 0 0
-0.00300792 1.62936 0 0
-0.0161304 0.0689349 0 0
-0.014553 0.0710059 0 0
-0.00913854 0.0731657 0 0
-0.00677938 0.0750888 0 0
-0.00249029 0.0769231 0 0
0.000680604 0.0786985 0 0
0.0104463 0.0816269 0 0
0.0119191 0.0761948 0 0
0.0221511 0.0750216 0 0
0.0254043 0.0730888 0 0
0.0306227 0.0711602 0 0
0.033261 0.0692331 0 0
0.0338951 0.0673077 0 0
0.0349418 0.0653875 0 0
0.0328819 0.0634689 0 0
0.0281082 0.0577071 0 0
0.0251025 0.0557988 0 0
0.0207446 0.0538905 0 0
0.0158893 0.0519822 0 0
0.0103629 0.0500888 0 0
0.00835969 0.0482248 0 0
0.00454853 0.0464497 0 0
0.000663359 0.0446745 0 0
-0.00260371 0.0430473 0 0
-0.0190565 0.0412722 0 0
-0.0205504 0.0394971 0 0
-0.0224272 0.0377219 0 0
-0.0241019 0.0359468 0 0
-0.0256078 0.0341716 0 0
-0.0282002 0.0323965 0 0
-0.0317848 0.0306213 0 0
-0.0360752 0.0288462 0 0
-0.0314248 0.027071 0 0
-0.0314639 0.0252958 0 0
-0.0326131 0.0235207 0 0
-0.0306338 0.0217455 0 0
-0.0302859 0.0199704 0 0
-0.0259278 0.0181952 0 0
-0.0233128 0.0164202 0 0
-0.0204452 0.014645 0 0
-0.0148795 0.0128698 0 0
-0.00114282 0.00917162 0 0
0.0102275 0.00739645 0 0
0.0203613 0.0056213 0 0
0.0769577 0.00517752 0 0
0.0814877 0.00506805 0 0
0.031234 0.005 0 0
0.0790454 0.00497781 0 0
0.0466522 0.00476332 0 0
0.0571265 0.00471894 0 0
0.0679675 0.00467455 0 0
0.0732894 0.00463018 0 0
0.0644435 2.95858e-05 0 0
0.0447238 8.284e-05 0 0
0.0303632 0.000155325 0 0
0.014164 0.000281065 0 0
-0.00795562 0.000532545 0 0
-0.01773 0.000872785 0 0
-0.0343784 0.00136095 0 0
-0.0524922 0.00189349 0 0
-0.0542871 0.00281065 0 0
-0.0626661 0.00488165 0 0
-0.074419 0.00887577 0 0
-0.0804769 0.0109468 0 0
-0.0849115 0.0131657 0 0
-0.0897938 0.0153846 0 0
-0.0857 0.0174556 0 0
-0.0957108 0.0195266 0 0
-0.100286 0.0235207 0 0
-0.100469 0.0275148 0 0
-0.0997685 0.0295858 0 0
-0.0971315 0.0316568 0 0
-0.0972838 0.0337278 0 0
-0.0927577 0.0357988 0 0
-0.0882446 0.0378698 0 0
-0.0836562 0.0399408 0 0
-0.0803454 0.0420118 0 0
-0.0779892 0.0440828 0 0
-0.0727543 0.0461538 0 0
-0.0536482 0.0482248 0 0
-0.0520922 0.0502958 0 0
-0.0475418 0.0525148 0 0
-0.044356 0.0547337 0 0
-0.0400145 0.0568048 0 0
-0.0356211 0.0588758 0 0
-0.0275443 0.0628698 0 0
-0.0200787 0.0668639 0 0
-0.0161304 0.0689349 0 0
-0.014553 0.0710059 0 0
-0.00913854 0.0731657 0 0
-0.00677938 0.0750888 0 0
-0.00249029 0.0769231 0 0
0.000680604 0.0786985 0 0
0.0104463 0.0816269 0 0
0.0119191 0.0761948 0 0
0.0221511 0.0750216 0 0
0.0254043 0.0730888 0 0
0.0306227 0.0711602 0 0
0.033261 0.0692331 0 0
0.0338951 0.0673077 0 0
0.0349418 0.0653875 0 0
0.0328819 0.0634689 0 0
0.0281082 0.0577071 0 0
0.0251025 0.0557988 0 0
0.0207446 0.0538905 0 0
0.0158893 0.0519822 0 0
0.0103629 0.0500888 0 0
0.00835969 0.0482248 0 0
0.00454853 0.0464497 0 0
0.000663359 0.0446745 0 0
-0.00260371 0.0430473 0 0
-0.0190565 0.0412722 0 0
-0.0205504 0.0394971 0 0
-0.0224272 0.0377219 0 0
-0.0241019 0.0359468 0 0
-0.0256078 0.0341716 0 0
-0.0282002 0.0323965 0 0
-0.0317848 0.0306213 0 0
-0.0360752 0.0288462 0 0
-0.0314248 0.027071 0 0
-0.0314639 0.0252958 0 0
-0.0326131 0.0235207 0 0
-0.0306338 0.0217455 0 0
-0.0302859 0.0199704 0 0
-0.0259278 0.0181952 0 0
-0.0233128 0.0164202 0 0
-0.0204452 0.014645 0 0
-0.0148795 0.0128698 0 0
-0.00114282 0.00917162 0 0
0.0102275 0.00739645 0 0
0.0203613 0.0056213 0 0
0.0769577 0.00517752 0 0
0.0814877 0.00506805 0 0
0.031234 0.005 0 0
0.0790454 0.00497781 0 0
0.0466522 0.00476332 0 0
0.0571265 0.00471894 0 0
0.0679675 0.00467455 0 0
0.0732894 0.00463018 0 0
0.0644435 2.95858e-05 0 0
0.0447238 8.284e-05 0 0
0.0303632 0.000155325 0 0
0.014164 0.000281065 0 0
-0.00795562 0.000532545 0 0
-0.01773 0.000872785 0 0
-0.0343784 0.00136095 0 0
-0.0524922 0.00189349 0 0
-0.0542871 0.00281065 0 0
-0.0626661 0.00488165 0 0
-0.074419 0.00887577 0 0
-0.0804769 0.0109468 0 0
-0.0849115 0.0131657 0 0
-0.0897938 0.0153846 0 0
-0.0857 0.0174556 0 0
-0.0957108 0.0195266 0 0
-0.100286 0.0235207 0 0
-0.100469 0.0275148 0 0
-0.0997685 0.0295858 0 0
-0.0971315 0.0316568 0 0
-0.0972838 0.0337278 0 0
-0.0927577 0.0357988 0 0
-0.0882446 0.0378698 0 0
-0.0836562 0.0399408 0 0
-0.0803454 0.0420118 0 0
-0.0779892 0.0440828 0 0
-0.0727543 0.0461538 0 0
-0.0536482 0.0482248 0 0
-0.0520922 0.0502958 0 0
-0.0475418 0.0525148 0 0
-0.044356 0.0547337 0 0
-0.0400145 0.0568048 0 0
-0.0356211 0.0588758 0 0
-0.0275443 0.0628698 0 0
-0.0200787 0.0668639 0 0
-0.0161304 0.0689349 0 0
-0.014553 0.0710059 0 0
-0.00913854 0.0731657 0 0
-0.00677938 0.0750888 0 0
-0.00249029 0.0769231 0 0
0.000680604 0.0786985 0 0
0.0104463 0.0816269 0 0
0.0119191 0.0761948 0 0
0.0221511 0.0750216 0 0
0.0254043 0.0730888 0 0
0.0306227 0.0711602 0 0
0.033261 0.0692331 0 0
0.0338951 0.0673077 0 0
0.0349418 0.0653875 0 0
0.0328819 0.0634689 0 0
0.0281082 0.0577071 0 0
0.0251025 0.0557988 0 0
0.0207446 0.0538905 0 0
0.0158893 0.0519822 0 0
0.0103629 0.0500888 0 0
0.00835969 0.0482248 0 0
0.00454853 0.0464497 0 0
0.000663359 0.0446745 0 0
-0.00260371 0.0430473 0 0
-0.0190565 0.0412722 0 0
-0.0205504 0.0394971 0 0
-0.0224272 0.0377219 0 0
-0.0241019 0.0359468 0 0
-0.0256078 0.0341716 0 0
-0.0282002 0.0323965 0 0
-0.0317848 0.0306213 0 0
-0.0360752 0.0288462 0 0
-0.0314248 0.027071 0 0
-0.0314639 0.0252958 0 0
-0.0326131 0.0235207 0 0
-0.0306338 0.0217455 0 0
-0.0302859 0.0199704 0 0
-0.0259278 0.0181952 0 0
-0.0233128 0.0164202 0 0
-0.0204452 0.014645 0 0
-0.0148795 0.0128698 0 0
-0.00114282 0.00917162 0 0
0.0102275 0.00739645 0 0
0.0203613 0.0056213 0 0
0.0769577 0.00517752 0 0
0.0814877 0.00506805 0 0
0.031234 0.005 0 0
0.0790454 0.00497781 0 0
0.0466522 0.00476332 0 0
0.0571265 0.00471894 0 0
0.0679675 0.00467455 0 0
0.0732894 0.00463018 0 0
13
