0 0 0 0
0 -1.75 0 0
0 -0.3175 0 0.00815
0 0 0 0
0 0 0 0
0.22871 0 0 0
0.618115 0.0005 0 0
0.80474 0.00125 0 0
0.938777 0.0025 0 0
1.01259 0.005 0 0
1.01788 0.0075 0 0
0.98213 0.01 0 0
0.77062 0.015 0 0
0.78829 0.025 0 0
0.63466 0.05 0 0
0.286083 0.1 0 0
0.12281 0.125 0 0
0.00076 0.15 0 0
-0.113575 0.175 0 0
-0.190743 0.2 0 0
-0.293807 0.225 0 0
-0.437885 0.275 0 0
-0.532118 0.325 0 0
-0.56339 0.35 0 0
-0.574865 0.375 0 0
-0.624818 0.4 0 0
-0.60624 0.425 0 0
-0.584917 0.45 0 0
-0.577403 0.475 0 0
-0.543285 0.5 0 0
-0.50165 0.525 0 0
-0.474642 0.55 0 0
-0.44418 0.575 0 0
-0.423167 0.6 0 0
-0.415855 0.625 0 0
-0.37818 0.65 0 0
-0.29614 0.675 0 0
-0.24222 0.7 0 0
-0.192873 0.75 0 0
-0.137435 0.8 0 0
-0.105452 0.825 0 0
-0.10261 0.85 0 0
-0.0580325 0.875 0 0
-0.0479825 0.9 0 0
-0.01833 0.925 0 0
0.00665 0.95 0 0
0.110017 0.99 0 0
0 0 0 0
-0.0600675 0 0 0
-0.62746 0.0005 0 0
-0.908122 0.00125 0 0
-1.171 0.0025 0 0
-1.356 0.005 0 0
-1.59096 0.0075 0 0
-1.66265 0.01 0 0
-1.61889 0.015 0 0
-1.57614 0.025 0 0
-1.47734 0.05 0 0
-1.38677 0.075 0 0
-1.26756 0.125 0 0
-1.23618 0.15 0 0
-1.18643 0.175 0 0
-1.16674 0.2 0 0
-1.15444 0.225 0 0
-1.10814 0.25 0 0
-1.08377 0.275 0 0
-1.02976 0.3 0 0
-0.9866 0.325 0 0
-0.981827 0.35 0 0
-0.852877 0.375 0 0
-0.765045 0.4 0 0
-0.710418 0.425 0 0
-0.657717 0.45 0 0
-0.584613 0.475 0 0
-0.494955 0.5 0 0
-0.385495 0.525 0 0
-0.326098 0.55 0 0
-0.247805 0.575 0 0
-0.16749 0.6 0 0
-0.102303 0.625 0 0
-0.0686925 0.65 0 0
0.0064425 0.675 0 0
0.067465 0.7 0 0
0.117935 0.725 0 0
0.161598 0.75 0 0
0.231048 0.825 0 0
0.259683 0.85 0 0
0.260393 0.875 0 0
0.27278 0.9 0 0
0.27136 0.925 0 0
0.242117 0.95 0 0
0.233893 0.975 0 0
0.17855 0.99 0 0
0 0 0 0
1.0065 0.0625 0 0
1.01137 0.0875 0 0
1.00487 0.1125 0 0
1.02173 0.1375 0 0
1.00883 0.1625 0 0
0.99675 0.1875 0 0
1.01787 0.2125 0 0
1.01157 0.2375 0 0
1.00721 0.2625 0 0
1.01736 0.2875 0 0
1.00264 0.3125 0 0
1.01512 0.3375 0 0
1.01117 0.3625 0 0
1.02173 0.3875 0 0
1.02102 0.4125 0 0
1.00924 0.4375 0 0
1.01543 0.4525 0 0
1.00974 0.4675 0 0
1.00832 0.4825 0 0
1.0197 0.4975 0 0
1.00914 0.5125 0 0
1.01005 0.5275 0 0
0.95796 0.5425 0 0
1.02529 0.5575 0 0
1.01026 0.5725 0 0
1.01858 0.5875 0 0
1.01309 0.6025 0 0
1.02082 0.6175 0 0
1.01736 0.6325 0 0
1.00812 0.6475 0 0
1.01665 0.6625 0 0
1.00904 0.6775 0 0
1.01452 0.6925 0 0
0.988935 0.7075 0 0
1.0066 0.7225 0 0
1.0069 0.7375 0 0
0.95401 0.7475 0 0
1.00244 0.7575 0 0
1.00335 0.7675 0 0
0.988622 0.7775 0 0
1.00619 0.7875 0 0
1.00122 0.7975 0 0
1.02203 0.8075 0 0
1.01889 0.8175 0 0
0.995123 0.8275 0 0
1.00528 0.8375 0 0
1.01696 0.8475 0 0
1.0066 0.8575 0 0
1.00609 0.8675 0 0
1.00751 0.8775 0 0
1.01422 0.8875 0 0
1.00629 0.8975 0 0
1.01066 0.9075 0 0
1.00904 0.9175 0 0
0.993912 0.9275 0 0
1.00314 0.9375 0 0
1.00518 0.9475 0 0
1.04782 0.9575 0 0
1.02244 0.9675 0 0
1.00447 0.9775 0 0
1.01309 0.9875 0 0
0.988932 0.9975 0 0
1.01096 1.0075 0 0
1.0133 1.0175 0 0
1.00294 1.0275 0 0
0.993295 1.0375 0 0
1.01259 1.0475 0 0
1.0003 1.0575 0 0
1.00742 1.0675 0 0
1.00102 1.0775 0 0
1.00091 1.0875 0 0
0.94456 1.0975 0 0
0.877753 1.1075 0 0
0.839873 1.1175 0 0
0.824025 1.1275 0 0
0.84616 1.1375 0 0
0.925873 1.1525 0 0
0.98761 1.1675 0 0
1.00488 1.1825 0 0
0.99523 1.1975 0 0
0.993605 1.2125 0 0
1.00802 1.2275 0 0
1.01147 1.2425 0 0
1.00985 1.2575 0 0
1.01696 1.2725 0 0
0.999795 1.2875 0 0
1.01045 1.3025 0 0
1.01168 1.3175 0 0
1.00599 1.3325 0 0
1.01269 1.3475 0 0
1.01391 1.3625 0 0
0.992693 1.3775 0 0
1.00781 1.3925 0 0
1.01035 1.4075 0 0
1.00954 1.4225 0 0
1.01208 1.4375 0 0
0.999188 1.4625 0 0
1.01808 1.4875 0 0
1.02041 1.5125 0 0
0.997058 1.5375 0 0
0.997465 1.5625 0 0
1.00142 1.5875 0 0
1.02041 1.6125 0 0
0.9737 1.6375 0 0
1.00833 1.6625 0 0
1.02163 1.6875 0 0
0.998378 1.7125 0 0
1.00548 1.7375 0 0
0.99421 1.7625 0 0
1.00975 1.7875 0 0
1.01878 1.8125 0 0
0 0 0 0
-0.0309225 0.625 0 0
-0.0439225 0.9375 0 0
-0.0419875 1.25 0 0
0.024215 1.5625 0 0
4
