1.01775 0 0 0
0.997216 0.0005 0 0
0.919961 0.00125 0 0
0.825506 0.0025 0 0
0.652067 0.005 0 0
0.557844 0.0075 0 0
0.372459 0.01 0 0
0.122971 0.015 0 0
0.0623914 0.025 0 0
-0.0981243 0.05 0 0
-0.380847 0.1 0 0
-0.501956 0.125 0 0
-0.591909 0.15 0 0
-0.681456 0.175 0 0
-0.681686 0.2 0 0
-0.808967 0.225 0 0
-0.906711 0.275 0 0
-0.952637 0.325 0 0
-0.963311 0.35 0 0
-0.95033 0.375 0 0
-0.973986 0.4 0 0
-0.931809 0.425 0 0
-0.889286 0.45 0 0
-0.855706 0.475 0 0
-0.804006 0.5 0 0
-0.765751 0.525 0 0
-0.756293 0.55 0 0
-0.741637 0.575 0 0
-0.522844 0.6 0 0
-0.480724 0.625 0 0
-0.466069 0.65 0 0
-0.425336 0.675 0 0
-0.380617 0.7 0 0
-0.295514 0.75 0 0
-0.214161 0.8 0 0
-0.174406 0.825 0 0
-0.163093 0.85 0 0
-0.107647 0.875 0 0
-0.08578 0.9 0 0
-0.0440057 0.925 0 0
-0.01037 0.95 0 0
0.107626 0.99 0 0
0.169937 0.99 0 0
0.262026 0.975 0 0
0.281987 0.95 0 0
0.328723 0.925 0 0
0.339687 0.9 0 0
0.335071 0.875 0 0
0.34159 0.85 0 0
0.313089 0.825 0 0
0.247716 0.75 0 0
0.208769 0.725 0 0
0.159091 0.7 0 0
0.0997786 0.675 0 0
0.0356157 0.65 0 0
0.0117886 0.625 0 0
-0.0415271 0.6 0 0
-0.0997443 0.575 0 0
-0.160384 0.55 0 0
-0.181731 0.525 0 0
-0.287494 0.5 0 0
-0.457876 0.475 0 0
-0.470799 0.45 0 0
-0.484936 0.425 0 0
-0.520246 0.4 0 0
-0.572924 0.375 0 0
-0.642337 0.35 0 0
-0.593177 0.325 0 0
-0.614007 0.3 0 0
-0.648914 0.275 0 0
-0.645451 0.25 0 0
-0.657339 0.225 0 0
-0.623816 0.2 0 0
-0.607893 0.175 0 0
-0.597159 0.15 0 0
-0.567506 0.125 0 0
-0.477783 0.075 0 0
-0.392504 0.05 0 0
-0.316341 0.025 0 0
-0.210006 0.015 0 0
-0.03293 0.01 0 0
0.113044 0.0075 0 0
0.322031 0.005 0 0
0.460506 0.0025 0 0
0.637813 0.00125 0 0
0.803694 0.0005 0 0
0.976847 0 0 0
1.11091 0.000714286 0 0
1.07691 0.00157143 0 0
0.97317 0.00267857 0 0
0.843073 0.00464286 0 0
0.66098 0.00857143 0 0
0.543827 0.0146429 0 0
0.318052 0.0242857 0 0
0.0512634 0.0328571 0 0
-0.022167 0.0464286 0 0
-0.195475 0.075 0 0
-0.478231 0.128571 0 0
-0.617522 0.157143 0 0
-0.721439 0.189286 0 0
-0.817547 0.221429 0 0
-0.819302 0.25 0 0
-0.944729 0.278571 0 0
-1.04585 0.332143 0 0
-1.08575 0.385714 0 0
-1.09035 0.414286 0 0
-1.07257 0.442857 0 0
-1.08884 0.471429 0 0
-1.0412 0.5 0 0
-0.997328 0.528571 0 0
-0.961654 0.557143 0 0
-0.878698 0.585714 0 0
-0.834426 0.614286 0 0
-0.822874 0.642857 0 0
-0.802399 0.671429 0 0
-0.577218 0.7 0 0
-0.522941 0.732143 0 0
-0.496663 0.764286 0 0
-0.450251 0.792857 0 0
-0.403916 0.821429 0 0
-0.310892 0.875 0 0
-0.226416 0.928571 0 0
-0.180692 0.957143 0 0
-0.164574 0.985714 0 0
-0.092272 1.01643 0 0
-0.0615033 1.04143 0 0
-0.00657343 1.06429 0 0
0.0299139 1.08571 0 0
0.154586 1.12214 0 0
0.169937 0.99 0 0
0.262026 0.975 0 0
0.281987 0.95 0 0
0.328723 0.925 0 0
0.339687 0.9 0 0
0.474621 0.875 0 0
0.456403 0.850071 0 0
0.404205 0.825179 0 0
0.313502 0.750357 0 0
0.254773 0.725714 0 0
0.175241 0.701071 0 0
0.0950743 0.676429 0 0
0.00561486 0.652143 0 0
-0.033403 0.628571 0 0
-0.0975991 0.607143 0 0
-0.167999 0.585714 0 0
-0.241457 0.567857 0 0
-0.26704 0.546429 0 0
-0.374336 0.525 0 0
-0.546992 0.503571 0 0
-0.564704 0.482143 0 0
-0.577143 0.460714 0 0
-0.612948 0.439286 0 0
-0.66064 0.417857 0 0
-0.727077 0.396429 0 0
-0.68494 0.375 0 0
-0.695853 0.353571 0 0
-0.723235 0.332143 0 0
-0.714728 0.310714 0 0
-0.724596 0.289286 0 0
-0.689227 0.267857 0 0
-0.648963 0.246429 0 0
-0.62312 0.225 0 0
-0.590418 0.203571 0 0
-0.492032 0.157143 0 0
-0.398437 0.135714 0 0
1.02471 0.125 0 0
0.852493 0.121929 0 0
0.68254 0.119107 0 0
-0.314657 0.114286 0 0
0.495894 0.109643 0 0
0.351856 0.108571 0 0
-0.204918 0.107857 0 0
0.135772 0.1075 0 0
-0.0186759 0.106429 0 0
1.11091 0.000714286 0 0
1.07691 0.00157143 0 0
0.97317 0.00267857 0 0
0.843073 0.00464286 0 0
0.66098 0.00857143 0 0
0.543827 0.0146429 0 0
0.318052 0.0242857 0 0
0.0512634 0.0328571 0 0
-0.022167 0.0464286 0 0
-0.195475 0.075 0 0
-0.478231 0.128571 0 0
-0.617522 0.157143 0 0
-0.721439 0.189286 0 0
-0.817547 0.221429 0 0
-0.819302 0.25 0 0
-0.944729 0.278571 0 0
-1.04585 0.332143 0 0
-1.08575 0.385714 0 0
-1.09035 0.414286 0 0
-1.07257 0.442857 0 0
-1.08884 0.471429 0 0
-1.0412 0.5 0 0
-0.997328 0.528571 0 0
-0.961654 0.557143 0 0
-0.878698 0.585714 0 0
-0.834426 0.614286 0 0
-0.822874 0.642857 0 0
-0.802399 0.671429 0 0
-0.577218 0.7 0 0
-0.522941 0.732143 0 0
-0.496663 0.764286 0 0
-0.450251 0.792857 0 0
-0.403916 0.821429 0 0
-0.310892 0.875 0 0
-0.226416 0.928571 0 0
-0.180692 0.957143 0 0
-0.164574 0.985714 0 0
-0.092272 1.01643 0 0
-0.0615033 1.04143 0 0
-0.00657343 1.06429 0 0
0.0299139 1.08571 0 0
0.154586 1.12214 0 0
0.264363 0.991224 0 0
0.382465 0.975663 0 0
0.421011 0.950383 0 0
0.482567 0.925224 0 0
0.498389 0.900102 0 0
0.474621 0.875 0 0
0.456403 0.850071 0 0
0.404205 0.825179 0 0
0.313502 0.750357 0 0
0.254773 0.725714 0 0
0.175241 0.701071 0 0
0.0950743 0.676429 0 0
0.00561486 0.652143 0 0
-0.033403 0.628571 0 0
-0.0975991 0.607143 0 0
-0.167999 0.585714 0 0
-0.241457 0.567857 0 0
-0.26704 0.546429 0 0
-0.374336 0.525 0 0
-0.546992 0.503571 0 0
-0.564704 0.482143 0 0
-0.577143 0.460714 0 0
-0.612948 0.439286 0 0
-0.66064 0.417857 0 0
-0.727077 0.396429 0 0
-0.68494 0.375 0 0
-0.695853 0.353571 0 0
-0.723235 0.332143 0 0
-0.714728 0.310714 0 0
-0.724596 0.289286 0 0
-0.689227 0.267857 0 0
-0.648963 0.246429 0 0
-0.62312 0.225 0 0
-0.590418 0.203571 0 0
-0.492032 0.157143 0 0
-0.398437 0.135714 0 0
1.02471 0.125 0 0
0.852493 0.121929 0 0
0.68254 0.119107 0 0
-0.314657 0.114286 0 0
0.495894 0.109643 0 0
0.351856 0.108571 0 0
-0.204918 0.107857 0 0
0.135772 0.1075 0 0
-0.0186759 0.106429 0 0
1.11091 0.000714286 0 0
1.07691 0.00157143 0 0
0.97317 0.00267857 0 0
0.843073 0.00464286 0 0
0.66098 0.00857143 0 0
0.543827 0.0146429 0 0
0.318052 0.0242857 0 0
0.0512634 0.0328571 0 0
-0.022167 0.0464286 0 0
-0.195475 0.075 0 0
-0.478231 0.128571 0 0
-0.617522 0.157143 0 0
-0.721439 0.189286 0 0
-0.817547 0.221429 0 0
-0.819302 0.25 0 0
-0.944729 0.278571 0 0
-1.04585 0.332143 0 0
-1.08575 0.385714 0 0
-1.09035 0.414286 0 0
-1.07257 0.442857 0 0
-1.08884 0.471429 0 0
-1.0412 0.5 0 0
-0.997328 0.528571 0 0
-0.961654 0.557143 0 0
-0.878698 0.585714 0 0
-0.834426 0.614286 0 0
-0.822874 0.642857 0 0
-0.802399 0.671429 0 0
-0.577218 0.7 0 0
-0.522941 0.732143 0 0
-0.496663 0.764286 0 0
-0.450251 0.792857 0 0
-0.403916 0.821429 0 0
-0.310892 0.875 0 0
-0.226416 0.928571 0 0
-0.180692 0.957143 0 0
-0.164574 0.985714 0 0
-0.092272 1.01643 0 0
-0.0615033 1.04143 0 0
-0.00657343 1.06429 0 0
0.0299139 1.08571 0 0
0.154586 1.12214 0 0
0.264363 0.991224 0 0
0.382465 0.975663 0 0
0.421011 0.950383 0 0
0.482567 0.925224 0 0
0.498389 0.900102 0 0
0.474621 0.875 0 0
0.456403 0.850071 0 0
0.404205 0.825179 0 0
0.313502 0.750357 0 0
0.254773 0.725714 0 0
0.175241 0.701071 0 0
0.0950743 0.676429 0 0
0.00561486 0.652143 0 0
-0.033403 0.628571 0 0
-0.0975991 0.607143 0 0
-0.167999 0.585714 0 0
-0.241457 0.567857 0 0
-0.26704 0.546429 0 0
-0.374336 0.525 0 0
-0.546992 0.503571 0 0
-0.564704 0.482143 0 0
-0.577143 0.460714 0 0
-0.612948 0.439286 0 0
-0.66064 0.417857 0 0
-0.727077 0.396429 0 0
-0.68494 0.375 0 0
-0.695853 0.353571 0 0
-0.723235 0.332143 0 0
-0.714728 0.310714 0 0
-0.724596 0.289286 0 0
-0.689227 0.267857 0 0
-0.648963 0.246429 0 0
-0.62312 0.225 0 0
-0.590418 0.203571 0 0
-0.492032 0.157143 0 0
-0.398437 0.135714 0 0
1.02471 0.125 0 0
0.852493 0.121929 0 0
0.68254 0.119107 0 0
-0.314657 0.114286 0 0
0.495894 0.109643 0 0
0.351856 0.108571 0 0
-0.204918 0.107857 0 0
0.135772 0.1075 0 0
-0.0186759 0.106429 0 0
1.11091 0.000714286 0 0
1.07691 0.00157143 0 0
0.97317 0.00267857 0 0
0.843073 0.00464286 0 0
0.66098 0.00857143 0 0
0.543827 0.0146429 0 0
0.318052 0.0242857 0 0
0.0512634 0.0328571 0 0
-0.022167 0.0464286 0 0
-0.195475 0.075 0 0
-0.478231 0.128571 0 0
-0.617522 0.157143 0 0
-0.721439 0.189286 0 0
-0.817547 0.221429 0 0
-0.819302 0.25 0 0
-0.944729 0.278571 0 0
-1.04585 0.332143 0 0
-1.08575 0.385714 0 0
-1.09035 0.414286 0 0
-1.07257 0.442857 0 0
-1.08884 0.471429 0 0
-1.0412 0.5 0 0
-0.997328 0.528571 0 0
-0.961654 0.557143 0 0
-0.878698 0.585714 0 0
-0.834426 0.614286 0 0
-0.822874 0.642857 0 0
-0.802399 0.671429 0 0
-0.577218 0.7 0 0
-0.522941 0.732143 0 0
-0.496663 0.764286 0 0
-0.450251 0.792857 0 0
-0.403916 0.821429 0 0
-0.310892 0.875 0 0
-0.226416 0.928571 0 0
-0.180692 0.957143 0 0
-0.164574 0.985714 0 0
-0.092272 1.01643 0 0
-0.0615033 1.04143 0 0
-0.00657343 1.06429 0 0
0.0299139 1.08571 0 0
0.154586 1.12214 0 0
0.264363 0.991224 0 0
0.382465 0.975663 0 0
0.421011 0.950383 0 0
0.482567 0.925224 0 0
0.498389 0.900102 0 0
0.474621 0.875 0 0
0.456403 0.850071 0 0
0.404205 0.825179 0 0
0.313502 0.750357 0 0
0.254773 0.725714 0 0
0.175241 0.701071 0 0
0.0950743 0.676429 0 0
0.00561486 0.652143 0 0
-0.033403 0.628571 0 0
-0.0975991 0.607143 0 0
-0.167999 0.585714 0 0
-0.241457 0.567857 0 0
-0.26704 0.546429 0 0
-0.374336 0.525 0 0
-0.546992 0.503571 0 0
-0.564704 0.482143 0 0
-0.577143 0.460714 0 0
-0.612948 0.439286 0 0
-0.66064 0.417857 0 0
-0.727077 0.396429 0 0
-0.68494 0.375 0 0
-0.695853 0.353571 0 0
-0.723235 0.332143 0 0
-0.714728 0.310714 0 0
-0.724596 0.289286 0 0
-0.689227 0.267857 0 0
-0.648963 0.246429 0 0
-0.62312 0.225 0 0
-0.590418 0.203571 0 0
-0.492032 0.157143 0 0
-0.398437 0.135714 0 0
1.02471 0.125 0 0
0.852493 0.121929 0 0
0.68254 0.119107 0 0
-0.314657 0.114286 0 0
0.495894 0.109643 0 0
0.351856 0.108571 0 0
-0.204918 0.107857 0 0
0.135772 0.1075 0 0
-0.0186759 0.106429 0 0
1.11091 0.000714286 0 0
1.07691 0.00157143 0 0
0.97317 0.00267857 0 0
0.843073 0.00464286 0 0
0.66098 0.00857143 0 0
0.543827 0.0146429 0 0
0.318052 0.0242857 0 0
0.0512634 0.0328571 0 0
-0.022167 0.0464286 0 0
-0.195475 0.075 0 0
-0.478231 0.128571 0 0
-0.617522 0.157143 0 0
-0.721439 0.189286 0 0
-0.817547 0.221429 0 0
-0.819302 0.25 0 0
-0.944729 0.278571 0 0
-1.04585 0.332143 0 0
-1.08575 0.385714 0 0
-1.09035 0.414286 0 0
-1.07257 0.442857 0 0
-1.08884 0.471429 0 0
-1.0412 0.5 0 0
-0.997328 0.528571 0 0
-0.961654 0.557143 0 0
-0.878698 0.585714 0 0
-0.834426 0.614286 0 0
-0.822874 0.642857 0 0
-0.802399 0.671429 0 0
-0.577218 0.7 0 0
-0.522941 0.732143 0 0
-0.496663 0.764286 0 0
-0.450251 0.792857 0 0
-0.403916 0.821429 0 0
-0.310892 0.875 0 0
-0.226416 0.928571 0 0
-0.180692 0.957143 0 0
-0.164574 0.985714 0 0
-0.092272 1.01643 0 0
-0.0615033 1.04143 0 0
-0.00657343 1.06429 0 0
0.0299139 1.08571 0 0
0.154586 1.12214 0 0
0.264363 0.991224 0 0
0.382465 0.975663 0 0
0.421011 0.950383 0 0
0.482567 0.925224 0 0
0.498389 0.900102 0 0
0.474621 0.875 0 0
0.456403 0.850071 0 0
0.404205 0.825179 0 0
0.313502 0.750357 0 0
0.254773 0.725714 0 0
0.175241 0.701071 0 0
0.0950743 0.676429 0 0
0.00561486 0.652143 0 0
-0.033403 0.628571 0 0
-0.0975991 0.607143 0 0
-0.167999 0.585714 0 0
-0.241457 0.567857 0 0
-0.26704 0.546429 0 0
-0.374336 0.525 0 0
-0.546992 0.503571 0 0
-0.564704 0.482143 0 0
-0.577143 0.460714 0 0
-0.612948 0.439286 0 0
-0.66064 0.417857 0 0
-0.727077 0.396429 0 0
-0.68494 0.375 0 0
-0.695853 0.353571 0 0
-0.723235 0.332143 0 0
-0.714728 0.310714 0 0
-0.724596 0.289286 0 0
-0.689227 0.267857 0 0
-0.648963 0.246429 0 0
-0.62312 0.225 0 0
-0.590418 0.203571 0 0
-0.492032 0.157143 0 0
-0.398437 0.135714 0 0
1.02471 0.125 0 0
0.852493 0.121929 0 0
0.68254 0.119107 0 0
-0.314657 0.114286 0 0
0.495894 0.109643 0 0
0.351856 0.108571 0 0
-0.204918 0.107857 0 0
0.135772 0.1075 0 0
-0.0186759 0.106429 0 0
