0 0 0 0
0 -0.285714 0 0
0.142459 0.306829 0 0.0072
0.131423 0.000178571 0 0
0 0 0 0
1.11091 0.000714286 0 0
1.07691 0.00157143 0 0
0.97317 0.00267857 0 0
0.843073 0.00464286 0 0
0.66098 0.00857143 0 0
0.543827 0.0146429 0 0
0.318052 0.0242857 0 0
0.0512634 0.0328571 0 0
-0.022167 0.0464286 0 0
-0.195475 0.075 0 0
-0.478231 0.128571 0 0
-0.617522 0.157143 0 0
-0.721439 0.189286 0 0
-0.817547 0.221429 0 0
-0.819302 0.25 0 0
-0.944729 0.278571 0 0
-1.04585 0.332143 0 0
-1.08575 0.385714 0 0
-1.09035 0.414286 0 0
-1.07257 0.442857 0 0
-1.08884 0.471429 0 0
-1.0412 0.5 0 0
-0.997328 0.528571 0 0
-0.961654 0.557143 0 0
-0.878698 0.585714 0 0
-0.834426 0.614286 0 0
-0.822874 0.642857 0 0
-0.802399 0.671429 0 0
-0.577218 0.7 0 0
-0.522941 0.732143 0 0
-0.496663 0.764286 0 0
-0.450251 0.792857 0 0
-0.403916 0.821429 0 0
-0.310892 0.875 0 0
-0.226416 0.928571 0 0
-0.180692 0.957143 0 0
-0.164574 0.985714 0 0
-0.092272 1.01643 0 0
-0.0615033 1.04143 0 0
-0.00657343 1.06429 0 0
0.0299139 1.08571 0 0
0.154586 1.12214 0 0
0 0 0 0
1.02471 0.125 0 0
0.852493 0.121929 0 0
0.68254 0.119107 0 0
0.495894 0.109643 0 0
0.351856 0.108571 0 0
0.135772 0.1075 0 0
-0.0186759 0.106429 0 0
-0.204918 0.107857 0 0
-0.314657 0.114286 0 0
-0.398437 0.135714 0 0
-0.492032 0.157143 0 0
-0.590418 0.203571 0 0
-0.62312 0.225 0 0
-0.648963 0.246429 0 0
-0.689227 0.267857 0 0
-0.724596 0.289286 0 0
-0.714728 0.310714 0 0
-0.723235 0.332143 0 0
-0.695853 0.353571 0 0
-0.68494 0.375 0 0
-0.727077 0.396429 0 0
-0.66064 0.417857 0 0
-0.612948 0.439286 0 0
-0.577143 0.460714 0 0
-0.564704 0.482143 0 0
-0.546992 0.503571 0 0
-0.374336 0.525 0 0
-0.26704 0.546429 0 0
-0.241457 0.567857 0 0
-0.167999 0.585714 0 0
-0.0975991 0.607143 0 0
-0.033403 0.628571 0 0
0.00561486 0.652143 0 0
0.0950743 0.676429 0 0
0.175241 0.701071 0 0
0.254773 0.725714 0 0
0.313502 0.750357 0 0
0.404205 0.825179 0 0
0.456403 0.850071 0 0
0.474621 0.875 0 0
0.498389 0.900102 0 0
0.482567 0.925224 0 0
0.421011 0.950383 0 0
0.382465 0.975663 0 0
0.264363 0.991224 0 0
0 0 0 0
1.05609 0.0659694 0 0
1.0234 0.0921939 0 0
1.00374 0.119133 0 0
0.995716 0.148214 0 0
0.941936 0.180867 0 0
0.912578 0.209949 0 0
0.917059 0.239541 0 0
0.902523 0.269133 0 0
0.897597 0.298214 0 0
0.88666 0.327296 0 0
0.85819 0.359949 0 0
0.862767 0.392602 0 0
0.861759 0.421684 0 0
0.875321 0.450765 0 0
0.867686 0.479847 0 0
0.86451 0.508929 0 0
0.877592 0.52801 0 0
0.877607 0.547092 0 0
0.886689 0.566173 0 0
0.903682 0.585255 0 0
0.891492 0.604337 0 0
0.898742 0.623418 0 0
0.881056 0.6425 0 0
0.953377 0.662092 0 0
0.945191 0.681684 0 0
0.9584 0.700765 0 0
0.958385 0.719847 0 0
0.979861 0.7425 0 0
0.988352 0.765153 0 0
0.984328 0.784235 0 0
0.998285 0.803316 0 0
0.997824 0.822704 0 0
1.00736 0.841276 0 0
0.992407 0.859541 0 0
1.0147 0.877601 0 0
1.03246 0.897806 0 0
0.984392 0.888929 0 0
1.04388 0.896786 0 0
1.04771 0.903214 0 0
1.04054 0.909643 0 0
1.05786 0.916071 0 0
1.07292 0.9225 0 0
1.09346 0.928939 0 0
1.08167 0.935383 0 0
1.04148 0.934694 0 0
1.0418 0.941173 0 0
1.04654 0.947653 0 0
1.02424 0.954133 0 0
1.0091 0.960663 0 0
1.00612 0.967296 0 0
1.00312 0.974235 0 0
0.98562 0.981173 0 0
0.980433 0.988622 0 0
0.974993 0.995561 0 0
0.946219 1.0025 0 0
0.930381 1.00944 0 0
0.929872 1.01638 0 0
0.96756 1.02332 0 0
0.938097 1.03026 0 0
0.915821 1.03719 0 0
0.908812 1.04413 0 0
0.883326 1.05107 0 0
0.86682 1.05801 0 0
0.802214 1.06495 0 0
0.736443 1.07189 0 0
0.704918 1.07883 0 0
0.754283 1.08577 0 0
0.80469 1.0927 0 0
0.875714 1.09964 0 0
0.91287 1.10658 0 0
0.955601 1.10995 0 0
0.95443 1.11689 0 0
1.13911 1.12536 0 0
1.12298 1.13492 0 0
1.10314 1.14452 0 0
0.961899 1.15383 0 0
1.09506 1.16816 0 0
1.05925 1.18301 0 0
0.982713 1.19791 0 0
1.01909 1.21286 0 0
0.996741 1.2277 0 0
1.17201 1.2276 0 0
1.16704 1.24272 0 0
1.15009 1.25788 0 0
1.14166 1.27316 0 0
1.09995 1.28872 0 0
1.09326 1.30459 0 0
1.06013 1.32097 0 0
1.01717 1.33719 0 0
1.01471 1.35413 0 0
0.989598 1.37321 0 0
0.928661 1.39587 0 0
0.923305 1.41495 0 0
0.910654 1.43454 0 0
0.898425 1.45413 0 0
0.894424 1.47321 0 0
0.871946 1.5023 0 0
0.872501 1.53495 0 0
0.870207 1.5676 0 0
0.847393 1.59668 0 0
0.850053 1.62577 0 0
0.848823 1.65485 0 0
0.874959 1.68393 0 0
0.832986 1.71301 0 0
0.874151 1.74209 0 0
0.902905 1.77117 0 0
0.882102 1.80026 0 0
0.891664 1.82934 0 0
0.880103 1.85842 0 0
0.930565 1.8875 0 0
0.946223 1.91709 0 0
0 0 0 0
-0.0715159 0.738265 0 0
-0.0864766 1.05485 0 0
-0.0891089 1.375 0 0
-0.0121923 1.69515 0 0
-0.0258131 0.136735 0 0
-0.0235106 0.140816 0 0
-0.0131817 0.145204 0 0
-0.00878619 0.148776 0 0
-0.000939061 0.152041 0 0
0.00427341 0.155101 0 0
0.0220837 0.160306 0 0
0.0377661 0.141603 0 0
0.0546379 0.13938 0 0
0.0601444 0.135769 0 0
0.0689381 0.132175 0 0
0.0711984 0.128586 0 0
0.067803 0.125 0 0
0.0652004 0.121439 0 0
0.0577436 0.117883 0 0
0.044786 0.107194 0 0
0.0363961 0.103673 0 0
0.0250344 0.100153 0 0
0.013582 0.0966327 0 0
0.000802123 0.0931633 0 0
-0.00477186 0.0897959 0 0
-0.0139427 0.0867347 0 0
-0.0239999 0.0836734 0 0
-0.0344939 0.0811224 0 0
-0.0381486 0.0780613 0 0
-0.0534766 0.075 0 0
-0.0781417 0.0719387 0 0
-0.080672 0.0688776 0 0
-0.082449 0.0658163 0 0
-0.087564 0.0627551 0 0
-0.0943771 0.0596939 0 0
-0.103868 0.0566327 0 0
-0.0978486 0.0535714 0 0
-0.0994076 0.0505101 0 0
-0.103319 0.047449 0 0
-0.102104 0.0443877 0 0
-0.103514 0.0413266 0 0
-0.098461 0.0382653 0 0
-0.092709 0.0352041 0 0
-0.0890171 0.0321429 0 0
-0.0843454 0.0290816 0 0
-0.0702903 0.022449 0 0
-0.0569196 0.0193877 0 0
0.146387 0.0178571 0 0
0.121785 0.0174184 0 0
0.0975057 0.0170153 0 0
-0.044951 0.0163266 0 0
0.070842 0.0156633 0 0
0.0502651 0.0155101 0 0
-0.029274 0.0154081 0 0
0.019396 0.0153571 0 0
-0.00266799 0.0152041 0 0
0.158701 0.000102041 0 0
0.153844 0.00022449 0 0
0.139024 0.000382653 0 0
0.120439 0.000663266 0 0
0.0944257 0.00122449 0 0
0.0776896 0.00209184 0 0
0.045436 0.00346939 0 0
0.00732334 0.00469387 0 0
-0.00316671 0.00663266 0 0
-0.027925 0.0107143 0 0
-0.0683187 0.0183673 0 0
-0.0882174 0.022449 0 0
-0.103063 0.0270409 0 0
-0.116792 0.0316327 0 0
-0.117043 0.0357143 0 0
-0.134961 0.0397959 0 0
-0.149407 0.047449 0 0
-0.155107 0.055102 0 0
-0.155764 0.0591837 0 0
-0.153224 0.0632653 0 0
-0.155549 0.067347 0 0
-0.148743 0.0714286 0 0
-0.142475 0.0755101 0 0
-0.137379 0.0795919 0 0
-0.125528 0.0836734 0 0
-0.119204 0.0877551 0 0
-0.117553 0.0918367 0 0
-0.114628 0.0959184 0 0
-0.0824597 0.1 0 0
-0.0747059 0.104592 0 0
-0.0709519 0.109184 0 0
-0.0643216 0.113265 0 0
-0.0577023 0.117347 0 0
-0.0444131 0.125 0 0
-0.0323451 0.132653 0 0
-0.0258131 0.136735 0 0
-0.0235106 0.140816 0 0
-0.0131817 0.145204 0 0
-0.00878619 0.148776 0 0
-0.000939061 0.152041 0 0
0.00427341 0.155101 0 0
0.0220837 0.160306 0 0
0.0377661 0.141603 0 0
0.0546379 0.13938 0 0
0.0601444 0.135769 0 0
0.0689381 0.132175 0 0
0.0711984 0.128586 0 0
0.067803 0.125 0 0
0.0652004 0.121439 0 0
0.0577436 0.117883 0 0
0.044786 0.107194 0 0
0.0363961 0.103673 0 0
0.0250344 0.100153 0 0
0.013582 0.0966327 0 0
0.000802123 0.0931633 0 0
-0.00477186 0.0897959 0 0
-0.0139427 0.0867347 0 0
-0.0239999 0.0836734 0 0
-0.0344939 0.0811224 0 0
-0.0381486 0.0780613 0 0
-0.0534766 0.075 0 0
-0.0781417 0.0719387 0 0
-0.080672 0.0688776 0 0
-0.082449 0.0658163 0 0
-0.087564 0.0627551 0 0
-0.0943771 0.0596939 0 0
-0.103868 0.0566327 0 0
-0.0978486 0.0535714 0 0
-0.0994076 0.0505101 0 0
-0.103319 0.047449 0 0
-0.102104 0.0443877 0 0
-0.103514 0.0413266 0 0
-0.098461 0.0382653 0 0
-0.092709 0.0352041 0 0
-0.0890171 0.0321429 0 0
-0.0843454 0.0290816 0 0
-0.0702903 0.022449 0 0
-0.0569196 0.0193877 0 0
0.146387 0.0178571 0 0
0.121785 0.0174184 0 0
0.0975057 0.0170153 0 0
-0.044951 0.0163266 0 0
0.070842 0.0156633 0 0
0.0502651 0.0155101 0 0
-0.029274 0.0154081 0 0
0.019396 0.0153571 0 0
-0.00266799 0.0152041 0 0
0.158701 0.000102041 0 0
0.153844 0.00022449 0 0
0.139024 0.000382653 0 0
0.120439 0.000663266 0 0
0.0944257 0.00122449 0 0
0.0776896 0.00209184 0 0
0.045436 0.00346939 0 0
0.00732334 0.00469387 0 0
-0.00316671 0.00663266 0 0
-0.027925 0.0107143 0 0
-0.0683187 0.0183673 0 0
-0.0882174 0.022449 0 0
-0.103063 0.0270409 0 0
-0.116792 0.0316327 0 0
-0.117043 0.0357143 0 0
-0.134961 0.0397959 0 0
-0.149407 0.047449 0 0
-0.155107 0.055102 0 0
-0.155764 0.0591837 0 0
-0.153224 0.0632653 0 0
-0.155549 0.067347 0 0
-0.148743 0.0714286 0 0
-0.142475 0.0755101 0 0
-0.137379 0.0795919 0 0
-0.125528 0.0836734 0 0
-0.119204 0.0877551 0 0
-0.117553 0.0918367 0 0
-0.114628 0.0959184 0 0
-0.0824597 0.1 0 0
-0.0747059 0.104592 0 0
-0.0709519 0.109184 0 0
-0.0643216 0.113265 0 0
-0.0577023 0.117347 0 0
-0.0444131 0.125 0 0
-0.0323451 0.132653 0 0
-0.0258131 0.136735 0 0
-0.0235106 0.140816 0 0
-0.0131817 0.145204 0 0
-0.00878619 0.148776 0 0
-0.000939061 0.152041 0 0
0.00427341 0.155101 0 0
0.0220837 0.160306 0 0
0.0377661 0.141603 0 0
0.0546379 0.13938 0 0
0.0601444 0.135769 0 0
0.0689381 0.132175 0 0
0.0711984 0.128586 0 0
0.067803 0.125 0 0
0.0652004 0.121439 0 0
0.0577436 0.117883 0 0
0.044786 0.107194 0 0
0.0363961 0.103673 0 0
0.0250344 0.100153 0 0
0.013582 0.0966327 0 0
0.000802123 0.0931633 0 0
-0.00477186 0.0897959 0 0
-0.0139427 0.0867347 0 0
-0.0239999 0.0836734 0 0
-0.0344939 0.0811224 0 0
-0.0381486 0.0780613 0 0
-0.0534766 0.075 0 0
-0.0781417 0.0719387 0 0
-0.080672 0.0688776 0 0
-0.082449 0.0658163 0 0
-0.087564 0.0627551 0 0
-0.0943771 0.0596939 0 0
-0.103868 0.0566327 0 0
-0.0978486 0.0535714 0 0
-0.0994076 0.0505101 0 0
-0.103319 0.047449 0 0
-0.102104 0.0443877 0 0
-0.103514 0.0413266 0 0
-0.098461 0.0382653 0 0
-0.092709 0.0352041 0 0
-0.0890171 0.0321429 0 0
-0.0843454 0.0290816 0 0
-0.0702903 0.022449 0 0
-0.0569196 0.0193877 0 0
0.146387 0.0178571 0 0
0.121785 0.0174184 0 0
0.0975057 0.0170153 0 0
-0.044951 0.0163266 0 0
0.070842 0.0156633 0 0
0.0502651 0.0155101 0 0
-0.029274 0.0154081 0 0
0.019396 0.0153571 0 0
-0.00266799 0.0152041 0 0
7
