-0.134179 0 0 0
-0.639894 0.0005 0 0
-0.865089 0.00125 0 0
-1.13145 0.0025 0 0
-1.4849 0.005 0 0
-1.59402 0.0075 0 0
-1.7411 0.01 0 0
-1.90686 0.015 0 0
-1.77267 0.025 0 0
-1.73872 0.05 0 0
-1.64152 0.1 0 0
-1.61873 0.125 0 0
-1.60615 0.15 0 0
-1.62148 0.175 0 0
-1.4952 0.2 0 0
-1.62239 0.225 0 0
-1.62208 0.275 0 0
-1.57189 0.325 0 0
-1.54276 0.35 0 0
-1.49342 0.375 0 0
-1.47409 0.4 0 0
-1.40577 0.425 0 0
-1.36105 0.45 0 0
-1.32959 0.475 0 0
-1.14251 0.5 0 0
-0.974514 0.525 0 0
-0.909041 0.55 0 0
-0.855445 0.575 0 0
-0.788446 0.6 0 0
-0.711403 0.625 0 0
-0.658465 0.65 0 0
-0.591725 0.675 0 0
-0.524071 0.7 0 0
-0.402816 0.75 0 0
-0.289484 0.8 0 0
-0.234924 0.825 0 0
-0.210106 0.85 0 0
-0.141995 0.875 0 0
-0.109664 0.9 0 0
-0.0539875 0.925 0 0
-0.0109475 0.95 0 0
0.108076 0.99 0 0
0.142331 0.99 0 0
0.287079 0.975 0 0
0.321139 0.95 0 0
0.381536 0.925 0 0
0.400971 0.9 0 0
0.402241 0.875 0 0
0.41686 0.85 0 0
0.395083 0.825 0 0
0.350876 0.75 0 0
0.321236 0.725 0 0
0.282867 0.7 0 0
0.238308 0.675 0 0
0.19136 0.65 0 0
0.192525 0.625 0 0
0.175066 0.6 0 0
0.0291475 0.575 0 0
-0.0262262 0.55 0 0
-0.011355 0.525 0 0
-0.0404837 0.5 0 0
-0.0752537 0.475 0 0
-0.0983462 0.45 0 0
-0.109766 0.425 0 0
-0.125702 0.4 0 0
-0.157829 0.375 0 0
-0.200159 0.35 0 0
-0.117329 0.325 0 0
-0.105098 0.3 0 0
-0.103775 0.275 0 0
-0.058605 0.25 0 0
-0.0414513 0.225 0 0
0.0328 0.2 0 0
0.0813225 0.175 0 0
0.13913 0.15 0 0
0.220744 0.125 0 0
0.453654 0.075 0 0
0.624796 0.05 0 0
0.758076 0.025 0 0
0.882171 0.015 0 0
0.977083 0.01 0 0
1.02469 0.0075 0 0
1.01692 0.005 0 0
0.959419 0.0025 0 0
0.846897 0.00125 0 0
0.647533 0.0005 0 0
0.22983 0 0 0
-0.319791 0.000625 0 0
-0.839146 0.0014375 0 0
-1.08273 0.0025 0 0
-1.3698 0.004375 0 0
-1.70648 0.008125 0 0
-1.81136 0.01375 0 0
-1.94629 0.0225 0 0
-2.1092 0.030625 0 0
-1.97344 0.04375 0 0
-1.9414 0.071875 0 0
-1.82842 0.125 0 0
-1.82153 0.153125 0 0
-1.80891 0.184375 0 0
-1.81796 0.215625 0 0
-1.68804 0.24375 0 0
-1.80907 0.271875 0 0
-1.80634 0.325 0 0
-1.74761 0.378125 0 0
-1.71289 0.40625 0 0
-1.65962 0.434375 0 0
-1.6169 0.4625 0 0
-1.52759 0.490625 0 0
-1.47469 0.51875 0 0
-1.43652 0.546875 0 0
-1.24106 0.575 0 0
-1.06344 0.603125 0 0
-0.991349 0.63125 0 0
-0.929411 0.659375 0 0
-0.853955 0.6875 0 0
-0.761755 0.71875 0 0
-0.694651 0.75 0 0
-0.62109 0.778125 0 0
-0.550334 0.80625 0 0
-0.420566 0.859375 0 0
-0.303192 0.9125 0 0
-0.241672 0.940625 0 0
-0.211475 0.96875 0 0
-0.128486 0.99875 0 0
-0.0918724 1.02375 0 0
-0.0181026 1.04688 0 0
0.0291949 1.06875 0 0
0.155768 1.10563 0 0
0.142331 0.99 0 0
0.287079 0.975 0 0
0.321139 0.95 0 0
0.381536 0.925 0 0
0.400971 0.9 0 0
0.43097 0.875 0 0
0.497802 0.850062 0 0
0.500945 0.825156 0 0
0.470804 0.750312 0 0
0.448351 0.725625 0 0
0.410954 0.700938 0 0
0.360443 0.67625 0 0
0.301631 0.651875 0 0
0.287284 0.628125 0 0
0.253166 0.60625 0 0
0.0858542 0.584375 0 0
0.00136675 0.565625 0 0
0.00603625 0.54375 0 0
-0.0303184 0.521875 0 0
-0.0711538 0.5 0 0
-0.103528 0.478125 0 0
-0.117092 0.45625 0 0
-0.138674 0.434375 0 0
-0.170966 0.4125 0 0
-0.214825 0.390625 0 0
-0.142349 0.36875 0 0
-0.124826 0.346875 0 0
-0.119488 0.325 0 0
-0.0723258 0.303125 0 0
-0.0537445 0.28125 0 0
0.0233933 0.259375 0 0
0.076262 0.2375 0 0
0.137711 0.215625 0 0
0.217465 0.19375 0 0
0.457297 0.146875 0 0
0.646679 0.125 0 0
0.28011 0.109375 0 0
0.69964 0.10675 0 0
0.896283 0.104375 0 0
0.782142 0.103125 0 0
1.00328 0.09625 0 0
0.906091 0.09625 0 0
1.05708 0.095625 0 0
1.06005 0.095 0 0
1.00687 0.094375 0 0
-0.319791 0.000625 0 0
-0.839146 0.0014375 0 0
-1.08273 0.0025 0 0
-1.3698 0.004375 0 0
-1.70648 0.008125 0 0
-1.81136 0.01375 0 0
-1.94629 0.0225 0 0
-2.1092 0.030625 0 0
-1.97344 0.04375 0 0
-1.9414 0.071875 0 0
-1.82842 0.125 0 0
-1.82153 0.153125 0 0
-1.80891 0.184375 0 0
-1.81796 0.215625 0 0
-1.68804 0.24375 0 0
-1.80907 0.271875 0 0
-1.80634 0.325 0 0
-1.74761 0.378125 0 0
-1.71289 0.40625 0 0
-1.65962 0.434375 0 0
-1.6169 0.4625 0 0
-1.52759 0.490625 0 0
-1.47469 0.51875 0 0
-1.43652 0.546875 0 0
-1.24106 0.575 0 0
-1.06344 0.603125 0 0
-0.991349 0.63125 0 0
-0.929411 0.659375 0 0
-0.853955 0.6875 0 0
-0.761755 0.71875 0 0
-0.694651 0.75 0 0
-0.62109 0.778125 0 0
-0.550334 0.80625 0 0
-0.420566 0.859375 0 0
-0.303192 0.9125 0 0
-0.241672 0.940625 0 0
-0.211475 0.96875 0 0
-0.128486 0.99875 0 0
-0.0918724 1.02375 0 0
-0.0181026 1.04688 0 0
0.0291949 1.06875 0 0
0.155768 1.10563 0 0
-0.0709788 0.991016 0 0
0.115854 0.975547 0 0
0.185798 0.950313 0 0
0.276643 0.92518 0 0
0.360997 0.900078 0 0
0.43097 0.875 0 0
0.497802 0.850062 0 0
0.500945 0.825156 0 0
0.470804 0.750312 0 0
0.448351 0.725625 0 0
0.410954 0.700938 0 0
0.360443 0.67625 0 0
0.301631 0.651875 0 0
0.287284 0.628125 0 0
0.253166 0.60625 0 0
0.0858542 0.584375 0 0
0.00136675 0.565625 0 0
0.00603625 0.54375 0 0
-0.0303184 0.521875 0 0
-0.0711538 0.5 0 0
-0.103528 0.478125 0 0
-0.117092 0.45625 0 0
-0.138674 0.434375 0 0
-0.170966 0.4125 0 0
-0.214825 0.390625 0 0
-0.142349 0.36875 0 0
-0.124826 0.346875 0 0
-0.119488 0.325 0 0
-0.0723258 0.303125 0 0
-0.0537445 0.28125 0 0
0.0233933 0.259375 0 0
0.076262 0.2375 0 0
0.137711 0.215625 0 0
0.217465 0.19375 0 0
0.457297 0.146875 0 0
0.646679 0.125 0 0
0.28011 0.109375 0 0
0.69964 0.10675 0 0
0.896283 0.104375 0 0
0.782142 0.103125 0 0
1.00328 0.09625 0 0
0.906091 0.09625 0 0
1.05708 0.095625 0 0
1.06005 0.095 0 0
1.00687 0.094375 0 0
-0.319791 0.000625 0 0
-0.839146 0.0014375 0 0
-1.08273 0.0025 0 0
-1.3698 0.004375 0 0
-1.70648 0.008125 0 0
-1.81136 0.01375 0 0
-1.94629 0.0225 0 0
-2.1092 0.030625 0 0
-1.97344 0.04375 0 0
-1.9414 0.071875 0 0
-1.82842 0.125 0 0
-1.82153 0.153125 0 0
-1.80891 0.184375 0 0
-1.81796 0.215625 0 0
-1.68804 0.24375 0 0
-1.80907 0.271875 0 0
-1.80634 0.325 0 0
-1.74761 0.378125 0 0
-1.71289 0.40625 0 0
-1.65962 0.434375 0 0
-1.6169 0.4625 0 0
-1.52759 0.490625 0 0
-1.47469 0.51875 0 0
-1.43652 0.546875 0 0
-1.24106 0.575 0 0
-1.06344 0.603125 0 0
-0.991349 0.63125 0 0
-0.929411 0.659375 0 0
-0.853955 0.6875 0 0
-0.761755 0.71875 0 0
-0.694651 0.75 0 0
-0.62109 0.778125 0 0
-0.550334 0.80625 0 0
-0.420566 0.859375 0 0
-0.303192 0.9125 0 0
-0.241672 0.940625 0 0
-0.211475 0.96875 0 0
-0.128486 0.99875 0 0
-0.0918724 1.02375 0 0
-0.0181026 1.04688 0 0
0.0291949 1.06875 0 0
0.155768 1.10563 0 0
-0.0709788 0.991016 0 0
0.115854 0.975547 0 0
0.185798 0.950313 0 0
0.276643 0.92518 0 0
0.360997 0.900078 0 0
0.43097 0.875 0 0
0.497802 0.850062 0 0
0.500945 0.825156 0 0
0.470804 0.750312 0 0
0.448351 0.725625 0 0
0.410954 0.700938 0 0
0.360443 0.67625 0 0
0.301631 0.651875 0 0
0.287284 0.628125 0 0
0.253166 0.60625 0 0
0.0858542 0.584375 0 0
0.00136675 0.565625 0 0
0.00603625 0.54375 0 0
-0.0303184 0.521875 0 0
-0.0711538 0.5 0 0
-0.103528 0.478125 0 0
-0.117092 0.45625 0 0
-0.138674 0.434375 0 0
-0.170966 0.4125 0 0
-0.214825 0.390625 0 0
-0.142349 0.36875 0 0
-0.124826 0.346875 0 0
-0.119488 0.325 0 0
-0.0723258 0.303125 0 0
-0.0537445 0.28125 0 0
0.0233933 0.259375 0 0
0.076262 0.2375 0 0
0.137711 0.215625 0 0
0.217465 0.19375 0 0
0.457297 0.146875 0 0
0.646679 0.125 0 0
0.28011 0.109375 0 0
0.69964 0.10675 0 0
0.896283 0.104375 0 0
0.782142 0.103125 0 0
1.00328 0.09625 0 0
0.906091 0.09625 0 0
1.05708 0.095625 0 0
1.06005 0.095 0 0
1.00687 0.094375 0 0
-0.319791 0.000625 0 0
-0.839146 0.0014375 0 0
-1.08273 0.0025 0 0
-1.3698 0.004375 0 0
-1.70648 0.008125 0 0
-1.81136 0.01375 0 0
-1.94629 0.0225 0 0
-2.1092 0.030625 0 0
-1.97344 0.04375 0 0
-1.9414 0.071875 0 0
-1.82842 0.125 0 0
-1.82153 0.153125 0 0
-1.80891 0.184375 0 0
-1.81796 0.215625 0 0
-1.68804 0.24375 0 0
-1.80907 0.271875 0 0
-1.80634 0.325 0 0
-1.74761 0.378125 0 0
-1.71289 0.40625 0 0
-1.65962 0.434375 0 0
-1.6169 0.4625 0 0
-1.52759 0.490625 0 0
-1.47469 0.51875 0 0
-1.43652 0.546875 0 0
-1.24106 0.575 0 0
-1.06344 0.603125 0 0
-0.991349 0.63125 0 0
-0.929411 0.659375 0 0
-0.853955 0.6875 0 0
-0.761755 0.71875 0 0
-0.694651 0.75 0 0
-0.62109 0.778125 0 0
-0.550334 0.80625 0 0
-0.420566 0.859375 0 0
-0.303192 0.9125 0 0
-0.241672 0.940625 0 0
-0.211475 0.96875 0 0
-0.128486 0.99875 0 0
-0.0918724 1.02375 0 0
-0.0181026 1.04688 0 0
0.0291949 1.06875 0 0
0.155768 1.10563 0 0
-0.0709788 0.991016 0 0
0.115854 0.975547 0 0
0.185798 0.950313 0 0
0.276643 0.92518 0 0
0.360997 0.900078 0 0
0.43097 0.875 0 0
0.497802 0.850062 0 0
0.500945 0.825156 0 0
0.470804 0.750312 0 0
0.448351 0.725625 0 0
0.410954 0.700938 0 0
0.360443 0.67625 0 0
0.301631 0.651875 0 0
0.287284 0.628125 0 0
0.253166 0.60625 0 0
0.0858542 0.584375 0 0
0.00136675 0.565625 0 0
0.00603625 0.54375 0 0
-0.0303184 0.521875 0 0
-0.0711538 0.5 0 0
-0.103528 0.478125 0 0
-0.117092 0.45625 0 0
-0.138674 0.434375 0 0
-0.170966 0.4125 0 0
-0.214825 0.390625 0 0
-0.142349 0.36875 0 0
-0.124826 0.346875 0 0
-0.119488 0.325 0 0
-0.0723258 0.303125 0 0
-0.0537445 0.28125 0 0
0.0233933 0.259375 0 0
0.076262 0.2375 0 0
0.137711 0.215625 0 0
0.217465 0.19375 0 0
0.457297 0.146875 0 0
0.646679 0.125 0 0
0.28011 0.109375 0 0
0.69964 0.10675 0 0
0.896283 0.104375 0 0
0.782142 0.103125 0 0
1.00328 0.09625 0 0
0.906091 0.09625 0 0
1.05708 0.095625 0 0
1.06005 0.095 0 0
1.00687 0.094375 0 0
-0.319791 0.000625 0 0
-0.839146 0.0014375 0 0
-1.08273 0.0025 0 0
-1.3698 0.004375 0 0
-1.70648 0.008125 0 0
-1.81136 0.01375 0 0
-1.94629 0.0225 0 0
-2.1092 0.030625 0 0
-1.97344 0.04375 0 0
-1.9414 0.071875 0 0
-1.82842 0.125 0 0
-1.82153 0.153125 0 0
-1.80891 0.184375 0 0
-1.81796 0.215625 0 0
-1.68804 0.24375 0 0
-1.80907 0.271875 0 0
-1.80634 0.325 0 0
-1.74761 0.378125 0 0
-1.71289 0.40625 0 0
-1.65962 0.434375 0 0
-1.6169 0.4625 0 0
-1.52759 0.490625 0 0
-1.47469 0.51875 0 0
-1.43652 0.546875 0 0
-1.24106 0.575 0 0
-1.06344 0.603125 0 0
-0.991349 0.63125 0 0
-0.929411 0.659375 0 0
-0.853955 0.6875 0 0
-0.761755 0.71875 0 0
-0.694651 0.75 0 0
-0.62109 0.778125 0 0
-0.550334 0.80625 0 0
-0.420566 0.859375 0 0
-0.303192 0.9125 0 0
-0.241672 0.940625 0 0
-0.211475 0.96875 0 0
-0.128486 0.99875 0 0
-0.0918724 1.02375 0 0
-0.0181026 1.04688 0 0
0.0291949 1.06875 0 0
0.155768 1.10563 0 0
-0.0709788 0.991016 0 0
0.115854 0.975547 0 0
0.185798 0.950313 0 0
0.276643 0.92518 0 0
0.360997 0.900078 0 0
0.43097 0.875 0 0
0.497802 0.850062 0 0
0.500945 0.825156 0 0
0.470804 0.750312 0 0
0.448351 0.725625 0 0
0.410954 0.700938 0 0
0.360443 0.67625 0 0
0.301631 0.651875 0 0
0.287284 0.628125 0 0
0.253166 0.60625 0 0
0.0858542 0.584375 0 0
0.00136675 0.565625 0 0
0.00603625 0.54375 0 0
-0.0303184 0.521875 0 0
-0.0711538 0.5 0 0
-0.103528 0.478125 0 0
-0.117092 0.45625 0 0
-0.138674 0.434375 0 0
-0.170966 0.4125 0 0
-0.214825 0.390625 0 0
-0.142349 0.36875 0 0
-0.124826 0.346875 0 0
-0.119488 0.325 0 0
-0.0723258 0.303125 0 0
-0.0537445 0.28125 0 0
0.0233933 0.259375 0 0
0.076262 0.2375 0 0
0.137711 0.215625 0 0
0.217465 0.19375 0 0
0.457297 0.146875 0 0
0.646679 0.125 0 0
0.28011 0.109375 0 0
0.69964 0.10675 0 0
0.896283 0.104375 0 0
0.782142 0.103125 0 0
1.00328 0.09625 0 0
0.906091 0.09625 0 0
1.05708 0.095625 0 0
1.06005 0.095 0 0
1.00687 0.094375 0 0
