0 0 0 0
0 0.625 0 0
-0.0799867 1.17664 0 0.0089
-0.108136 0.00015625 0 0
0 0 0 0
-0.319791 0.000625 0 0
-0.839146 0.0014375 0 0
-1.08273 0.0025 0 0
-1.3698 0.004375 0 0
-1.70648 0.008125 0 0
-1.81136 0.01375 0 0
-1.94629 0.0225 0 0
-2.1092 0.030625 0 0
-1.97344 0.04375 0 0
-1.9414 0.071875 0 0
-1.82842 0.125 0 0
-1.82153 0.153125 0 0
-1.80891 0.184375 0 0
-1.81796 0.215625 0 0
-1.68804 0.24375 0 0
-1.80907 0.271875 0 0
-1.80634 0.325 0 0
-1.74761 0.378125 0 0
-1.71289 0.40625 0 0
-1.65962 0.434375 0 0
-1.6169 0.4625 0 0
-1.52759 0.490625 0 0
-1.47469 0.51875 0 0
-1.43652 0.546875 0 0
-1.24106 0.575 0 0
-1.06344 0.603125 0 0
-0.991349 0.63125 0 0
-0.929411 0.659375 0 0
-0.853955 0.6875 0 0
-0.761755 0.71875 0 0
-0.694651 0.75 0 0
-0.62109 0.778125 0 0
-0.550334 0.80625 0 0
-0.420566 0.859375 0 0
-0.303192 0.9125 0 0
-0.241672 0.940625 0 0
-0.211475 0.96875 0 0
-0.128486 0.99875 0 0
-0.0918724 1.02375 0 0
-0.0181026 1.04688 0 0
0.0291949 1.06875 0 0
0.155768 1.10563 0 0
0 0 0 0
0.28011 0.109375 0 0
0.69964 0.10675 0 0
0.896283 0.104375 0 0
1.00328 0.09625 0 0
1.05708 0.095625 0 0
1.06005 0.095 0 0
1.00687 0.094375 0 0
0.906091 0.09625 0 0
0.782142 0.103125 0 0
0.646679 0.125 0 0
0.457297 0.146875 0 0
0.217465 0.19375 0 0
0.137711 0.215625 0 0
0.076262 0.2375 0 0
0.0233933 0.259375 0 0
-0.0537445 0.28125 0 0
-0.0723258 0.303125 0 0
-0.119488 0.325 0 0
-0.124826 0.346875 0 0
-0.142349 0.36875 0 0
-0.214825 0.390625 0 0
-0.170966 0.4125 0 0
-0.138674 0.434375 0 0
-0.117092 0.45625 0 0
-0.103528 0.478125 0 0
-0.0711538 0.5 0 0
-0.0303184 0.521875 0 0
0.00603625 0.54375 0 0
0.00136675 0.565625 0 0
0.0858542 0.584375 0 0
0.253166 0.60625 0 0
0.287284 0.628125 0 0
0.301631 0.651875 0 0
0.360443 0.67625 0 0
0.410954 0.700938 0 0
0.448351 0.725625 0 0
0.470804 0.750312 0 0
0.500945 0.825156 0 0
0.497802 0.850062 0 0
0.43097 0.875 0 0
0.360997 0.900078 0 0
0.276643 0.92518 0 0
0.185798 0.950313 0 0
0.115854 0.975547 0 0
-0.0709788 0.991016 0 0
0 0 0 0
0.77186 0.0653125 0 0
0.756064 0.0913281 0 0
0.765622 0.117969 0 0
0.786732 0.146484 0 0
0.787814 0.178125 0 0
0.776289 0.206641 0 0
0.798931 0.235547 0 0
0.796629 0.264453 0 0
0.8048 0.292969 0 0
0.800531 0.321484 0 0
0.788337 0.353125 0 0
0.80441 0.384766 0 0
0.804742 0.413281 0 0
0.822718 0.441797 0 0
0.82836 0.470313 0 0
0.824911 0.498828 0 0
0.839692 0.517344 0 0
0.838528 0.535859 0 0
0.861942 0.554375 0 0
0.897088 0.572891 0 0
0.890264 0.591406 0 0
0.90171 0.609922 0 0
0.858053 0.628437 0 0
0.936881 0.647344 0 0
0.93334 0.66625 0 0
0.951319 0.684766 0 0
0.950158 0.703281 0 0
0.978717 0.724922 0 0
0.990189 0.746563 0 0
0.984276 0.765078 0 0
0.998909 0.783594 0 0
0.99929 0.802344 0 0
1.00985 0.820469 0 0
0.993546 0.83836 0 0
1.01895 0.856094 0 0
1.03233 0.875704 0 0
0.981218 0.87125 0 0
1.04393 0.879375 0 0
1.05285 0.88625 0 0
1.04614 0.893125 0 0
1.06415 0.9 0 0
1.06288 0.906875 0 0
1.0926 0.913758 0 0
1.08939 0.920644 0 0
1.05908 0.921289 0 0
1.0649 0.928203 0 0
1.07677 0.935117 0 0
1.05467 0.942031 0 0
1.0255 0.948984 0 0
0.979958 0.956016 0 0
0.927572 0.963281 0 0
0.848136 0.970547 0 0
0.823057 0.978203 0 0
0.832028 0.985469 0 0
0.858088 0.992734 0 0
0.907748 1 0 0
0.955421 1.00727 0 0
1.02736 1.01453 0 0
1.00843 1.0218 0 0
0.989877 1.02906 0 0
0.992001 1.03633 0 0
0.980046 1.04359 0 0
1.00543 1.05086 0 0
1.00783 1.05812 0 0
1.00266 1.06539 0 0
0.993813 1.07266 0 0
1.0234 1.07992 0 0
1.02022 1.08719 0 0
1.03038 1.09445 0 0
1.04233 1.10172 0 0
1.08982 1.10586 0 0
1.09685 1.11312 0 0
1.03286 1.12117 0 0
1.08992 1.13084 0 0
1.12333 1.14055 0 0
1.10835 1.15039 0 0
1.15589 1.16453 0 0
1.12714 1.17953 0 0
1.14612 1.19445 0 0
1.13685 1.20937 0 0
1.13025 1.2243 0 0
0.974819 1.22758 0 0
0.913807 1.24268 0 0
0.881179 1.25781 0 0
0.850875 1.27305 0 0
0.796867 1.28852 0 0
0.791164 1.30422 0 0
0.777089 1.32031 0 0
0.752516 1.33633 0 0
0.776422 1.35297 0 0
0.778922 1.37148 0 0
0.770406 1.39312 0 0
0.787153 1.41164 0 0
0.792486 1.43055 0 0
0.785821 1.44945 0 0
0.810887 1.46797 0 0
0.78526 1.49648 0 0
0.801891 1.52813 0 0
0.810147 1.55977 0 0
0.793064 1.58828 0 0
0.797543 1.6168 0 0
0.805776 1.64531 0 0
0.835975 1.67383 0 0
0.794218 1.70234 0 0
0.83746 1.73086 0 0
0.875799 1.75937 0 0
0.869429 1.78789 0 0
0.887223 1.81641 0 0
0.881312 1.84492 0 0
0.909824 1.87344 0 0
0.929673 1.90234 0 0
0 0 0 0
-0.06478 0.722266 0 0
-0.0870492 1.03828 0 0
-0.102801 1.35742 0 0
-0.0288478 1.67656 0 0
-0.030209 0.117578 0 0
-0.0264344 0.121094 0 0
-0.0160607 0.124844 0 0
-0.0114841 0.127969 0 0
-0.00226282 0.13086 0 0
0.00364936 0.133594 0 0
0.019471 0.138204 0 0
-0.00887235 0.123877 0 0
0.0144817 0.121943 0 0
0.0232247 0.118789 0 0
0.0345804 0.115648 0 0
0.0451246 0.11251 0 0
0.0538713 0.109375 0 0
0.0622253 0.106258 0 0
0.0626181 0.103145 0 0
0.0588505 0.093789 0 0
0.0560439 0.0907031 0 0
0.0513692 0.0876172 0 0
0.0450554 0.0845313 0 0
0.0377039 0.0814844 0 0
0.0359105 0.0785156 0 0
0.0316458 0.0757812 0 0
0.0107318 0.0730469 0 0
0.000170844 0.0707031 0 0
0.000754531 0.0679687 0 0
-0.0037898 0.0652344 0 0
-0.00889423 0.0625 0 0
-0.012941 0.0597656 0 0
-0.0146365 0.0570312 0 0
-0.0173342 0.0542969 0 0
-0.0213708 0.0515625 0 0
-0.0268531 0.0488281 0 0
-0.0177936 0.0460938 0 0
-0.0156033 0.0433594 0 0
-0.014936 0.040625 0 0
-0.00904072 0.0378906 0 0
-0.00671806 0.0351562 0 0
0.00292416 0.0324219 0 0
0.00953275 0.0296875 0 0
0.0172139 0.0269531 0 0
0.0271831 0.0242188 0 0
0.0571621 0.0183594 0 0
0.0808349 0.015625 0 0
0.0350138 0.0136719 0 0
0.087455 0.0133437 0 0
0.112035 0.0130469 0 0
0.0977678 0.0128906 0 0
0.12541 0.0120313 0 0
0.113261 0.0120313 0 0
0.132135 0.0119531 0 0
0.132506 0.011875 0 0
0.125859 0.0117969 0 0
-0.0399739 7.8125e-05 0 0
-0.104893 0.000179687 0 0
-0.135341 0.0003125 0 0
-0.171225 0.000546875 0 0
-0.21331 0.00101563 0 0
-0.22642 0.00171875 0 0
-0.243286 0.0028125 0 0
-0.26365 0.00382812 0 0
-0.24668 0.00546875 0 0
-0.242675 0.00898437 0 0
-0.228552 0.015625 0 0
-0.227691 0.0191406 0 0
-0.226114 0.0230469 0 0
-0.227245 0.0269531 0 0
-0.211005 0.0304687 0 0
-0.226134 0.0339844 0 0
-0.225793 0.040625 0 0
-0.218451 0.0472656 0 0
-0.214111 0.0507812 0 0
-0.207453 0.0542969 0 0
-0.202113 0.0578125 0 0
-0.190949 0.0613281 0 0
-0.184336 0.0648438 0 0
-0.179565 0.0683594 0 0
-0.155133 0.071875 0 0
-0.13293 0.0753906 0 0
-0.123919 0.0789062 0 0
-0.116176 0.0824219 0 0
-0.106744 0.0859375 0 0
-0.0952194 0.0898438 0 0
-0.0868314 0.09375 0 0
-0.0776363 0.0972656 0 0
-0.0687917 0.100781 0 0
-0.0525707 0.107422 0 0
-0.037899 0.114062 0 0
-0.030209 0.117578 0 0
-0.0264344 0.121094 0 0
-0.0160607 0.124844 0 0
-0.0114841 0.127969 0 0
-0.00226282 0.13086 0 0
0.00364936 0.133594 0 0
0.019471 0.138204 0 0
-0.00887235 0.123877 0 0
0.0144817 0.121943 0 0
0.0232247 0.118789 0 0
0.0345804 0.115648 0 0
0.0451246 0.11251 0 0
0.0538713 0.109375 0 0
0.0622253 0.106258 0 0
0.0626181 0.103145 0 0
0.0588505 0.093789 0 0
0.0560439 0.0907031 0 0
0.0513692 0.0876172 0 0
0.0450554 0.0845313 0 0
0.0377039 0.0814844 0 0
0.0359105 0.0785156 0 0
0.0316458 0.0757812 0 0
0.0107318 0.0730469 0 0
0.000170844 0.0707031 0 0
0.000754531 0.0679687 0 0
-0.0037898 0.0652344 0 0
-0.00889423 0.0625 0 0
-0.012941 0.0597656 0 0
-0.0146365 0.0570312 0 0
-0.0173342 0.0542969 0 0
-0.0213708 0.0515625 0 0
-0.0268531 0.0488281 0 0
-0.0177936 0.0460938 0 0
-0.0156033 0.0433594 0 0
-0.014936 0.040625 0 0
-0.00904072 0.0378906 0 0
-0.00671806 0.0351562 0 0
0.00292416 0.0324219 0 0
0.00953275 0.0296875 0 0
0.0172139 0.0269531 0 0
0.0271831 0.0242188 0 0
0.0571621 0.0183594 0 0
0.0808349 0.015625 0 0
0.0350138 0.0136719 0 0
0.087455 0.0133437 0 0
0.112035 0.0130469 0 0
0.0977678 0.0128906 0 0
0.12541 0.0120313 0 0
0.113261 0.0120313 0 0
0.132135 0.0119531 0 0
0.132506 0.011875 0 0
0.125859 0.0117969 0 0
-0.0399739 7.8125e-05 0 0
-0.104893 0.000179687 0 0
-0.135341 0.0003125 0 0
-0.171225 0.000546875 0 0
-0.21331 0.00101563 0 0
-0.22642 0.00171875 0 0
-0.243286 0.0028125 0 0
-0.26365 0.00382812 0 0
-0.24668 0.00546875 0 0
-0.242675 0.00898437 0 0
-0.228552 0.015625 0 0
-0.227691 0.0191406 0 0
-0.226114 0.0230469 0 0
-0.227245 0.0269531 0 0
-0.211005 0.0304687 0 0
-0.226134 0.0339844 0 0
-0.225793 0.040625 0 0
-0.218451 0.0472656 0 0
-0.214111 0.0507812 0 0
-0.207453 0.0542969 0 0
-0.202113 0.0578125 0 0
-0.190949 0.0613281 0 0
-0.184336 0.0648438 0 0
-0.179565 0.0683594 0 0
-0.155133 0.071875 0 0
-0.13293 0.0753906 0 0
-0.123919 0.0789062 0 0
-0.116176 0.0824219 0 0
-0.106744 0.0859375 0 0
-0.0952194 0.0898438 0 0
-0.0868314 0.09375 0 0
-0.0776363 0.0972656 0 0
-0.0687917 0.100781 0 0
-0.0525707 0.107422 0 0
-0.037899 0.114062 0 0
-0.030209 0.117578 0 0
-0.0264344 0.121094 0 0
-0.0160607 0.124844 0 0
-0.0114841 0.127969 0 0
-0.00226282 0.13086 0 0
0.00364936 0.133594 0 0
0.019471 0.138204 0 0
-0.00887235 0.123877 0 0
0.0144817 0.121943 0 0
0.0232247 0.118789 0 0
0.0345804 0.115648 0 0
0.0451246 0.11251 0 0
0.0538713 0.109375 0 0
0.0622253 0.106258 0 0
0.0626181 0.103145 0 0
0.0588505 0.093789 0 0
0.0560439 0.0907031 0 0
0.0513692 0.0876172 0 0
0.0450554 0.0845313 0 0
0.0377039 0.0814844 0 0
0.0359105 0.0785156 0 0
0.0316458 0.0757812 0 0
0.0107318 0.0730469 0 0
0.000170844 0.0707031 0 0
0.000754531 0.0679687 0 0
-0.0037898 0.0652344 0 0
-0.00889423 0.0625 0 0
-0.012941 0.0597656 0 0
-0.0146365 0.0570312 0 0
-0.0173342 0.0542969 0 0
-0.0213708 0.0515625 0 0
-0.0268531 0.0488281 0 0
-0.0177936 0.0460938 0 0
-0.0156033 0.0433594 0 0
-0.014936 0.040625 0 0
-0.00904072 0.0378906 0 0
-0.00671806 0.0351562 0 0
0.00292416 0.0324219 0 0
0.00953275 0.0296875 0 0
0.0172139 0.0269531 0 0
0.0271831 0.0242188 0 0
0.0571621 0.0183594 0 0
0.0808349 0.015625 0 0
0.0350138 0.0136719 0 0
0.087455 0.0133437 0 0
0.112035 0.0130469 0 0
0.0977678 0.0128906 0 0
0.12541 0.0120313 0 0
0.113261 0.0120313 0 0
0.132135 0.0119531 0 0
0.132506 0.011875 0 0
0.125859 0.0117969 0 0
8
