-0.446412 0 0 0
0.12613 0.0005 0 0
0.443352 0.00125 0 0
0.703983 0.0025 0 0
0.90298 0.005 0 0
0.968358 0.0075 0 0
1.01678 0.01 0 0
0.849243 0.015 0 0
0.938597 0.025 0 0
0.81935 0.05 0 0
0.49184 0.1 0 0
0.326215 0.125 0 0
0.198723 0.15 0 0
0.0800233 0.175 0 0
-0.0197483 0.2 0 0
-0.110803 0.225 0 0
-0.267777 0.275 0 0
-0.37722 0.325 0 0
-0.417333 0.35 0 0
-0.435788 0.375 0 0
-0.493743 0.4 0 0
-0.481215 0.425 0 0
-0.469908 0.45 0 0
-0.472362 0.475 0 0
-0.446275 0.5 0 0
-0.410113 0.525 0 0
-0.38594 0.55 0 0
-0.358015 0.575 0 0
-0.338813 0.6 0 0
-0.327368 0.625 0 0
-0.30115 0.65 0 0
-0.284327 0.675 0 0
-0.25477 0.7 0 0
-0.142948 0.75 0 0
-0.100587 0.8 0 0
-0.0770233 0.825 0 0
-0.08145 0.85 0 0
-0.0402467 0.875 0 0
-0.0382067 0.9 0 0
-0.0102833 0.925 0 0
0.00803833 0.95 0 0
0.0921433 0.99 0 0
0.16209 0.99 0 0
0.172372 0.975 0 0
0.15065 0.95 0 0
0.147378 0.925 0 0
0.132052 0.9 0 0
0.105493 0.875 0 0
0.0976617 0.85 0 0
0.0752533 0.825 0 0
0.04876 0.75 0 0
0.0240417 0.725 0 0
0.00041 0.7 0 0
-0.0327567 0.675 0 0
-0.0889433 0.65 0 0
-0.112982 0.625 0 0
-0.164332 0.6 0 0
-0.243463 0.575 0 0
-0.331182 0.55 0 0
-0.401125 0.525 0 0
-0.51479 0.5 0 0
-0.62021 0.475 0 0
-0.709428 0.45 0 0
-0.783048 0.425 0 0
-0.859388 0.4 0 0
-0.9642 0.375 0 0
-1.09162 0.35 0 0
-1.06193 0.325 0 0
-1.12812 0.3 0 0
-1.22088 0.275 0 0
-1.26944 0.25 0 0
-1.32644 0.225 0 0
-1.2689 0.2 0 0
-1.38283 0.175 0 0
-1.48233 0.15 0 0
-1.57242 0.125 0 0
-1.78464 0.075 0 0
-1.96667 0.05 0 0
-2.15975 0.025 0 0
-2.28553 0.015 0 0
-2.47602 0.01 0 0
-2.46696 0.0075 0 0
-2.25693 0.005 0 0
-2.07755 0.0025 0 0
-1.81678 0.00125 0 0
-1.52278 0.0005 0 0
-0.819413 0 0 0
-0.295915 0.000833333 0 0
0.287523 0.00175 0 0
0.612815 0.00291667 0 0
0.845524 0.005 0 0
1.05941 0.00916667 0 0
1.10492 0.0158333 0 0
1.09875 0.0266667 0 0
0.903613 0.0358333 0 0
0.971717 0.05 0 0
0.832687 0.0791667 0 0
0.488549 0.133333 0 0
0.307748 0.1625 0 0
0.154094 0.195833 0 0
0.0171533 0.229167 0 0
-0.0893038 0.258333 0 0
-0.183435 0.2875 0 0
-0.350067 0.341667 0 0
-0.457423 0.395833 0 0
-0.495651 0.425 0 0
-0.514515 0.454167 0 0
-0.568122 0.483333 0 0
-0.549567 0.5125 0 0
-0.534232 0.541667 0 0
-0.532031 0.570833 0 0
-0.502744 0.6 0 0
-0.464675 0.629167 0 0
-0.436132 0.658333 0 0
-0.405403 0.6875 0 0
-0.381275 0.716667 0 0
-0.351193 0.75 0 0
-0.317914 0.783333 0 0
-0.297164 0.8125 0 0
-0.268345 0.841667 0 0
-0.149656 0.895833 0 0
-0.106954 0.95 0 0
-0.0787372 0.979167 0 0
-0.0801103 1.00833 0 0
-0.0248894 1.04 0 0
-0.0111917 1.065 0 0
0.0184453 1.0875 0 0
0.0331467 1.10833 0 0
0.116706 1.14417 0 0
0.16209 0.99 0 0
0.172372 0.975 0 0
0.15065 0.95 0 0
0.147378 0.925 0 0
0.132052 0.9 0 0
-0.0310755 0.875 0 0
-0.156135 0.850083 0 0
-0.227543 0.825208 0 0
-0.297498 0.750417 0 0
-0.352113 0.725833 0 0
-0.41075 0.70125 0 0
-0.445427 0.676667 0 0
-0.469865 0.6525 0 0
-0.47294 0.629167 0 0
-0.49211 0.608333 0 0
-0.540903 0.5875 0 0
-0.593252 0.570833 0 0
-0.64818 0.55 0 0
-0.745262 0.529167 0 0
-0.831693 0.508333 0 0
-0.930502 0.4875 0 0
-0.994622 0.466667 0 0
-1.06287 0.445833 0 0
-1.15222 0.425 0 0
-1.26861 0.404167 0 0
-1.24387 0.383333 0 0
-1.28882 0.3625 0 0
-1.36411 0.341667 0 0
-1.39995 0.320833 0 0
-1.44468 0.3 0 0
-1.37227 0.279167 0 0
-1.46863 0.258333 0 0
-1.54918 0.2375 0 0
-1.62762 0.216667 0 0
-1.82521 0.170833 0 0
-1.99406 0.15 0 0
-0.801831 0.145833 0 0
-1.5065 0.142167 0 0
-1.80424 0.13875 0 0
-2.17858 0.129167 0 0
-2.06942 0.1275 0 0
-2.25292 0.125833 0 0
-2.46689 0.124167 0 0
-2.30035 0.123333 0 0
-2.48148 0.1225 0 0
-0.295915 0.000833333 0 0
0.287523 0.00175 0 0
0.612815 0.00291667 0 0
0.845524 0.005 0 0
1.05941 0.00916667 0 0
1.10492 0.0158333 0 0
1.09875 0.0266667 0 0
0.903613 0.0358333 0 0
0.971717 0.05 0 0
0.832687 0.0791667 0 0
0.488549 0.133333 0 0
0.307748 0.1625 0 0
0.154094 0.195833 0 0
0.0171533 0.229167 0 0
-0.0893038 0.258333 0 0
-0.183435 0.2875 0 0
-0.350067 0.341667 0 0
-0.457423 0.395833 0 0
-0.495651 0.425 0 0
-0.514515 0.454167 0 0
-0.568122 0.483333 0 0
-0.549567 0.5125 0 0
-0.534232 0.541667 0 0
-0.532031 0.570833 0 0
-0.502744 0.6 0 0
-0.464675 0.629167 0 0
-0.436132 0.658333 0 0
-0.405403 0.6875 0 0
-0.381275 0.716667 0 0
-0.351193 0.75 0 0
-0.317914 0.783333 0 0
-0.297164 0.8125 0 0
-0.268345 0.841667 0 0
-0.149656 0.895833 0 0
-0.106954 0.95 0 0
-0.0787372 0.979167 0 0
-0.0801103 1.00833 0 0
-0.0248894 1.04 0 0
-0.0111917 1.065 0 0
0.0184453 1.0875 0 0
0.0331467 1.10833 0 0
0.116706 1.14417 0 0
0.338658 0.991528 0 0
0.313292 0.975833 0 0
0.252786 0.950486 0 0
0.195299 0.925292 0 0
0.0827325 0.900139 0 0
-0.0310755 0.875 0 0
-0.156135 0.850083 0 0
-0.227543 0.825208 0 0
-0.297498 0.750417 0 0
-0.352113 0.725833 0 0
-0.41075 0.70125 0 0
-0.445427 0.676667 0 0
-0.469865 0.6525 0 0
-0.47294 0.629167 0 0
-0.49211 0.608333 0 0
-0.540903 0.5875 0 0
-0.593252 0.570833 0 0
-0.64818 0.55 0 0
-0.745262 0.529167 0 0
-0.831693 0.508333 0 0
-0.930502 0.4875 0 0
-0.994622 0.466667 0 0
-1.06287 0.445833 0 0
-1.15222 0.425 0 0
-1.26861 0.404167 0 0
-1.24387 0.383333 0 0
-1.28882 0.3625 0 0
-1.36411 0.341667 0 0
-1.39995 0.320833 0 0
-1.44468 0.3 0 0
-1.37227 0.279167 0 0
-1.46863 0.258333 0 0
-1.54918 0.2375 0 0
-1.62762 0.216667 0 0
-1.82521 0.170833 0 0
-1.99406 0.15 0 0
-0.801831 0.145833 0 0
-1.5065 0.142167 0 0
-1.80424 0.13875 0 0
-2.17858 0.129167 0 0
-2.06942 0.1275 0 0
-2.25292 0.125833 0 0
-2.46689 0.124167 0 0
-2.30035 0.123333 0 0
-2.48148 0.1225 0 0
-0.295915 0.000833333 0 0
0.287523 0.00175 0 0
0.612815 0.00291667 0 0
0.845524 0.005 0 0
1.05941 0.00916667 0 0
1.10492 0.0158333 0 0
1.09875 0.0266667 0 0
0.903613 0.0358333 0 0
0.971717 0.05 0 0
0.832687 0.0791667 0 0
0.488549 0.133333 0 0
0.307748 0.1625 0 0
0.154094 0.195833 0 0
0.0171533 0.229167 0 0
-0.0893038 0.258333 0 0
-0.183435 0.2875 0 0
-0.350067 0.341667 0 0
-0.457423 0.395833 0 0
-0.495651 0.425 0 0
-0.514515 0.454167 0 0
-0.568122 0.483333 0 0
-0.549567 0.5125 0 0
-0.534232 0.541667 0 0
-0.532031 0.570833 0 0
-0.502744 0.6 0 0
-0.464675 0.629167 0 0
-0.436132 0.658333 0 0
-0.405403 0.6875 0 0
-0.381275 0.716667 0 0
-0.351193 0.75 0 0
-0.317914 0.783333 0 0
-0.297164 0.8125 0 0
-0.268345 0.841667 0 0
-0.149656 0.895833 0 0
-0.106954 0.95 0 0
-0.0787372 0.979167 0 0
-0.0801103 1.00833 0 0
-0.0248894 1.04 0 0
-0.0111917 1.065 0 0
0.0184453 1.0875 0 0
0.0331467 1.10833 0 0
0.116706 1.14417 0 0
0.338658 0.991528 0 0
0.313292 0.975833 0 0
0.252786 0.950486 0 0
0.195299 0.925292 0 0
0.0827325 0.900139 0 0
-0.0310755 0.875 0 0
-0.156135 0.850083 0 0
-0.227543 0.825208 0 0
-0.297498 0.750417 0 0
-0.352113 0.725833 0 0
-0.41075 0.70125 0 0
-0.445427 0.676667 0 0
-0.469865 0.6525 0 0
-0.47294 0.629167 0 0
-0.49211 0.608333 0 0
-0.540903 0.5875 0 0
-0.593252 0.570833 0 0
-0.64818 0.55 0 0
-0.745262 0.529167 0 0
-0.831693 0.508333 0 0
-0.930502 0.4875 0 0
-0.994622 0.466667 0 0
-1.06287 0.445833 0 0
-1.15222 0.425 0 0
-1.26861 0.404167 0 0
-1.24387 0.383333 0 0
-1.28882 0.3625 0 0
-1.36411 0.341667 0 0
-1.39995 0.320833 0 0
-1.44468 0.3 0 0
-1.37227 0.279167 0 0
-1.46863 0.258333 0 0
-1.54918 0.2375 0 0
-1.62762 0.216667 0 0
-1.82521 0.170833 0 0
-1.99406 0.15 0 0
-0.801831 0.145833 0 0
-1.5065 0.142167 0 0
-1.80424 0.13875 0 0
-2.17858 0.129167 0 0
-2.06942 0.1275 0 0
-2.25292 0.125833 0 0
-2.46689 0.124167 0 0
-2.30035 0.123333 0 0
-2.48148 0.1225 0 0
-0.295915 0.000833333 0 0
0.287523 0.00175 0 0
0.612815 0.00291667 0 0
0.845524 0.005 0 0
1.05941 0.00916667 0 0
1.10492 0.0158333 0 0
1.09875 0.0266667 0 0
0.903613 0.0358333 0 0
0.971717 0.05 0 0
0.832687 0.0791667 0 0
0.488549 0.133333 0 0
0.307748 0.1625 0 0
0.154094 0.195833 0 0
0.0171533 0.229167 0 0
-0.0893038 0.258333 0 0
-0.183435 0.2875 0 0
-0.350067 0.341667 0 0
-0.457423 0.395833 0 0
-0.495651 0.425 0 0
-0.514515 0.454167 0 0
-0.568122 0.483333 0 0
-0.549567 0.5125 0 0
-0.534232 0.541667 0 0
-0.532031 0.570833 0 0
-0.502744 0.6 0 0
-0.464675 0.629167 0 0
-0.436132 0.658333 0 0
-0.405403 0.6875 0 0
-0.381275 0.716667 0 0
-0.351193 0.75 0 0
-0.317914 0.783333 0 0
-0.297164 0.8125 0 0
-0.268345 0.841667 0 0
-0.149656 0.895833 0 0
-0.106954 0.95 0 0
-0.0787372 0.979167 0 0
-0.0801103 1.00833 0 0
-0.0248894 1.04 0 0
-0.0111917 1.065 0 0
0.0184453 1.0875 0 0
0.0331467 1.10833 0 0
0.116706 1.14417 0 0
0.338658 0.991528 0 0
0.313292 0.975833 0 0
0.252786 0.950486 0 0
0.195299 0.925292 0 0
0.0827325 0.900139 0 0
-0.0310755 0.875 0 0
-0.156135 0.850083 0 0
-0.227543 0.825208 0 0
-0.297498 0.750417 0 0
-0.352113 0.725833 0 0
-0.41075 0.70125 0 0
-0.445427 0.676667 0 0
-0.469865 0.6525 0 0
-0.47294 0.629167 0 0
-0.49211 0.608333 0 0
-0.540903 0.5875 0 0
-0.593252 0.570833 0 0
-0.64818 0.55 0 0
-0.745262 0.529167 0 0
-0.831693 0.508333 0 0
-0.930502 0.4875 0 0
-0.994622 0.466667 0 0
-1.06287 0.445833 0 0
-1.15222 0.425 0 0
-1.26861 0.404167 0 0
-1.24387 0.383333 0 0
-1.28882 0.3625 0 0
-1.36411 0.341667 0 0
-1.39995 0.320833 0 0
-1.44468 0.3 0 0
-1.37227 0.279167 0 0
-1.46863 0.258333 0 0
-1.54918 0.2375 0 0
-1.62762 0.216667 0 0
-1.82521 0.170833 0 0
-1.99406 0.15 0 0
-0.801831 0.145833 0 0
-1.5065 0.142167 0 0
-1.80424 0.13875 0 0
-2.17858 0.129167 0 0
-2.06942 0.1275 0 0
-2.25292 0.125833 0 0
-2.46689 0.124167 0 0
-2.30035 0.123333 0 0
-2.48148 0.1225 0 0
-0.295915 0.000833333 0 0
0.287523 0.00175 0 0
0.612815 0.00291667 0 0
0.845524 0.005 0 0
1.05941 0.00916667 0 0
1.10492 0.0158333 0 0
1.09875 0.0266667 0 0
0.903613 0.0358333 0 0
0.971717 0.05 0 0
0.832687 0.0791667 0 0
0.488549 0.133333 0 0
0.307748 0.1625 0 0
0.154094 0.195833 0 0
0.0171533 0.229167 0 0
-0.0893038 0.258333 0 0
-0.183435 0.2875 0 0
-0.350067 0.341667 0 0
-0.457423 0.395833 0 0
-0.495651 0.425 0 0
-0.514515 0.454167 0 0
-0.568122 0.483333 0 0
-0.549567 0.5125 0 0
-0.534232 0.541667 0 0
-0.532031 0.570833 0 0
-0.502744 0.6 0 0
-0.464675 0.629167 0 0
-0.436132 0.658333 0 0
-0.405403 0.6875 0 0
-0.381275 0.716667 0 0
-0.351193 0.75 0 0
-0.317914 0.783333 0 0
-0.297164 0.8125 0 0
-0.268345 0.841667 0 0
-0.149656 0.895833 0 0
-0.106954 0.95 0 0
-0.0787372 0.979167 0 0
-0.0801103 1.00833 0 0
-0.0248894 1.04 0 0
-0.0111917 1.065 0 0
0.0184453 1.0875 0 0
0.0331467 1.10833 0 0
0.116706 1.14417 0 0
0.338658 0.991528 0 0
0.313292 0.975833 0 0
0.252786 0.950486 0 0
0.195299 0.925292 0 0
0.0827325 0.900139 0 0
-0.0310755 0.875 0 0
-0.156135 0.850083 0 0
-0.227543 0.825208 0 0
-0.297498 0.750417 0 0
-0.352113 0.725833 0 0
-0.41075 0.70125 0 0
-0.445427 0.676667 0 0
-0.469865 0.6525 0 0
-0.47294 0.629167 0 0
-0.49211 0.608333 0 0
-0.540903 0.5875 0 0
-0.593252 0.570833 0 0
-0.64818 0.55 0 0
-0.745262 0.529167 0 0
-0.831693 0.508333 0 0
-0.930502 0.4875 0 0
-0.994622 0.466667 0 0
-1.06287 0.445833 0 0
-1.15222 0.425 0 0
-1.26861 0.404167 0 0
-1.24387 0.383333 0 0
-1.28882 0.3625 0 0
-1.36411 0.341667 0 0
-1.39995 0.320833 0 0
-1.44468 0.3 0 0
-1.37227 0.279167 0 0
-1.46863 0.258333 0 0
-1.54918 0.2375 0 0
-1.62762 0.216667 0 0
-1.82521 0.170833 0 0
-1.99406 0.15 0 0
-0.801831 0.145833 0 0
-1.5065 0.142167 0 0
-1.80424 0.13875 0 0
-2.17858 0.129167 0 0
-2.06942 0.1275 0 0
-2.25292 0.125833 0 0
-2.46689 0.124167 0 0
-2.30035 0.123333 0 0
-2.48148 0.1225 0 0
