翼型实验数据

实验日期：2015年05月25日10:41:29
大气压(kPa)：100.1200  温度(℃)：26.00  密度： 1.16614kg/m^3
来流风速: 40.84m/s  攻角：15.00  雷诺数：2.00E+006 马赫数：0.12  弦长：0.800000
来流总压：101.0236kPa 来流静压：100.0513kPa 来流动压：972.3Pa
升力系数：1.2745 -0.0423 -0.0423   阻力系数： 0.1580

力矩系数：-0.0235 0.0000 0.0000

翼型上表面1
序号  压力(kPa)   压力系数  测压通道  坐标
000     -2.58250     -2.58537    001   0.00000
001     -2.62080     -2.62476    002   0.00050
002     -2.59650     -2.59977    003   0.00125
003     -2.58990     -2.59298    004   0.00250
004     -2.60380     -2.60728    005   0.00500
005     -2.57940     -2.58218    006   0.00750
006     -2.55150     -2.55349    007   0.01000
007     -2.76670     -2.77481    008   0.01500
008     -2.55250     -2.55451    009   0.02500
009     -2.62820     -2.63237    010   0.05000
010     -2.48070     -2.48067    012   0.10000
011     -2.26020     -2.25389    013   0.12500
012     -2.07980     -2.06835    014   0.15000
013     -1.96420     -1.94946    015   0.17500
014     -1.85270     -1.83479    016   0.20000
015     -1.72340     -1.70180    017   0.22500
016     -1.47130     -1.44252    019   0.27500
017     -1.15840     -1.12071    021   0.32500
018     -0.98630     -0.94371    022   0.35000
019     -0.79070     -0.74254    023   0.37500
020     -0.64210     -0.58971    024   0.40000
021     -0.55930     -0.50455    025   0.42500
022     -0.53170     -0.47617    026   0.45000
023     -0.52320     -0.46742    027   0.47500
024     -0.52010     -0.46423    028   0.50000
025     -0.51860     -0.46269    029   0.52500
026     -0.52240     -0.46660    030   0.55000
027     -0.52390     -0.46814    031   0.57500
028     -0.53010     -0.47452    032   0.60000
029     -0.53780     -0.48244    033   0.62500
030     -0.54060     -0.48532    034   0.65000
031     -0.54730     -0.49221    035   0.67500
032     -0.55150     -0.49653    036   0.70000
033     -0.56230     -0.50764    038   0.75000
034     -0.56880     -0.51432    040   0.80000
035     -0.57130     -0.51689    041   0.82500
036     -0.58150     -0.52738    042   0.85000
037     -0.57850     -0.52430    043   0.87500
038     -0.58230     -0.52821    044   0.90000
039     -0.58140     -0.52728    045   0.92500
040     -0.57760     -0.52337    046   0.95000
041     -0.55300     -0.49807    048   0.99000

翼型下表面1
序号  压力(kPa)   压力系数  测压通道  坐标
000     -2.27700     -2.27117    096    0.00000
001     -1.29530     -1.26151    095    0.00050
002     -0.63040     -0.57768    094    0.00125
003     -0.17330     -0.10756    093    0.00250
004     0.13800     0.21261    092    0.00500
005     0.45960     0.54337    091    0.00750
006     0.67580     0.76572    090    0.01000
007     0.89430     0.99045    089    0.01500
008     0.92410     1.02109    088    0.02500
009     0.89200     0.98808    087    0.05000
010     0.78420     0.87721    086    0.07500
011     0.56210     0.64878    084    0.12500
012     0.47000     0.55406    083    0.15000
013     0.38470     0.46633    082    0.17500
014     0.32070     0.40051    081    0.20000
015     0.23130     0.30856    080    0.22500
016     0.17110     0.24665    079    0.25000
017     0.11800     0.19204    078    0.27500
018     0.08610     0.15923    077    0.30000
019     0.05000     0.12210    076    0.32500
020     -0.01740     0.05278    075    0.35000
021     -0.02520     0.04476    074    0.37500
022     -0.03370     0.03602    073    0.40000
023     -0.04890     0.02038    072    0.42500
024     -0.05560     0.01349    071    0.45000
025     -0.05340     0.01576    070    0.47500
026     -0.03710     0.03252    069    0.50000
027     -0.01000     0.06039    068    0.52500
028     0.00290     0.07366    067    0.55000
029     0.02110     0.09238    066    0.57500
030     0.04030     0.11212    065    0.60000
031     0.05700     0.12930    064    0.62500
032     0.09050     0.16375    063    0.65000
033     0.12470     0.19893    062    0.67500
034     0.15700     0.23215    061    0.70000
035     0.17980     0.25560    060    0.72500
036     0.19260     0.26876    059    0.75000
037     0.20980     0.28645    056    0.82500
038     0.21430     0.29108    055    0.85000
039     0.18480     0.26074    054    0.87500
040     0.15450     0.22958    053    0.90000
041     0.10380     0.17743    052    0.92500
042     -0.00630     0.06420    051    0.95000
043     -0.12810     -0.06107    050    0.97500
044     -0.54480     -0.48964    049    0.99000

尾耙总压
序号  压力(kPa)   压力系数  测压通道  坐标
000     0.92570     1.02274     129    0.06250
001     0.92520     1.02223     130    0.08750
002     0.92380     1.02079     131    0.11250
003     0.92660     1.02367     132    0.13750
004     0.92470     1.02171     133    0.16250
005     0.92070     1.01760     134    0.18750
006     0.92770     1.02480     135    0.21250
007     0.92750     1.02459     136    0.23750
008     0.92440     1.02140     137    0.26250
009     0.92730     1.02439     138    0.28750
010     0.92160     1.01852     139    0.31250
011     0.92680     1.02387     140    0.33750
012     0.92650     1.02356     141    0.36250
013     0.92920     1.02634     142    0.38750
014     0.92830     1.02541     143    0.41250
015     0.92560     1.02264     144    0.43750
016     0.92700     1.02408     145    0.45250
017     0.92560     1.02264     146    0.46750
018     0.92510     1.02212     147    0.48250
019     0.92860     1.02572     148    0.49750
020     0.92510     1.02212     149    0.51250
021     0.92510     1.02212     150    0.52750
022     0.91120     1.00783     151    0.54250
023     0.92960     1.02675     152    0.55750
024     0.92290     1.01986     153    0.57250
025     0.92640     1.02346     154    0.58750
026     0.92370     1.02068     155    0.60250
027     0.92160     1.01852     156    0.61750
028     0.92040     1.01729     157    0.63250
029     0.91400     1.01071     158    0.64750
030     0.91550     1.01225     159    0.66250
031     0.88840     0.98438     160    0.67750
032     0.87680     0.97245     161    0.69250
033     0.85830     0.95342     162    0.70750
034     0.85680     0.95188     163    0.72250
035     0.84210     0.93676     164    0.73750
036     0.81880     0.91280     165    0.74750
037     0.82730     0.92154     166    0.75750
038     0.81140     0.90518     167    0.76750
039     0.79200     0.88523     168    0.77750
040     0.77580     0.86857     169    0.78750
041     0.74450     0.83638     170    0.79750
042     0.72850     0.81992     171    0.80750
043     0.71190     0.80285     172    0.81750
044     0.67570     0.76562     173    0.82750
045     0.66950     0.75924     174    0.83750
046     0.65800     0.74742     175    0.84750
047     0.63950     0.72839     176    0.85750
048     0.62880     0.71738     177    0.86750
049     0.61470     0.70288     178    0.87750
050     0.60120     0.68900     179    0.88750
051     0.57580     0.66287     180    0.89750
052     0.56950     0.65640     181    0.90750
053     0.54910     0.63541     182    0.91750
054     0.52310     0.60867     183    0.92750
055     0.49540     0.58019     184    0.93750
056     0.48230     0.56671     185    0.94750
057     0.47840     0.56270     186    0.95750
058     0.46540     0.54933     187    0.96750
059     0.45820     0.54193     188    0.97750
060     0.47460     0.55879     189    0.98750
061     0.47830     0.56260     190    0.99750
062     0.47440     0.55859     191    1.00750
063     0.47620     0.56044     192    1.01750
064     0.45760     0.54131     193    1.02750
065     0.46520     0.54913     194    1.03750
066     0.45960     0.54337     195    1.04750
067     0.47480     0.55900     196    1.05750
068     0.47500     0.55920     197    1.06750
069     0.47260     0.55674     198    1.07750
070     0.49590     0.58070     199    1.08750
071     0.50710     0.59222     200    1.09750
072     0.51580     0.60117     201    1.10750
073     0.53350     0.61937     202    1.11750
074     0.55910     0.64570     203    1.12750
075     0.57630     0.66339     204    1.13750
076     0.60370     0.69157     205    1.15250
077     0.64180     0.73075     206    1.16750
078     0.67560     0.76552     207    1.18250
079     0.70070     0.79133     208    1.19750
080     0.73830     0.83000     209    1.21250
081     0.76170     0.85407     210    1.22750
082     0.78530     0.87834     211    1.24250
083     0.80050     0.89397     212    1.25750
084     0.82430     0.91845     213    1.27250
085     0.84920     0.94406     214    1.28750
086     0.86400     0.95928     215    1.30250
087     0.87600     0.97162     216    1.31750
088     0.86300     0.95825     217    1.33250
089     0.87770     0.97337     218    1.34750
090     0.89500     0.99117     219    1.36250
091     0.90000     0.99631     220    1.37750
092     0.91220     1.00886     221    1.39250
093     0.91240     1.00906     222    1.40750
094     0.91610     1.01287     223    1.42250
095     0.91730     1.01410     224    1.43750
096     0.91860     1.01544     225    1.46250
097     0.92600     1.02305     226    1.48750
098     0.92540     1.02243     227    1.51250
099     0.92000     1.01688     228    1.53750
100     0.91910     1.01595     229    1.56250
101     0.91990     1.01677     230    1.58750
102     0.92530     1.02233     231    1.61250
103     0.89980     0.99610     232    1.63750
104     0.92250     1.01945     233    1.66250
105     0.92650     1.02356     234    1.68750
106     0.91460     1.01132     235    1.71250
107     0.91810     1.01492     236    1.73750
108     0.91610     1.01287     237    1.76250
109     0.92040     1.01729     238    1.78750
110     0.92430     1.02130     239    1.81250

尾耙静压
序号  压力(kPa)   压力系数  测压通道  坐标
000     -0.06540     0.00341      241    0.62500
001     -0.23290     -0.16886      242    0.93750
002     -0.18870     -0.12340      243    1.25000
003     -0.08510     -0.01685      244    1.56250
