翼型实验数据

实验日期：2015年05月25日10:35:16
大气压(kPa)：100.1200  温度(℃)：25.90  密度： 1.16653kg/m^3
来流风速: 41.27m/s  攻角：1.00  雷诺数：2.02E+006 马赫数：0.12  弦长：0.800000
来流总压：101.0230kPa 来流静压：100.0296kPa 来流动压：993.5Pa
升力系数：0.6865 -0.0001 -0.0001   阻力系数： 0.0081

力矩系数：-0.0997 0.0000 0.0000

翼型上表面1
序号  压力(kPa)   压力系数  测压通道  坐标
000     0.75280     0.84829    001   0.00000
001     0.51280     0.60671    002   0.00050
002     0.35470     0.44757    003   0.00125
003     0.15990     0.25148    004   0.00250
004     -0.12920     -0.03952    005   0.00500
005     -0.25260     -0.16373    006   0.00750
006     -0.45190     -0.36434    007   0.01000
007     -0.56180     -0.47497    008   0.01500
008     -0.70410     -0.61820    009   0.02500
009     -0.80670     -0.72148    010   0.05000
010     -0.97220     -0.88807    012   0.10000
011     -1.03440     -0.95068    013   0.12500
012     -1.09250     -1.00916    014   0.15000
013     -1.16100     -1.07811    015   0.17500
014     -1.17120     -1.08838    016   0.20000
015     -1.24350     -1.16115    017   0.22500
016     -1.30100     -1.21903    019   0.27500
017     -1.31250     -1.23061    021   0.32500
018     -1.31660     -1.23474    022   0.35000
019     -1.28260     -1.20051    023   0.37500
020     -1.27430     -1.19216    024   0.40000
021     -1.23390     -1.15149    025   0.42500
022     -1.18510     -1.10237    026   0.45000
023     -1.14200     -1.05899    027   0.47500
024     -1.09920     -1.01590    028   0.50000
025     -0.95720     -0.87297    029   0.52500
026     -0.85730     -0.77241    030   0.55000
027     -0.82220     -0.73708    031   0.57500
028     -0.76500     -0.67950    032   0.60000
029     -0.69070     -0.60471    033   0.62500
030     -0.65660     -0.57039    034   0.65000
031     -0.59680     -0.51020    035   0.67500
032     -0.54030     -0.45332    036   0.70000
033     -0.44150     -0.35387    038   0.75000
034     -0.34950     -0.26127    040   0.80000
035     -0.30500     -0.21648    041   0.82500
036     -0.26910     -0.18034    042   0.85000
037     -0.22240     -0.13333    043   0.87500
038     -0.19230     -0.10303    044   0.90000
039     -0.14520     -0.05562    045   0.92500
040     -0.10010     -0.01023    046   0.95000
041     0.02060     0.11127    048   0.99000

翼型下表面1
序号  压力(kPa)   压力系数  测压通道  坐标
000     0.87240     0.96868    096    0.00000
001     0.92310     1.01971    095    0.00050
002     0.89470     0.99112    094    0.00125
003     0.82430     0.92026    093    0.00250
004     0.74710     0.84255    092    0.00500
005     0.61210     0.70666    091    0.00750
006     0.49360     0.58738    090    0.01000
007     0.28080     0.37318    089    0.01500
008     0.15250     0.24404    088    0.02500
009     0.01550     0.10613    087    0.05000
010     -0.12670     -0.03700    086    0.07500
011     -0.29510     -0.20651    084    0.12500
012     -0.34850     -0.26026    083    0.15000
013     -0.39570     -0.30777    082    0.17500
014     -0.42540     -0.33767    081    0.20000
015     -0.47790     -0.39051    080    0.22500
016     -0.50430     -0.41709    079    0.25000
017     -0.50560     -0.41840    078    0.27500
018     -0.48510     -0.39776    077    0.30000
019     -0.48090     -0.39353    076    0.32500
020     -0.50960     -0.42242    075    0.35000
021     -0.47610     -0.38870    074    0.37500
022     -0.44480     -0.35720    073    0.40000
023     -0.41980     -0.33203    072    0.42500
024     -0.39280     -0.30485    071    0.45000
025     -0.36510     -0.27697    070    0.47500
026     -0.29730     -0.20873    069    0.50000
027     -0.18960     -0.10032    068    0.52500
028     -0.15900     -0.06951    067    0.55000
029     -0.11560     -0.02583    066    0.57500
030     -0.06610     0.02400    065    0.60000
031     -0.01230     0.07815    064    0.62500
032     0.02580     0.11650    063    0.65000
033     0.07010     0.16109    062    0.67500
034     0.12280     0.21414    061    0.70000
035     0.16530     0.25692    060    0.72500
036     0.19650     0.28833    059    0.75000
037     0.26440     0.35667    056    0.82500
038     0.28370     0.37610    055    0.85000
039     0.28010     0.37248    054    0.87500
040     0.27720     0.36956    053    0.90000
041     0.26410     0.35637    052    0.92500
042     0.22070     0.31268    051    0.95000
043     0.18970     0.28148    050    0.97500
044     0.08780     0.17891    049    0.99000

尾耙总压
序号  压力(kPa)   压力系数  测压通道  坐标
000     0.91950     1.01609     129    0.06250
001     0.91960     1.01619     130    0.08750
002     0.91690     1.01347     131    0.11250
003     0.92040     1.01699     132    0.13750
004     0.92150     1.01810     133    0.16250
005     0.91430     1.01085     134    0.18750
006     0.92230     1.01890     135    0.21250
007     0.92250     1.01910     136    0.23750
008     0.91970     1.01629     137    0.26250
009     0.92290     1.01951     138    0.28750
010     0.91670     1.01327     139    0.31250
011     0.92100     1.01760     140    0.33750
012     0.92110     1.01770     141    0.36250
013     0.92270     1.01931     142    0.38750
014     0.92320     1.01981     143    0.41250
015     0.91860     1.01518     144    0.43750
016     0.92220     1.01880     145    0.45250
017     0.92010     1.01669     146    0.46750
018     0.91890     1.01548     147    0.48250
019     0.92300     1.01961     148    0.49750
020     0.91950     1.01609     149    0.51250
021     0.91980     1.01639     150    0.52750
022     0.90650     1.00300     151    0.54250
023     0.92380     1.02041     152    0.55750
024     0.91660     1.01317     153    0.57250
025     0.92310     1.01971     154    0.58750
026     0.92080     1.01739     155    0.60250
027     0.92060     1.01719     156    0.61750
028     0.92140     1.01800     157    0.63250
029     0.91740     1.01397     158    0.64750
030     0.92010     1.01669     159    0.66250
031     0.91850     1.01508     160    0.67750
032     0.92000     1.01659     161    0.69250
033     0.90990     1.00642     162    0.70750
034     0.91720     1.01377     163    0.72250
035     0.91850     1.01508     164    0.73750
036     0.90380     1.00028     165    0.74750
037     0.91530     1.01186     166    0.75750
038     0.91710     1.01367     167    0.76750
039     0.91020     1.00672     168    0.77750
040     0.91580     1.01236     169    0.78750
041     0.91560     1.01216     170    0.79750
042     0.92260     1.01921     171    0.80750
043     0.91960     1.01619     172    0.81750
044     0.91400     1.01055     173    0.82750
045     0.91580     1.01236     174    0.83750
046     0.92070     1.01729     175    0.84750
047     0.91930     1.01588     176    0.85750
048     0.91500     1.01156     177    0.86750
049     0.91850     1.01508     178    0.87750
050     0.92140     1.01800     179    0.88750
051     0.91550     1.01206     180    0.89750
052     0.91800     1.01458     181    0.90750
053     0.91820     1.01478     182    0.91750
054     0.91290     1.00944     183    0.92750
055     0.91050     1.00703     184    0.93750
056     0.88670     0.98307     185    0.94750
057     0.84020     0.93626     186    0.95750
058     0.77780     0.87345     187    0.96750
059     0.74080     0.83621     188    0.97750
060     0.75400     0.84950     189    0.98750
061     0.80010     0.89590     190    0.99750
062     0.85380     0.94995     191    1.00750
063     0.90020     0.99666     192    1.01750
064     0.90550     1.00199     193    1.02750
065     0.91040     1.00693     194    1.03750
066     0.91630     1.01286     195    1.04750
067     0.91280     1.00934     196    1.05750
068     0.91510     1.01166     197    1.06750
069     0.91340     1.00994     198    1.07750
070     0.92040     1.01699     199    1.08750
071     0.91500     1.01156     200    1.09750
072     0.91150     1.00803     201    1.10750
073     0.91100     1.00753     202    1.11750
074     0.91390     1.01045     203    1.12750
075     0.91240     1.00894     204    1.13750
076     0.91660     1.01317     205    1.15250
077     0.91360     1.01015     206    1.16750
078     0.91440     1.01095     207    1.18250
079     0.91210     1.00864     208    1.19750
080     0.91160     1.00813     209    1.21250
081     0.91610     1.01266     210    1.22750
082     0.91530     1.01186     211    1.24250
083     0.91680     1.01337     212    1.25750
084     0.91690     1.01347     213    1.27250
085     0.91400     1.01055     214    1.28750
086     0.91490     1.01145     215    1.30250
087     0.91570     1.01226     216    1.31750
088     0.91460     1.01115     217    1.33250
089     0.91400     1.01055     218    1.34750
090     0.91670     1.01327     219    1.36250
091     0.90850     1.00501     220    1.37750
092     0.91430     1.01085     221    1.39250
093     0.91480     1.01135     222    1.40750
094     0.91360     1.01015     223    1.42250
095     0.91590     1.01246     224    1.43750
096     0.91580     1.01236     225    1.46250
097     0.92230     1.01890     226    1.48750
098     0.92220     1.01880     227    1.51250
099     0.91590     1.01246     228    1.53750
100     0.91460     1.01115     229    1.56250
101     0.91580     1.01236     230    1.58750
102     0.92070     1.01729     231    1.61250
103     0.89580     0.99223     232    1.63750
104     0.91840     1.01498     233    1.66250
105     0.92030     1.01689     234    1.68750
106     0.91010     1.00662     235    1.71250
107     0.91560     1.01216     236    1.73750
108     0.91220     1.00874     237    1.76250
109     0.91790     1.01447     238    1.78750
110     0.91960     1.01619     239    1.81250

尾耙静压
序号  压力(kPa)   压力系数  测压通道  坐标
000     -0.08060     0.00940      241    0.62500
001     -0.11530     -0.02553      242    0.93750
002     -0.13340     -0.04375      243    1.25000
003     -0.07930     0.01071      244    1.56250
