翼型实验数据

实验日期：2015年05月25日10:42:04
大气压(kPa)：100.1200  温度(℃)：26.00  密度： 1.16614kg/m^3
来流风速: 40.98m/s  攻角：16.00  雷诺数：2.00E+006 马赫数：0.12  弦长：0.800000
来流总压：101.0314kPa 来流静压：100.0522kPa 来流动压：979.2Pa
升力系数：1.3071 -0.0471 -0.0471   阻力系数： 0.1643

力矩系数：-0.0277 0.0000 0.0000

翼型上表面1
序号  压力(kPa)   压力系数  测压通道  坐标
000     -2.58250     -2.57974    001   0.00000
001     -2.62080     -2.61900    002   0.00050
002     -2.59650     -2.59409    003   0.00125
003     -2.58990     -2.58733    004   0.00250
004     -2.60380     -2.60157    005   0.00500
005     -2.57940     -2.57656    006   0.00750
006     -2.55150     -2.54797    007   0.01000
007     -2.76670     -2.76853    008   0.01500
008     -2.55250     -2.54900    009   0.02500
009     -2.62820     -2.62658    010   0.05000
010     -2.56410     -2.56088    012   0.10000
011     -2.31630     -2.30692    013   0.12500
012     -2.12330     -2.10911    014   0.15000
013     -1.99430     -1.97690    015   0.17500
014     -1.87550     -1.85514    016   0.20000
015     -1.72470     -1.70059    017   0.22500
016     -1.46130     -1.43063    019   0.27500
017     -1.13470     -1.09590    021   0.32500
018     -0.97000     -0.92710    022   0.35000
019     -0.77990     -0.73227    023   0.37500
020     -0.65650     -0.60579    024   0.40000
021     -0.58820     -0.53579    025   0.42500
022     -0.56720     -0.51427    026   0.45000
023     -0.56140     -0.50833    027   0.47500
024     -0.55910     -0.50597    028   0.50000
025     -0.55680     -0.50361    029   0.52500
026     -0.56020     -0.50710    030   0.55000
027     -0.56070     -0.50761    031   0.57500
028     -0.56470     -0.51171    032   0.60000
029     -0.56910     -0.51622    033   0.62500
030     -0.56960     -0.51673    034   0.65000
031     -0.57300     -0.52022    035   0.67500
032     -0.57520     -0.52247    036   0.70000
033     -0.58340     -0.53087    038   0.75000
034     -0.58840     -0.53600    040   0.80000
035     -0.59010     -0.53774    041   0.82500
036     -0.59970     -0.54758    042   0.85000
037     -0.59680     -0.54461    043   0.87500
038     -0.60040     -0.54830    044   0.90000
039     -0.60000     -0.54789    045   0.92500
040     -0.59870     -0.54656    046   0.95000
041     -0.58280     -0.53026    048   0.99000

翼型下表面1
序号  压力(kPa)   压力系数  测压通道  坐标
000     -2.57830     -2.57544    096    0.00000
001     -1.54070     -1.51201    095    0.00050
002     -0.82300     -0.77644    094    0.00125
003     -0.32840     -0.26953    093    0.00250
004     0.01320     0.08058    092    0.00500
005     0.37000     0.44626    091    0.00750
006     0.61800     0.70043    090    0.01000
007     0.88000     0.96896    089    0.01500
008     0.92890     1.01907    088    0.02500
009     0.91360     1.00339    087    0.05000
010     0.81600     0.90336    086    0.07500
011     0.59880     0.68076    084    0.12500
012     0.50740     0.58708    083    0.15000
013     0.42220     0.49976    082    0.17500
014     0.35690     0.43283    081    0.20000
015     0.26530     0.33895    080    0.22500
016     0.20410     0.27623    079    0.25000
017     0.14870     0.21945    078    0.27500
018     0.11480     0.18471    077    0.30000
019     0.07730     0.14627    076    0.32500
020     0.00770     0.07494    075    0.35000
021     -0.00230     0.06469    074    0.37500
022     -0.01230     0.05444    073    0.40000
023     -0.02970     0.03661    072    0.42500
024     -0.03780     0.02831    071    0.45000
025     -0.03760     0.02851    070    0.47500
026     -0.02390     0.04255    069    0.50000
027     0.00190     0.06900    068    0.52500
028     0.01420     0.08160    067    0.55000
029     0.03060     0.09841    066    0.57500
030     0.05020     0.11850    065    0.60000
031     0.06750     0.13623    064    0.62500
032     0.08400     0.15314    063    0.65000
033     0.12970     0.19998    062    0.67500
034     0.16280     0.23390    061    0.70000
035     0.18540     0.25706    060    0.72500
036     0.19600     0.26793    059    0.75000
037     0.21040     0.28269    056    0.82500
038     0.21460     0.28699    055    0.85000
039     0.18400     0.25563    054    0.87500
040     0.15170     0.22253    053    0.90000
041     0.09940     0.16892    052    0.92500
042     -0.01360     0.05311    051    0.95000
043     -0.14150     -0.07797    050    0.97500
044     -0.58030     -0.52770    049    0.99000

尾耙总压
序号  压力(kPa)   压力系数  测压通道  坐标
000     0.93060     1.02082     129    0.06250
001     0.92960     1.01979     130    0.08750
002     0.93040     1.02061     131    0.11250
003     0.93260     1.02287     132    0.13750
004     0.93260     1.02287     133    0.16250
005     0.92680     1.01692     134    0.18750
006     0.93560     1.02594     135    0.21250
007     0.93320     1.02348     136    0.23750
008     0.93130     1.02153     137    0.26250
009     0.93310     1.02338     138    0.28750
010     0.92910     1.01928     139    0.31250
011     0.93230     1.02256     140    0.33750
012     0.93320     1.02348     141    0.36250
013     0.93600     1.02635     142    0.38750
014     0.93490     1.02522     143    0.41250
015     0.93170     1.02194     144    0.43750
016     0.93330     1.02358     145    0.45250
017     0.93220     1.02246     146    0.46750
018     0.93090     1.02112     147    0.48250
019     0.93520     1.02553     148    0.49750
020     0.93130     1.02153     149    0.51250
021     0.93190     1.02215     150    0.52750
022     0.91810     1.00800     151    0.54250
023     0.93540     1.02574     152    0.55750
024     0.92990     1.02010     153    0.57250
025     0.93490     1.02522     154    0.58750
026     0.93240     1.02266     155    0.60250
027     0.92950     1.01969     156    0.61750
028     0.92590     1.01600     157    0.63250
029     0.90720     0.99683     158    0.64750
030     0.91130     1.00104     159    0.66250
031     0.90070     0.99017     160    0.67750
032     0.89240     0.98166     161    0.69250
033     0.87070     0.95942     162    0.70750
034     0.85810     0.94651     163    0.72250
035     0.82240     0.90992     164    0.73750
036     0.79550     0.88235     165    0.74750
037     0.78430     0.87087     166    0.75750
038     0.75230     0.83808     167    0.76750
039     0.72730     0.81245     168    0.77750
040     0.71030     0.79503     169    0.78750
041     0.67830     0.76223     170    0.79750
042     0.65480     0.73815     171    0.80750
043     0.64930     0.73251     172    0.81750
044     0.62760     0.71027     173    0.82750
045     0.62670     0.70935     174    0.83750
046     0.61420     0.69654     175    0.84750
047     0.58310     0.66466     176    0.85750
048     0.56980     0.65103     177    0.86750
049     0.55300     0.63382     178    0.87750
050     0.52410     0.60420     179    0.88750
051     0.50580     0.58544     180    0.89750
052     0.49840     0.57786     181    0.90750
053     0.47440     0.55326     182    0.91750
054     0.45650     0.53491     183    0.92750
055     0.44060     0.51862     184    0.93750
056     0.43090     0.50868     185    0.94750
057     0.42320     0.50078     186    0.95750
058     0.42020     0.49771     187    0.96750
059     0.42170     0.49925     188    0.97750
060     0.43920     0.51718     189    0.98750
061     0.44660     0.52477     190    0.99750
062     0.45100     0.52928     191    1.00750
063     0.46480     0.54342     192    1.01750
064     0.45300     0.53133     193    1.02750
065     0.45620     0.53461     194    1.03750
066     0.46780     0.54649     195    1.04750
067     0.48720     0.56638     196    1.05750
068     0.48880     0.56802     197    1.06750
069     0.49610     0.57550     198    1.07750
070     0.53260     0.61291     199    1.08750
071     0.54870     0.62941     200    1.09750
072     0.55980     0.64078     201    1.10750
073     0.58220     0.66374     202    1.11750
074     0.61100     0.69326     203    1.12750
075     0.64200     0.72503     204    1.13750
076     0.67920     0.76316     205    1.15250
077     0.70040     0.78488     206    1.16750
078     0.73380     0.81912     207    1.18250
079     0.76400     0.85007     208    1.19750
080     0.77980     0.86626     209    1.21250
081     0.80700     0.89414     210    1.22750
082     0.81610     0.90347     211    1.24250
083     0.83410     0.92191     212    1.25750
084     0.84540     0.93349     213    1.27250
085     0.85940     0.94784     214    1.28750
086     0.86230     0.95082     215    1.30250
087     0.87400     0.96281     216    1.31750
088     0.88180     0.97080     217    1.33250
089     0.89470     0.98402     218    1.34750
090     0.90360     0.99314     219    1.36250
091     0.90340     0.99294     220    1.37750
092     0.91950     1.00944     221    1.39250
093     0.92250     1.01251     222    1.40750
094     0.91970     1.00964     223    1.42250
095     0.92890     1.01907     224    1.43750
096     0.92650     1.01661     225    1.46250
097     0.93520     1.02553     226    1.48750
098     0.93420     1.02451     227    1.51250
099     0.93020     1.02041     228    1.53750
100     0.92800     1.01815     229    1.56250
101     0.92880     1.01897     230    1.58750
102     0.93320     1.02348     231    1.61250
103     0.90940     0.99909     232    1.63750
104     0.93120     1.02143     233    1.66250
105     0.93450     1.02481     234    1.68750
106     0.92330     1.01333     235    1.71250
107     0.92720     1.01733     236    1.73750
108     0.92430     1.01436     237    1.76250
109     0.93060     1.02082     238    1.78750
110     0.93260     1.02287     239    1.81250

尾耙静压
序号  压力(kPa)   压力系数  测压通道  坐标
000     -0.08720     -0.02232      241    0.62500
001     -0.22940     -0.16806      242    0.93750
002     -0.15740     -0.09427      243    1.25000
003     -0.08120     -0.01617      244    1.56250
