-4.91936 0 0 0
-5.56371 0.0005 0 0
-5.57542 0.00125 0 0
-5.57828 0.0025 0 0
-5.50979 0.005 0 0
-5.30644 0.0075 0 0
-4.95275 0.01 0 0
-4.99912 0.015 0 0
-4.57209 0.025 0 0
-3.02335 0.05 0 0
-1.84466 0.1 0 0
-1.35539 0.125 0 0
-0.940389 0.15 0 0
-0.777521 0.175 0 0
-0.686726 0.2 0 0
-0.726531 0.225 0 0
-0.727643 0.275 0 0
-0.732483 0.325 0 0
-0.72856 0.35 0 0
-0.735079 0.375 0 0
-0.764632 0.4 0 0
-0.74909 0.425 0 0
-0.750314 0.45 0 0
-0.760356 0.475 0 0
-0.761321 0.5 0 0
-0.762803 0.525 0 0
-0.777379 0.55 0 0
-0.780791 0.575 0 0
-0.790832 0.6 0 0
-0.809337 0.625 0 0
-0.80653 0.65 0 0
-0.812445 0.675 0 0
-0.813009 0.7 0 0
-0.814025 0.75 0 0
-0.80776 0.8 0 0
-0.801295 0.825 0 0
-0.826369 0.85 0 0
-0.80589 0.875 0 0
-0.807364 0.9 0 0
-0.804001 0.925 0 0
-0.805217 0.95 0 0
-0.786414 0.99 0 0
-0.818404 0.99 0 0
-0.243267 0.975 0 0
-0.080555 0.95 0 0
0.0711425 0.925 0 0
0.143396 0.9 0 0
0.184516 0.875 0 0
0.219729 0.85 0 0
0.217489 0.825 0 0
0.214636 0.75 0 0
0.201841 0.725 0 0
0.182275 0.7 0 0
0.162656 0.675 0 0
0.129994 0.65 0 0
0.146814 0.625 0 0
0.139625 0.6 0 0
0.123421 0.575 0 0
0.108595 0.55 0 0
0.127857 0.525 0 0
0.100081 0.5 0 0
0.0938688 0.475 0 0
0.114354 0.45 0 0
0.148848 0.425 0 0
0.176569 0.4 0 0
0.186455 0.375 0 0
0.186711 0.35 0 0
0.309463 0.325 0 0
0.360981 0.3 0 0
0.409999 0.275 0 0
0.499171 0.25 0 0
0.540754 0.225 0 0
0.64068 0.2 0 0
0.710134 0.175 0 0
0.780704 0.15 0 0
0.865702 0.125 0 0
1.01954 0.075 0 0
1.01969 0.05 0 0
0.906934 0.025 0 0
0.713961 0.015 0 0
0.128434 0.01 0 0
-0.298833 0.0075 0 0
-0.862814 0.005 0 0
-1.361 0.0025 0 0
-2.05069 0.00125 0 0
-2.98297 0.0005 0 0
-4.24252 0 0 0
-5.60809 0.000625 0 0
-6.22701 0.0014375 0 0
-6.19452 0.0025 0 0
-6.20317 0.004375 0 0
-6.0813 0.008125 0 0
-5.68436 0.01375 0 0
-5.18333 0.0225 0 0
-5.16854 0.030625 0 0
-4.68963 0.04375 0 0
-3.12054 0.071875 0 0
-1.9305 0.125 0 0
-1.44621 0.153125 0 0
-1.03134 0.184375 0 0
-0.869082 0.215625 0 0
-0.777796 0.24375 0 0
-0.818416 0.271875 0 0
-0.823222 0.325 0 0
-0.826119 0.378125 0 0
-0.822349 0.40625 0 0
-0.830123 0.434375 0 0
-0.859798 0.4625 0 0
-0.84444 0.490625 0 0
-0.847486 0.51875 0 0
-0.857955 0.546875 0 0
-0.860175 0.575 0 0
-0.86397 0.603125 0 0
-0.878195 0.63125 0 0
-0.882347 0.659375 0 0
-0.892459 0.6875 0 0
-0.911091 0.71875 0 0
-0.9075 0.75 0 0
-0.912607 0.778125 0 0
-0.916305 0.80625 0 0
-0.914761 0.859375 0 0
-0.908681 0.9125 0 0
-0.901795 0.940625 0 0
-0.927021 0.96875 0 0
-0.904192 0.99875 0 0
-0.909664 1.02375 0 0
-0.83441 1.04688 0 0
-0.815287 1.06875 0 0
-0.777521 1.10563 0 0
-0.818404 0.99 0 0
-0.243267 0.975 0 0
-0.080555 0.95 0 0
0.0711425 0.925 0 0
0.143396 0.9 0 0
-0.345799 0.875 0 0
-0.153143 0.850062 0 0
-0.0388475 0.825156 0 0
0.0445112 0.750312 0 0
0.0939895 0.725625 0 0
0.144921 0.700938 0 0
0.17871 0.67625 0 0
0.219239 0.651875 0 0
0.26018 0.628125 0 0
0.267086 0.60625 0 0
0.250864 0.584375 0 0
0.216808 0.565625 0 0
0.225445 0.54375 0 0
0.188848 0.521875 0 0
0.173954 0.5 0 0
0.181948 0.478125 0 0
0.211244 0.45625 0 0
0.227819 0.434375 0 0
0.231578 0.4125 0 0
0.225394 0.390625 0 0
0.332801 0.36875 0 0
0.384288 0.346875 0 0
0.43207 0.325 0 0
0.517777 0.303125 0 0
0.555048 0.28125 0 0
0.652414 0.259375 0 0
0.722644 0.2375 0 0
0.796686 0.215625 0 0
0.879277 0.19375 0 0
1.03497 0.146875 0 0
1.03715 0.125 0 0
-4.21945 0.109375 0 0
-2.95551 0.10675 0 0
-2.02351 0.104375 0 0
0.925286 0.103125 0 0
-1.33417 0.09625 0 0
0.730211 0.09625 0 0
-0.837584 0.095625 0 0
-0.276048 0.095 0 0
0.148766 0.094375 0 0
-5.60809 0.000625 0 0
-6.22701 0.0014375 0 0
-6.19452 0.0025 0 0
-6.20317 0.004375 0 0
-6.0813 0.008125 0 0
-5.68436 0.01375 0 0
-5.18333 0.0225 0 0
-5.16854 0.030625 0 0
-4.68963 0.04375 0 0
-3.12054 0.071875 0 0
-1.9305 0.125 0 0
-1.44621 0.153125 0 0
-1.03134 0.184375 0 0
-0.869082 0.215625 0 0
-0.777796 0.24375 0 0
-0.818416 0.271875 0 0
-0.823222 0.325 0 0
-0.826119 0.378125 0 0
-0.822349 0.40625 0 0
-0.830123 0.434375 0 0
-0.859798 0.4625 0 0
-0.84444 0.490625 0 0
-0.847486 0.51875 0 0
-0.857955 0.546875 0 0
-0.860175 0.575 0 0
-0.86397 0.603125 0 0
-0.878195 0.63125 0 0
-0.882347 0.659375 0 0
-0.892459 0.6875 0 0
-0.911091 0.71875 0 0
-0.9075 0.75 0 0
-0.912607 0.778125 0 0
-0.916305 0.80625 0 0
-0.914761 0.859375 0 0
-0.908681 0.9125 0 0
-0.901795 0.940625 0 0
-0.927021 0.96875 0 0
-0.904192 0.99875 0 0
-0.909664 1.02375 0 0
-0.83441 1.04688 0 0
-0.815287 1.06875 0 0
-0.777521 1.10563 0 0
-1.57857 0.991016 0 0
-1.01866 0.975547 0 0
-0.85487 0.950313 0 0
-0.707234 0.92518 0 0
-0.557615 0.900078 0 0
-0.345799 0.875 0 0
-0.153143 0.850062 0 0
-0.0388475 0.825156 0 0
0.0445112 0.750312 0 0
0.0939895 0.725625 0 0
0.144921 0.700938 0 0
0.17871 0.67625 0 0
0.219239 0.651875 0 0
0.26018 0.628125 0 0
0.267086 0.60625 0 0
0.250864 0.584375 0 0
0.216808 0.565625 0 0
0.225445 0.54375 0 0
0.188848 0.521875 0 0
0.173954 0.5 0 0
0.181948 0.478125 0 0
0.211244 0.45625 0 0
0.227819 0.434375 0 0
0.231578 0.4125 0 0
0.225394 0.390625 0 0
0.332801 0.36875 0 0
0.384288 0.346875 0 0
0.43207 0.325 0 0
0.517777 0.303125 0 0
0.555048 0.28125 0 0
0.652414 0.259375 0 0
0.722644 0.2375 0 0
0.796686 0.215625 0 0
0.879277 0.19375 0 0
1.03497 0.146875 0 0
1.03715 0.125 0 0
-4.21945 0.109375 0 0
-2.95551 0.10675 0 0
-2.02351 0.104375 0 0
0.925286 0.103125 0 0
-1.33417 0.09625 0 0
0.730211 0.09625 0 0
-0.837584 0.095625 0 0
-0.276048 0.095 0 0
0.148766 0.094375 0 0
-5.60809 0.000625 0 0
-6.22701 0.0014375 0 0
-6.19452 0.0025 0 0
-6.20317 0.004375 0 0
-6.0813 0.008125 0 0
-5.68436 0.01375 0 0
-5.18333 0.0225 0 0
-5.16854 0.030625 0 0
-4.68963 0.04375 0 0
-3.12054 0.071875 0 0
-1.9305 0.125 0 0
-1.44621 0.153125 0 0
-1.03134 0.184375 0 0
-0.869082 0.215625 0 0
-0.777796 0.24375 0 0
-0.818416 0.271875 0 0
-0.823222 0.325 0 0
-0.826119 0.378125 0 0
-0.822349 0.40625 0 0
-0.830123 0.434375 0 0
-0.859798 0.4625 0 0
-0.84444 0.490625 0 0
-0.847486 0.51875 0 0
-0.857955 0.546875 0 0
-0.860175 0.575 0 0
-0.86397 0.603125 0 0
-0.878195 0.63125 0 0
-0.882347 0.659375 0 0
-0.892459 0.6875 0 0
-0.911091 0.71875 0 0
-0.9075 0.75 0 0
-0.912607 0.778125 0 0
-0.916305 0.80625 0 0
-0.914761 0.859375 0 0
-0.908681 0.9125 0 0
-0.901795 0.940625 0 0
-0.927021 0.96875 0 0
-0.904192 0.99875 0 0
-0.909664 1.02375 0 0
-0.83441 1.04688 0 0
-0.815287 1.06875 0 0
-0.777521 1.10563 0 0
-1.57857 0.991016 0 0
-1.01866 0.975547 0 0
-0.85487 0.950313 0 0
-0.707234 0.92518 0 0
-0.557615 0.900078 0 0
-0.345799 0.875 0 0
-0.153143 0.850062 0 0
-0.0388475 0.825156 0 0
0.0445112 0.750312 0 0
0.0939895 0.725625 0 0
0.144921 0.700938 0 0
0.17871 0.67625 0 0
0.219239 0.651875 0 0
0.26018 0.628125 0 0
0.267086 0.60625 0 0
0.250864 0.584375 0 0
0.216808 0.565625 0 0
0.225445 0.54375 0 0
0.188848 0.521875 0 0
0.173954 0.5 0 0
0.181948 0.478125 0 0
0.211244 0.45625 0 0
0.227819 0.434375 0 0
0.231578 0.4125 0 0
0.225394 0.390625 0 0
0.332801 0.36875 0 0
0.384288 0.346875 0 0
0.43207 0.325 0 0
0.517777 0.303125 0 0
0.555048 0.28125 0 0
0.652414 0.259375 0 0
0.722644 0.2375 0 0
0.796686 0.215625 0 0
0.879277 0.19375 0 0
1.03497 0.146875 0 0
1.03715 0.125 0 0
-4.21945 0.109375 0 0
-2.95551 0.10675 0 0
-2.02351 0.104375 0 0
0.925286 0.103125 0 0
-1.33417 0.09625 0 0
0.730211 0.09625 0 0
-0.837584 0.095625 0 0
-0.276048 0.095 0 0
0.148766 0.094375 0 0
-5.60809 0.000625 0 0
-6.22701 0.0014375 0 0
-6.19452 0.0025 0 0
-6.20317 0.004375 0 0
-6.0813 0.008125 0 0
-5.68436 0.01375 0 0
-5.18333 0.0225 0 0
-5.16854 0.030625 0 0
-4.68963 0.04375 0 0
-3.12054 0.071875 0 0
-1.9305 0.125 0 0
-1.44621 0.153125 0 0
-1.03134 0.184375 0 0
-0.869082 0.215625 0 0
-0.777796 0.24375 0 0
-0.818416 0.271875 0 0
-0.823222 0.325 0 0
-0.826119 0.378125 0 0
-0.822349 0.40625 0 0
-0.830123 0.434375 0 0
-0.859798 0.4625 0 0
-0.84444 0.490625 0 0
-0.847486 0.51875 0 0
-0.857955 0.546875 0 0
-0.860175 0.575 0 0
-0.86397 0.603125 0 0
-0.878195 0.63125 0 0
-0.882347 0.659375 0 0
-0.892459 0.6875 0 0
-0.911091 0.71875 0 0
-0.9075 0.75 0 0
-0.912607 0.778125 0 0
-0.916305 0.80625 0 0
-0.914761 0.859375 0 0
-0.908681 0.9125 0 0
-0.901795 0.940625 0 0
-0.927021 0.96875 0 0
-0.904192 0.99875 0 0
-0.909664 1.02375 0 0
-0.83441 1.04688 0 0
-0.815287 1.06875 0 0
-0.777521 1.10563 0 0
-1.57857 0.991016 0 0
-1.01866 0.975547 0 0
-0.85487 0.950313 0 0
-0.707234 0.92518 0 0
-0.557615 0.900078 0 0
-0.345799 0.875 0 0
-0.153143 0.850062 0 0
-0.0388475 0.825156 0 0
0.0445112 0.750312 0 0
0.0939895 0.725625 0 0
0.144921 0.700938 0 0
0.17871 0.67625 0 0
0.219239 0.651875 0 0
0.26018 0.628125 0 0
0.267086 0.60625 0 0
0.250864 0.584375 0 0
0.216808 0.565625 0 0
0.225445 0.54375 0 0
0.188848 0.521875 0 0
0.173954 0.5 0 0
0.181948 0.478125 0 0
0.211244 0.45625 0 0
0.227819 0.434375 0 0
0.231578 0.4125 0 0
0.225394 0.390625 0 0
0.332801 0.36875 0 0
0.384288 0.346875 0 0
0.43207 0.325 0 0
0.517777 0.303125 0 0
0.555048 0.28125 0 0
0.652414 0.259375 0 0
0.722644 0.2375 0 0
0.796686 0.215625 0 0
0.879277 0.19375 0 0
1.03497 0.146875 0 0
1.03715 0.125 0 0
-4.21945 0.109375 0 0
-2.95551 0.10675 0 0
-2.02351 0.104375 0 0
0.925286 0.103125 0 0
-1.33417 0.09625 0 0
0.730211 0.09625 0 0
-0.837584 0.095625 0 0
-0.276048 0.095 0 0
0.148766 0.094375 0 0
-5.60809 0.000625 0 0
-6.22701 0.0014375 0 0
-6.19452 0.0025 0 0
-6.20317 0.004375 0 0
-6.0813 0.008125 0 0
-5.68436 0.01375 0 0
-5.18333 0.0225 0 0
-5.16854 0.030625 0 0
-4.68963 0.04375 0 0
-3.12054 0.071875 0 0
-1.9305 0.125 0 0
-1.44621 0.153125 0 0
-1.03134 0.184375 0 0
-0.869082 0.215625 0 0
-0.777796 0.24375 0 0
-0.818416 0.271875 0 0
-0.823222 0.325 0 0
-0.826119 0.378125 0 0
-0.822349 0.40625 0 0
-0.830123 0.434375 0 0
-0.859798 0.4625 0 0
-0.84444 0.490625 0 0
-0.847486 0.51875 0 0
-0.857955 0.546875 0 0
-0.860175 0.575 0 0
-0.86397 0.603125 0 0
-0.878195 0.63125 0 0
-0.882347 0.659375 0 0
-0.892459 0.6875 0 0
-0.911091 0.71875 0 0
-0.9075 0.75 0 0
-0.912607 0.778125 0 0
-0.916305 0.80625 0 0
-0.914761 0.859375 0 0
-0.908681 0.9125 0 0
-0.901795 0.940625 0 0
-0.927021 0.96875 0 0
-0.904192 0.99875 0 0
-0.909664 1.02375 0 0
-0.83441 1.04688 0 0
-0.815287 1.06875 0 0
-0.777521 1.10563 0 0
-1.57857 0.991016 0 0
-1.01866 0.975547 0 0
-0.85487 0.950313 0 0
-0.707234 0.92518 0 0
-0.557615 0.900078 0 0
-0.345799 0.875 0 0
-0.153143 0.850062 0 0
-0.0388475 0.825156 0 0
0.0445112 0.750312 0 0
0.0939895 0.725625 0 0
0.144921 0.700938 0 0
0.17871 0.67625 0 0
0.219239 0.651875 0 0
0.26018 0.628125 0 0
0.267086 0.60625 0 0
0.250864 0.584375 0 0
0.216808 0.565625 0 0
0.225445 0.54375 0 0
0.188848 0.521875 0 0
0.173954 0.5 0 0
0.181948 0.478125 0 0
0.211244 0.45625 0 0
0.227819 0.434375 0 0
0.231578 0.4125 0 0
0.225394 0.390625 0 0
0.332801 0.36875 0 0
0.384288 0.346875 0 0
0.43207 0.325 0 0
0.517777 0.303125 0 0
0.555048 0.28125 0 0
0.652414 0.259375 0 0
0.722644 0.2375 0 0
0.796686 0.215625 0 0
0.879277 0.19375 0 0
1.03497 0.146875 0 0
1.03715 0.125 0 0
-4.21945 0.109375 0 0
-2.95551 0.10675 0 0
-2.02351 0.104375 0 0
0.925286 0.103125 0 0
-1.33417 0.09625 0 0
0.730211 0.09625 0 0
-0.837584 0.095625 0 0
-0.276048 0.095 0 0
0.148766 0.094375 0 0
