0 0 0 0
0 3.125 0 0
-0.695464 1.37003 0 0.28445
-0.696928 0.00015625 0 0
0 0 0 0
-5.60809 0.000625 0 0
-6.22701 0.0014375 0 0
-6.19452 0.0025 0 0
-6.20317 0.004375 0 0
-6.0813 0.008125 0 0
-5.68436 0.01375 0 0
-5.18333 0.0225 0 0
-5.16854 0.030625 0 0
-4.68963 0.04375 0 0
-3.12054 0.071875 0 0
-1.9305 0.125 0 0
-1.44621 0.153125 0 0
-1.03134 0.184375 0 0
-0.869082 0.215625 0 0
-0.777796 0.24375 0 0
-0.818416 0.271875 0 0
-0.823222 0.325 0 0
-0.826119 0.378125 0 0
-0.822349 0.40625 0 0
-0.830123 0.434375 0 0
-0.859798 0.4625 0 0
-0.84444 0.490625 0 0
-0.847486 0.51875 0 0
-0.857955 0.546875 0 0
-0.860175 0.575 0 0
-0.86397 0.603125 0 0
-0.878195 0.63125 0 0
-0.882347 0.659375 0 0
-0.892459 0.6875 0 0
-0.911091 0.71875 0 0
-0.9075 0.75 0 0
-0.912607 0.778125 0 0
-0.916305 0.80625 0 0
-0.914761 0.859375 0 0
-0.908681 0.9125 0 0
-0.901795 0.940625 0 0
-0.927021 0.96875 0 0
-0.904192 0.99875 0 0
-0.909664 1.02375 0 0
-0.83441 1.04688 0 0
-0.815287 1.06875 0 0
-0.777521 1.10563 0 0
0 0 0 0
-4.21945 0.109375 0 0
-2.95551 0.10675 0 0
-2.02351 0.104375 0 0
-1.33417 0.09625 0 0
-0.837584 0.095625 0 0
-0.276048 0.095 0 0
0.148766 0.094375 0 0
0.730211 0.09625 0 0
0.925286 0.103125 0 0
1.03715 0.125 0 0
1.03497 0.146875 0 0
0.879277 0.19375 0 0
0.796686 0.215625 0 0
0.722644 0.2375 0 0
0.652414 0.259375 0 0
0.555048 0.28125 0 0
0.517777 0.303125 0 0
0.43207 0.325 0 0
0.384288 0.346875 0 0
0.332801 0.36875 0 0
0.225394 0.390625 0 0
0.231578 0.4125 0 0
0.227819 0.434375 0 0
0.211244 0.45625 0 0
0.181948 0.478125 0 0
0.173954 0.5 0 0
0.188848 0.521875 0 0
0.225445 0.54375 0 0
0.216808 0.565625 0 0
0.250864 0.584375 0 0
0.267086 0.60625 0 0
0.26018 0.628125 0 0
0.219239 0.651875 0 0
0.17871 0.67625 0 0
0.144921 0.700938 0 0
0.0939895 0.725625 0 0
0.0445112 0.750312 0 0
-0.0388475 0.825156 0 0
-0.153143 0.850062 0 0
-0.345799 0.875 0 0
-0.557615 0.900078 0 0
-0.707234 0.92518 0 0
-0.85487 0.950313 0 0
-1.01866 0.975547 0 0
-1.57857 0.991016 0 0
0 0 0 0
0.366066 0.0653125 0 0
0.374487 0.0913281 0 0
0.427981 0.117969 0 0
0.641349 0.146484 0 0
0.779208 0.178125 0 0
0.825779 0.206641 0 0
0.898881 0.235547 0 0
0.915592 0.264453 0 0
0.922214 0.292969 0 0
0.927885 0.321484 0 0
0.912409 0.353125 0 0
0.923418 0.384766 0 0
0.922564 0.413281 0 0
0.930001 0.441797 0 0
0.927975 0.470313 0 0
0.914706 0.498828 0 0
0.923144 0.517344 0 0
0.915662 0.535859 0 0
0.912587 0.554375 0 0
0.926635 0.572891 0 0
0.908904 0.591406 0 0
0.909148 0.609922 0 0
0.851228 0.628437 0 0
0.918191 0.647344 0 0
0.900401 0.66625 0 0
0.899899 0.684766 0 0
0.887784 0.703281 0 0
0.879626 0.724922 0 0
0.866337 0.746563 0 0
0.831064 0.765078 0 0
0.816995 0.783594 0 0
0.786883 0.802344 0 0
0.772692 0.820469 0 0
0.737671 0.83836 0 0
0.719633 0.856094 0 0
0.691109 0.875704 0 0
0.610554 0.87125 0 0
0.708149 0.879375 0 0
0.670259 0.88625 0 0
0.644159 0.893125 0 0
0.664177 0.9 0 0
0.554841 0.906875 0 0
0.535705 0.913758 0 0
0.523205 0.920644 0 0
0.440386 0.921289 0 0
0.444417 0.928203 0 0
0.406805 0.935117 0 0
0.385176 0.942031 0 0
0.402537 0.948984 0 0
0.284014 0.956016 0 0
0.285676 0.963281 0 0
0.26883 0.970547 0 0
0.243939 0.978203 0 0
0.189352 0.985469 0 0
0.115688 0.992734 0 0
0.104807 1 0 0
0.0432073 1.00727 0 0
0.0802805 1.01453 0 0
0.0626124 1.0218 0 0
-0.0080465 1.02906 0 0
-0.0244357 1.03633 0 0
-0.0556899 1.04359 0 0
0.001366 1.05086 0 0
-0.0174712 1.05812 0 0
0.0415859 1.06539 0 0
-0.00218525 1.07266 0 0
0.0293068 1.07992 0 0
-0.010487 1.08719 0 0
0.014737 1.09445 0 0
0.0424309 1.10172 0 0
0.0711425 1.10586 0 0
0.0463775 1.11312 0 0
-0.604949 1.12117 0 0
-0.429726 1.13084 0 0
-0.31107 1.14055 0 0
0.0849458 1.15039 0 0
-0.149299 1.16453 0 0
0.127063 1.17953 0 0
-0.0260455 1.19445 0 0
0.0607252 1.20937 0 0
0.178821 1.2243 0 0
-0.476285 1.22758 0 0
-0.499141 1.24268 0 0
-0.456749 1.25781 0 0
-0.411616 1.27305 0 0
-0.349775 1.28852 0 0
-0.254925 1.30422 0 0
-0.125871 1.32031 0 0
-0.0898475 1.33633 0 0
0.0260225 1.35297 0 0
0.276759 1.37148 0 0
0.419348 1.39312 0 0
0.552509 1.41164 0 0
0.650775 1.43055 0 0
0.704132 1.44945 0 0
0.759665 1.46797 0 0
0.798942 1.49648 0 0
0.842688 1.52813 0 0
0.863441 1.55977 0 0
0.86541 1.58828 0 0
0.876853 1.6168 0 0
0.889182 1.64531 0 0
0.918663 1.67383 0 0
0.867272 1.70234 0 0
0.914568 1.73086 0 0
0.932028 1.75937 0 0
0.901739 1.78789 0 0
0.909186 1.81641 0 0
0.89517 1.84492 0 0
0.910566 1.87344 0 0
0.918734 1.90234 0 0
0 0 0 0
-0.26565 0.722266 0 0
-0.472274 1.03828 0 0
-0.456409 1.35742 0 0
-0.297946 1.67656 0 0
-0.112724 0.117578 0 0
-0.115878 0.121094 0 0
-0.113024 0.124844 0 0
-0.113708 0.127969 0 0
-0.104301 0.13086 0 0
-0.101911 0.133594 0 0
-0.0971901 0.138204 0 0
-0.197321 0.123877 0 0
-0.127332 0.121943 0 0
-0.106859 0.118789 0 0
-0.0884043 0.115648 0 0
-0.0697019 0.11251 0 0
-0.0432249 0.109375 0 0
-0.0191429 0.106258 0 0
-0.00485594 0.103145 0 0
0.0055639 0.093789 0 0
0.0117487 0.0907031 0 0
0.0181151 0.0876172 0 0
0.0223388 0.0845313 0 0
0.0274049 0.0814844 0 0
0.0325225 0.0785156 0 0
0.0333857 0.0757812 0 0
0.031358 0.0730469 0 0
0.027101 0.0707031 0 0
0.0281806 0.0679687 0 0
0.023606 0.0652344 0 0
0.0217442 0.0625 0 0
0.0227435 0.0597656 0 0
0.0264055 0.0570312 0 0
0.0284774 0.0542969 0 0
0.0289473 0.0515625 0 0
0.0281743 0.0488281 0 0
0.0416001 0.0460938 0 0
0.048036 0.0433594 0 0
0.0540088 0.040625 0 0
0.0647221 0.0378906 0 0
0.069381 0.0351562 0 0
0.0815518 0.0324219 0 0
0.0903305 0.0296875 0 0
0.0995858 0.0269531 0 0
0.10991 0.0242188 0 0
0.129371 0.0183594 0 0
0.129644 0.015625 0 0
-0.527431 0.0136719 0 0
-0.369439 0.0133437 0 0
-0.252939 0.0130469 0 0
0.115661 0.0128906 0 0
-0.166771 0.0120313 0 0
0.0912764 0.0120313 0 0
-0.104698 0.0119531 0 0
-0.034506 0.011875 0 0
0.0185958 0.0117969 0 0
-0.701011 7.8125e-05 0 0
-0.778376 0.000179687 0 0
-0.774315 0.0003125 0 0
-0.775396 0.000546875 0 0
-0.760162 0.00101563 0 0
-0.710545 0.00171875 0 0
-0.647916 0.0028125 0 0
-0.646068 0.00382812 0 0
-0.586204 0.00546875 0 0
-0.390068 0.00898437 0 0
-0.241313 0.015625 0 0
-0.180776 0.0191406 0 0
-0.128917 0.0230469 0 0
-0.108635 0.0269531 0 0
-0.0972245 0.0304687 0 0
-0.102302 0.0339844 0 0
-0.102903 0.040625 0 0
-0.103265 0.0472656 0 0
-0.102794 0.0507812 0 0
-0.103765 0.0542969 0 0
-0.107475 0.0578125 0 0
-0.105555 0.0613281 0 0
-0.105936 0.0648438 0 0
-0.107244 0.0683594 0 0
-0.107522 0.071875 0 0
-0.107996 0.0753906 0 0
-0.109774 0.0789062 0 0
-0.110293 0.0824219 0 0
-0.111557 0.0859375 0 0
-0.113886 0.0898438 0 0
-0.113437 0.09375 0 0
-0.114076 0.0972656 0 0
-0.114538 0.100781 0 0
-0.114345 0.107422 0 0
-0.113585 0.114062 0 0
-0.112724 0.117578 0 0
-0.115878 0.121094 0 0
-0.113024 0.124844 0 0
-0.113708 0.127969 0 0
-0.104301 0.13086 0 0
-0.101911 0.133594 0 0
-0.0971901 0.138204 0 0
-0.197321 0.123877 0 0
-0.127332 0.121943 0 0
-0.106859 0.118789 0 0
-0.0884043 0.115648 0 0
-0.0697019 0.11251 0 0
-0.0432249 0.109375 0 0
-0.0191429 0.106258 0 0
-0.00485594 0.103145 0 0
0.0055639 0.093789 0 0
0.0117487 0.0907031 0 0
0.0181151 0.0876172 0 0
0.0223388 0.0845313 0 0
0.0274049 0.0814844 0 0
0.0325225 0.0785156 0 0
0.0333857 0.0757812 0 0
0.031358 0.0730469 0 0
0.027101 0.0707031 0 0
0.0281806 0.0679687 0 0
0.023606 0.0652344 0 0
0.0217442 0.0625 0 0
0.0227435 0.0597656 0 0
0.0264055 0.0570312 0 0
0.0284774 0.0542969 0 0
0.0289473 0.0515625 0 0
0.0281743 0.0488281 0 0
0.0416001 0.0460938 0 0
0.048036 0.0433594 0 0
0.0540088 0.040625 0 0
0.0647221 0.0378906 0 0
0.069381 0.0351562 0 0
0.0815518 0.0324219 0 0
0.0903305 0.0296875 0 0
0.0995858 0.0269531 0 0
0.10991 0.0242188 0 0
0.129371 0.0183594 0 0
0.129644 0.015625 0 0
-0.527431 0.0136719 0 0
-0.369439 0.0133437 0 0
-0.252939 0.0130469 0 0
0.115661 0.0128906 0 0
-0.166771 0.0120313 0 0
0.0912764 0.0120313 0 0
-0.104698 0.0119531 0 0
-0.034506 0.011875 0 0
0.0185958 0.0117969 0 0
-0.701011 7.8125e-05 0 0
-0.778376 0.000179687 0 0
-0.774315 0.0003125 0 0
-0.775396 0.000546875 0 0
-0.760162 0.00101563 0 0
-0.710545 0.00171875 0 0
-0.647916 0.0028125 0 0
-0.646068 0.00382812 0 0
-0.586204 0.00546875 0 0
-0.390068 0.00898437 0 0
-0.241313 0.015625 0 0
-0.180776 0.0191406 0 0
-0.128917 0.0230469 0 0
-0.108635 0.0269531 0 0
-0.0972245 0.0304687 0 0
-0.102302 0.0339844 0 0
-0.102903 0.040625 0 0
-0.103265 0.0472656 0 0
-0.102794 0.0507812 0 0
-0.103765 0.0542969 0 0
-0.107475 0.0578125 0 0
-0.105555 0.0613281 0 0
-0.105936 0.0648438 0 0
-0.107244 0.0683594 0 0
-0.107522 0.071875 0 0
-0.107996 0.0753906 0 0
-0.109774 0.0789062 0 0
-0.110293 0.0824219 0 0
-0.111557 0.0859375 0 0
-0.113886 0.0898438 0 0
-0.113437 0.09375 0 0
-0.114076 0.0972656 0 0
-0.114538 0.100781 0 0
-0.114345 0.107422 0 0
-0.113585 0.114062 0 0
-0.112724 0.117578 0 0
-0.115878 0.121094 0 0
-0.113024 0.124844 0 0
-0.113708 0.127969 0 0
-0.104301 0.13086 0 0
-0.101911 0.133594 0 0
-0.0971901 0.138204 0 0
-0.197321 0.123877 0 0
-0.127332 0.121943 0 0
-0.106859 0.118789 0 0
-0.0884043 0.115648 0 0
-0.0697019 0.11251 0 0
-0.0432249 0.109375 0 0
-0.0191429 0.106258 0 0
-0.00485594 0.103145 0 0
0.0055639 0.093789 0 0
0.0117487 0.0907031 0 0
0.0181151 0.0876172 0 0
0.0223388 0.0845313 0 0
0.0274049 0.0814844 0 0
0.0325225 0.0785156 0 0
0.0333857 0.0757812 0 0
0.031358 0.0730469 0 0
0.027101 0.0707031 0 0
0.0281806 0.0679687 0 0
0.023606 0.0652344 0 0
0.0217442 0.0625 0 0
0.0227435 0.0597656 0 0
0.0264055 0.0570312 0 0
0.0284774 0.0542969 0 0
0.0289473 0.0515625 0 0
0.0281743 0.0488281 0 0
0.0416001 0.0460938 0 0
0.048036 0.0433594 0 0
0.0540088 0.040625 0 0
0.0647221 0.0378906 0 0
0.069381 0.0351562 0 0
0.0815518 0.0324219 0 0
0.0903305 0.0296875 0 0
0.0995858 0.0269531 0 0
0.10991 0.0242188 0 0
0.129371 0.0183594 0 0
0.129644 0.015625 0 0
-0.527431 0.0136719 0 0
-0.369439 0.0133437 0 0
-0.252939 0.0130469 0 0
0.115661 0.0128906 0 0
-0.166771 0.0120313 0 0
0.0912764 0.0120313 0 0
-0.104698 0.0119531 0 0
-0.034506 0.011875 0 0
0.0185958 0.0117969 0 0
8
