0 0 0 0
0 0.625 0 0
0 1.17657 0 0.0089
0 0 0 0
0 0 0 0
-0.134179 0 0 0
-0.639894 0.0005 0 0
-0.865089 0.00125 0 0
-1.13145 0.0025 0 0
-1.4849 0.005 0 0
-1.59402 0.0075 0 0
-1.7411 0.01 0 0
-1.90686 0.015 0 0
-1.77267 0.025 0 0
-1.73872 0.05 0 0
-1.64152 0.1 0 0
-1.61873 0.125 0 0
-1.60615 0.15 0 0
-1.62148 0.175 0 0
-1.4952 0.2 0 0
-1.62239 0.225 0 0
-1.62208 0.275 0 0
-1.57189 0.325 0 0
-1.54276 0.35 0 0
-1.49342 0.375 0 0
-1.47409 0.4 0 0
-1.40577 0.425 0 0
-1.36105 0.45 0 0
-1.32959 0.475 0 0
-1.14251 0.5 0 0
-0.974514 0.525 0 0
-0.909041 0.55 0 0
-0.855445 0.575 0 0
-0.788446 0.6 0 0
-0.711403 0.625 0 0
-0.658465 0.65 0 0
-0.591725 0.675 0 0
-0.524071 0.7 0 0
-0.402816 0.75 0 0
-0.289484 0.8 0 0
-0.234924 0.825 0 0
-0.210106 0.85 0 0
-0.141995 0.875 0 0
-0.109664 0.9 0 0
-0.0539875 0.925 0 0
-0.0109475 0.95 0 0
0.108076 0.99 0 0
0 0 0 0
0.22983 0 0 0
0.647533 0.0005 0 0
0.846897 0.00125 0 0
0.959419 0.0025 0 0
1.01692 0.005 0 0
1.02469 0.0075 0 0
0.977083 0.01 0 0
0.882171 0.015 0 0
0.758076 0.025 0 0
0.624796 0.05 0 0
0.453654 0.075 0 0
0.220744 0.125 0 0
0.13913 0.15 0 0
0.0813225 0.175 0 0
0.0328 0.2 0 0
-0.0414513 0.225 0 0
-0.058605 0.25 0 0
-0.103775 0.275 0 0
-0.105098 0.3 0 0
-0.117329 0.325 0 0
-0.200159 0.35 0 0
-0.157829 0.375 0 0
-0.125702 0.4 0 0
-0.109766 0.425 0 0
-0.0983462 0.45 0 0
-0.0752537 0.475 0 0
-0.0404837 0.5 0 0
-0.011355 0.525 0 0
-0.0262262 0.55 0 0
0.0291475 0.575 0 0
0.175066 0.6 0 0
0.192525 0.625 0 0
0.19136 0.65 0 0
0.238308 0.675 0 0
0.282867 0.7 0 0
0.321236 0.725 0 0
0.350876 0.75 0 0
0.395083 0.825 0 0
0.41686 0.85 0 0
0.402241 0.875 0 0
0.400971 0.9 0 0
0.381536 0.925 0 0
0.321139 0.95 0 0
0.287079 0.975 0 0
0.142331 0.99 0 0
0 0 0 0
1.01515 0.0625 0 0
1.01971 0.0875 0 0
1.0123 0.1125 0 0
1.02941 0.1375 0 0
1.01637 0.1625 0 0
1.00398 0.1875 0 0
1.02504 0.2125 0 0
1.02387 0.2375 0 0
1.0158 0.2625 0 0
1.02666 0.2875 0 0
1.01413 0.3125 0 0
1.02286 0.3375 0 0
1.01885 0.3625 0 0
1.03017 0.3875 0 0
1.03047 0.4125 0 0
1.01586 0.4375 0 0
1.02403 0.4525 0 0
1.01809 0.4675 0 0
1.01707 0.4825 0 0
1.03002 0.4975 0 0
1.01418 0.5125 0 0
1.01789 0.5275 0 0
0.964797 0.5425 0 0
1.0321 0.5575 0 0
1.02017 0.5725 0 0
1.02896 0.5875 0 0
1.01895 0.6025 0 0
1.03129 0.6175 0 0
1.02809 0.6325 0 0
1.01448 0.6475 0 0
1.02534 0.6625 0 0
1.01535 0.6775 0 0
1.02134 0.6925 0 0
0.995809 0.7075 0 0
1.0153 0.7225 0 0
1.01286 0.7375 0 0
0.963426 0.7475 0 0
1.00805 0.7575 0 0
1.01271 0.7675 0 0
0.998449 0.7775 0 0
1.01403 0.7875 0 0
1.00901 0.7975 0 0
1.03037 0.8075 0 0
1.02677 0.8175 0 0
1.00023 0.8275 0 0
1.00886 0.8375 0 0
1.0254 0.8475 0 0
1.00961 0.8575 0 0
0.987794 0.8675 0 0
0.944048 0.8775 0 0
0.895926 0.8875 0 0
0.837404 0.8975 0 0
0.822886 0.9075 0 0
0.831274 0.9175 0 0
0.861878 0.9275 0 0
0.916643 0.9375 0 0
0.968362 0.9475 0 0
1.042 0.9575 0 0
1.02576 0.9675 0 0
1.01125 0.9775 0 0
1.01885 0.9875 0 0
0.99784 0.9975 0 0
1.02103 1.0075 0 0
1.02276 1.0175 0 0
1.0117 1.0275 0 0
1.00053 1.0375 0 0
1.02048 1.0475 0 0
1.01069 1.0575 0 0
1.01317 1.0675 0 0
1.01515 1.0775 0 0
1.03266 1.0875 0 0
1.01601 1.0975 0 0
0.997842 1.1075 0 0
1.00246 1.1175 0 0
1.01129 1.1275 0 0
1.01058 1.1375 0 0
1.03048 1.1525 0 0
1.01388 1.1675 0 0
1.01398 1.1825 0 0
1.00434 1.1975 0 0
1.00439 1.2125 0 0
1.01479 1.2275 0 0
1.0187 1.2425 0 0
1.01652 1.2575 0 0
1.0221 1.2725 0 0
1.01018 1.2875 0 0
1.01758 1.3025 0 0
1.02038 1.3175 0 0
1.01617 1.3325 0 0
1.0231 1.3475 0 0
1.0216 1.3625 0 0
0.998959 1.3775 0 0
1.01484 1.3925 0 0
1.0186 1.4075 0 0
1.01307 1.4225 0 0
1.02189 1.4375 0 0
1.01139 1.4625 0 0
1.02768 1.4875 0 0
1.0286 1.5125 0 0
1.00718 1.5375 0 0
1.005 1.5625 0 0
1.00789 1.5875 0 0
1.02692 1.6125 0 0
0.978554 1.6375 0 0
1.01702 1.6625 0 0
1.03093 1.6875 0 0
1.00236 1.7125 0 0
1.01114 1.7375 0 0
0.997489 1.7625 0 0
1.01657 1.7875 0 0
1.02489 1.8125 0 0
0 0 0 0
0.0128562 0.625 0 0
-0.0182575 0.9375 0 0
-0.05023 1.25 0 0
0.00905125 1.5625 0 0
8
