0 0 0 0
0 1.28571 0 0
0 1.42631 0 0.0204286
0 0 0 0
0 0 0 0
-1.44018 0 0 0
-2.10706 0.0005 0 0
-2.33149 0.00125 0 0
-2.60054 0.0025 0 0
-2.93775 0.005 0 0
-3.0052 0.0075 0 0
-3.04246 0.01 0 0
-3.1272 0.015 0 0
-2.8001 0.025 0 0
-2.61427 0.05 0 0
-2.25137 0.1 0 0
-2.13171 0.125 0 0
-2.0559 0.15 0 0
-1.99149 0.175 0 0
-1.77237 0.2 0 0
-1.8915 0.225 0 0
-1.82651 0.275 0 0
-1.72483 0.325 0 0
-1.67577 0.35 0 0
-1.58368 0.375 0 0
-1.55144 0.4 0 0
-1.43721 0.425 0 0
-1.33261 0.45 0 0
-1.2442 0.475 0 0
-1.13551 0.5 0 0
-1.00878 0.525 0 0
-0.90442 0.55 0 0
-0.813024 0.575 0 0
-0.725306 0.6 0 0
-0.639631 0.625 0 0
-0.556063 0.65 0 0
-0.480663 0.675 0 0
-0.406321 0.7 0 0
-0.289927 0.75 0 0
-0.207697 0.8 0 0
-0.176044 0.825 0 0
-0.181939 0.85 0 0
-0.147543 0.875 0 0
-0.142286 0.9 0 0
-0.133351 0.925 0 0
-0.136324 0.95 0 0
-0.132761 0.99 0 0
0 0 0 0
-0.90634 0 0 0
-0.173934 0.0005 0 0
0.261726 0.00125 0 0
0.555426 0.0025 0 0
0.746217 0.005 0 0
0.906706 0.0075 0 0
0.972347 0.01 0 0
1.02771 0.015 0 0
0.96458 0.025 0 0
0.871721 0.05 0 0
0.717779 0.075 0 0
0.469403 0.125 0 0
0.377597 0.15 0 0
0.310144 0.175 0 0
0.252207 0.2 0 0
0.164146 0.225 0 0
0.138154 0.25 0 0
0.0785271 0.275 0 0
0.06153 0.3 0 0
0.0361257 0.325 0 0
-0.0569029 0.35 0 0
-0.0291629 0.375 0 0
-0.00796571 0.4 0 0
-0.00463857 0.425 0 0
-0.00802286 0.45 0 0
0.00383286 0.475 0 0
0.0365886 0.5 0 0
0.08022 0.525 0 0
0.0774771 0.55 0 0
0.103347 0.575 0 0
0.121741 0.6 0 0
0.165014 0.625 0 0
0.230311 0.65 0 0
0.258693 0.675 0 0
0.293441 0.7 0 0
0.325093 0.725 0 0
0.347229 0.75 0 0
0.374091 0.825 0 0
0.390683 0.85 0 0
0.367843 0.875 0 0
0.354937 0.9 0 0
0.321357 0.925 0 0
0.234456 0.95 0 0
0.158421 0.975 0 0
-0.13224 0.99 0 0
0 0 0 0
1.01223 0.0625 0 0
1.02012 0.0875 0 0
1.01247 0.1125 0 0
1.03192 0.1375 0 0
1.01831 0.1625 0 0
1.00517 0.1875 0 0
1.02672 0.2125 0 0
1.02316 0.2375 0 0
1.01708 0.2625 0 0
1.02859 0.2875 0 0
1.01749 0.3125 0 0
1.02246 0.3375 0 0
1.02269 0.3625 0 0
1.03215 0.3875 0 0
1.03087 0.4125 0 0
1.01778 0.4375 0 0
1.02666 0.4525 0 0
1.01971 0.4675 0 0
1.01836 0.4825 0 0
1.03022 0.4975 0 0
1.01446 0.5125 0 0
1.01965 0.5275 0 0
0.966447 0.5425 0 0
1.03332 0.5575 0 0
1.02053 0.5725 0 0
1.02911 0.5875 0 0
1.02169 0.6025 0 0
1.02993 0.6175 0 0
1.02859 0.6325 0 0
1.01358 0.6475 0 0
1.0273 0.6625 0 0
1.01422 0.6775 0 0
1.02286 0.6925 0 0
0.996344 0.7075 0 0
1.01726 0.7225 0 0
1.01673 0.7375 0 0
0.964163 0.7475 0 0
1.00616 0.7575 0 0
1.00798 0.7675 0 0
0.98654 0.7775 0 0
0.992724 0.7875 0 0
0.975909 0.7975 0 0
0.980107 0.8075 0 0
0.951541 0.8175 0 0
0.895883 0.8275 0 0
0.872053 0.8375 0 0
0.853426 0.8475 0 0
0.820957 0.8575 0 0
0.801694 0.8675 0 0
0.806497 0.8775 0 0
0.823727 0.8875 0 0
0.835057 0.8975 0 0
0.863259 0.9075 0 0
0.888377 0.9175 0 0
0.905019 0.9275 0 0
0.935566 0.9375 0 0
0.959857 0.9475 0 0
1.01948 0.9575 0 0
1.00634 0.9675 0 0
0.999336 0.9775 0 0
1.01125 0.9875 0 0
0.996819 0.9975 0 0
1.0224 1.0075 0 0
1.02246 1.0175 0 0
1.01037 1.0275 0 0
1.00079 1.0375 0 0
1.02578 1.0475 0 0
1.01147 1.0575 0 0
1.01586 1.0675 0 0
1.01702 1.0775 0 0
1.03431 1.0875 0 0
1.01813 1.0975 0 0
0.999683 1.1075 0 0
1.00441 1.1175 0 0
1.01136 1.1275 0 0
1.01188 1.1375 0 0
1.03121 1.1525 0 0
1.01673 1.1675 0 0
1.01516 1.1825 0 0
1.00552 1.1975 0 0
1.00394 1.2125 0 0
1.01685 1.2275 0 0
1.02128 1.2425 0 0
1.01501 1.2575 0 0
1.02567 1.2725 0 0
1.01276 1.2875 0 0
1.01749 1.3025 0 0
1.02018 1.3175 0 0
1.01591 1.3325 0 0
1.02216 1.3475 0 0
1.02268 1.3625 0 0
1.00213 1.3775 0 0
1.0172 1.3925 0 0
1.0203 1.4075 0 0
1.01972 1.4225 0 0
1.02129 1.4375 0 0
1.01247 1.4625 0 0
1.02794 1.4875 0 0
1.03016 1.5125 0 0
1.00797 1.5375 0 0
1.00734 1.5625 0 0
1.01025 1.5875 0 0
1.02993 1.6125 0 0
0.978946 1.6375 0 0
1.02006 1.6625 0 0
1.03384 1.6875 0 0
1.00488 1.7125 0 0
1.01609 1.7375 0 0
0.999324 1.7625 0 0
1.01842 1.7875 0 0
1.02613 1.8125 0 0
0 0 0 0
0.01837 0.625 0 0
-0.0255471 0.9375 0 0
-0.0561414 1.25 0 0
0.00172571 1.5625 0 0
7
