0 0 0 0
0 2.77778 0 0
0 1.29506 0 0.290789
0 0 0 0
0 0 0 0
-2.90363 0 0 0
-3.01036 0.0005 0 0
-2.9896 0.00125 0 0
-2.98376 0.0025 0 0
-2.9883 0.005 0 0
-2.94323 0.0075 0 0
-2.87886 0.01 0 0
-3.07837 0.015 0 0
-2.83531 0.025 0 0
-2.72727 0.05 0 0
-1.93085 0.1 0 0
-1.4176 0.125 0 0
-0.983609 0.15 0 0
-0.801091 0.175 0 0
-0.717699 0.2 0 0
-0.749658 0.225 0 0
-0.750971 0.275 0 0
-0.7562 0.325 0 0
-0.758266 0.35 0 0
-0.762729 0.375 0 0
-0.774709 0.4 0 0
-0.772894 0.425 0 0
-0.776761 0.45 0 0
-0.784969 0.475 0 0
-0.788971 0.5 0 0
-0.792922 0.525 0 0
-0.800063 0.55 0 0
-0.805116 0.575 0 0
-0.812173 0.6 0 0
-0.820434 0.625 0 0
-0.822604 0.65 0 0
-0.826037 0.675 0 0
-0.827464 0.7 0 0
-0.831086 0.75 0 0
-0.829577 0.8 0 0
-0.830103 0.825 0 0
-0.83781 0.85 0 0
-0.83085 0.875 0 0
-0.828976 0.9 0 0
-0.827118 0.925 0 0
-0.823137 0.95 0 0
-0.808452 0.99 0 0
0 0 0 0
-2.86611 0 0 0
-2.67006 0.0005 0 0
-2.04493 0.00125 0 0
-1.35316 0.0025 0 0
-0.856643 0.005 0 0
-0.289714 0.0075 0 0
0.144333 0.01 0 0
0.71273 0.015 0 0
0.911928 0.025 0 0
1.01413 0.05 0 0
1.01209 0.075 0 0
0.86123 0.125 0 0
0.777718 0.15 0 0
0.696424 0.175 0 0
0.627656 0.2 0 0
0.532258 0.225 0 0
0.467922 0.25 0 0
0.396338 0.275 0 0
0.347408 0.3 0 0
0.296284 0.325 0 0
0.21012 0.35 0 0
0.18844 0.375 0 0
0.164871 0.4 0 0
0.133456 0.425 0 0
0.107982 0.45 0 0
0.0933989 0.475 0 0
0.0931078 0.5 0 0
0.110487 0.525 0 0
0.107252 0.55 0 0
0.113781 0.575 0 0
0.125873 0.6 0 0
0.141588 0.625 0 0
0.144827 0.65 0 0
0.164152 0.675 0 0
0.181758 0.7 0 0
0.198048 0.725 0 0
0.214527 0.75 0 0
0.226654 0.825 0 0
0.223794 0.85 0 0
0.18175 0.875 0 0
0.137032 0.9 0 0
0.0692378 0.925 0 0
-0.0775133 0.95 0 0
-0.243552 0.975 0 0
-0.833756 0.99 0 0
0 0 0 0
1.01941 0.0625 0 0
1.02108 0.0875 0 0
1.01887 0.1125 0 0
1.02049 0.1375 0 0
1.0214 0.1625 0 0
1.01436 0.1875 0 0
1.02322 0.2125 0 0
1.02166 0.2375 0 0
1.02021 0.2625 0 0
1.02284 0.2875 0 0
1.01629 0.3125 0 0
1.02304 0.3375 0 0
1.02223 0.3625 0 0
1.0257 0.3875 0 0
1.02508 0.4125 0 0
1.01987 0.4375 0 0
1.02208 0.4525 0 0
1.01923 0.4675 0 0
1.01721 0.4825 0 0
1.02403 0.4975 0 0
1.0185 0.5125 0 0
1.01492 0.5275 0 0
0.992597 0.5425 0 0
1.01249 0.5575 0 0
0.997543 0.5725 0 0
0.993868 0.5875 0 0
0.984838 0.6025 0 0
0.97696 0.6175 0 0
0.963177 0.6325 0 0
0.942266 0.6475 0 0
0.925703 0.6625 0 0
0.896536 0.6775 0 0
0.872749 0.6925 0 0
0.843622 0.7075 0 0
0.808054 0.7225 0 0
0.770618 0.7375 0 0
0.729907 0.7475 0 0
0.713919 0.7575 0 0
0.656114 0.7675 0 0
0.635523 0.7775 0 0
0.630443 0.7875 0 0
0.592803 0.7975 0 0
0.537926 0.8075 0 0
0.539447 0.8175 0 0
0.464642 0.8275 0 0
0.46036 0.8375 0 0
0.4001 0.8475 0 0
0.388006 0.8575 0 0
0.409113 0.8675 0 0
0.275851 0.8775 0 0
0.261156 0.8875 0 0
0.269461 0.8975 0 0
0.22528 0.9075 0 0
0.166283 0.9175 0 0
0.131922 0.9275 0 0
0.11697 0.9375 0 0
0.0664267 0.9475 0 0
0.0488956 0.9575 0 0
0.0470811 0.9675 0 0
-0.0174533 0.9775 0 0
-0.0531333 0.9875 0 0
-0.0701533 0.9975 0 0
-0.0281711 1.0075 0 0
-0.0653478 1.0175 0 0
0.00197889 1.0275 0 0
-0.0416844 1.0375 0 0
-0.0194644 1.0475 0 0
-0.0555744 1.0575 0 0
-0.0514311 1.0675 0 0
-0.0370689 1.0775 0 0
-0.0359411 1.0875 0 0
-0.0435967 1.0975 0 0
-0.0122578 1.1075 0 0
0.00458222 1.1175 0 0
0.00943889 1.1275 0 0
0.0357822 1.1375 0 0
0.0667967 1.1525 0 0
0.0885289 1.1675 0 0
0.127129 1.1825 0 0
0.143531 1.1975 0 0
0.198062 1.2125 0 0
0.230147 1.2275 0 0
0.274749 1.2425 0 0
0.324582 1.2575 0 0
0.363622 1.2725 0 0
0.431241 1.2875 0 0
0.483097 1.3025 0 0
0.552233 1.3175 0 0
0.585761 1.3325 0 0
0.652256 1.3475 0 0
0.709483 1.3625 0 0
0.718802 1.3775 0 0
0.782031 1.3925 0 0
0.817983 1.4075 0 0
0.839701 1.4225 0 0
0.875477 1.4375 0 0
0.904096 1.4625 0 0
0.930309 1.4875 0 0
0.952561 1.5125 0 0
0.974357 1.5375 0 0
0.987978 1.5625 0 0
0.999578 1.5875 0 0
1.01362 1.6125 0 0
0.985627 1.6375 0 0
1.01694 1.6625 0 0
1.0242 1.6875 0 0
1.0124 1.7125 0 0
1.01505 1.7375 0 0
1.01218 1.7625 0 0
1.01942 1.7875 0 0
1.02325 1.8125 0 0
0 0 0 0
-0.138142 0.625 0 0
-0.377507 0.9375 0 0
-0.398378 1.25 0 0
-0.188839 1.5625 0 0
9
