0 0 0 0
0 0.285714 0 0
0 0.818814 0 0.00818571
0 0 0 0
0 0 0 0
0.67521 0 0 0
0.358919 0.0005 0 0
0.17535 0.00125 0 0
-0.0458671 0.0025 0 0
-0.363986 0.005 0 0
-0.490744 0.0075 0 0
-0.685444 0.01 0 0
-0.785651 0.015 0 0
-0.898237 0.025 0 0
-0.971426 0.05 0 0
-1.08037 0.1 0 0
-1.12124 0.125 0 0
-1.16475 0.15 0 0
-1.22274 0.175 0 0
-1.22898 0.2 0 0
-1.28715 0.225 0 0
-1.3305 0.275 0 0
-1.3275 0.325 0 0
-1.32518 0.35 0 0
-1.28517 0.375 0 0
-1.26967 0.4 0 0
-1.22488 0.425 0 0
-1.17513 0.45 0 0
-1.13236 0.475 0 0
-1.06537 0.5 0 0
-0.900206 0.525 0 0
-0.823226 0.55 0 0
-0.780514 0.575 0 0
-0.717487 0.6 0 0
-0.637333 0.625 0 0
-0.599451 0.65 0 0
-0.536071 0.675 0 0
-0.476714 0.7 0 0
-0.371197 0.75 0 0
-0.274571 0.8 0 0
-0.228293 0.825 0 0
-0.189953 0.85 0 0
-0.141304 0.875 0 0
-0.10863 0.9 0 0
-0.0587957 0.925 0 0
-0.01152 0.95 0 0
0.110189 0.99 0 0
0 0 0 0
0.858324 0 0 0
0.99788 0.0005 0 0
1.01837 0.00125 0 0
0.991329 0.0025 0 0
0.94448 0.005 0 0
0.84209 0.0075 0 0
0.738971 0.01 0 0
0.535279 0.015 0 0
0.402496 0.025 0 0
0.256856 0.05 0 0
0.100727 0.075 0 0
-0.0904329 0.125 0 0
-0.152697 0.15 0 0
-0.206716 0.175 0 0
-0.241296 0.2 0 0
-0.299494 0.225 0 0
-0.331264 0.25 0 0
-0.338357 0.275 0 0
-0.324623 0.3 0 0
-0.324943 0.325 0 0
-0.358557 0.35 0 0
-0.328864 0.375 0 0
-0.300109 0.4 0 0
-0.278636 0.425 0 0
-0.251693 0.45 0 0
-0.224341 0.475 0 0
-0.196479 0.5 0 0
-0.0641186 0.525 0 0
-0.0326129 0.55 0 0
0.00489143 0.575 0 0
0.0505571 0.6 0 0
0.102116 0.625 0 0
0.136927 0.65 0 0
0.178979 0.675 0 0
0.23089 0.7 0 0
0.272314 0.725 0 0
0.3023 0.75 0 0
0.366704 0.825 0 0
0.386066 0.85 0 0
0.381269 0.875 0 0
0.377379 0.9 0 0
0.362563 0.925 0 0
0.317967 0.95 0 0
0.283387 0.975 0 0
0.173026 0.99 0 0
0 0 0 0
1.01587 0.0625 0 0
1.01663 0.0875 0 0
1.01485 0.1125 0 0
1.01706 0.1375 0 0
1.01792 0.1625 0 0
1.01208 0.1875 0 0
1.01906 0.2125 0 0
1.01788 0.2375 0 0
1.01631 0.2625 0 0
1.01811 0.2875 0 0
1.01312 0.3125 0 0
1.01782 0.3375 0 0
1.01788 0.3625 0 0
1.02055 0.3875 0 0
1.02 0.4125 0 0
1.01639 0.4375 0 0
1.01839 0.4525 0 0
1.01669 0.4675 0 0
1.01527 0.4825 0 0
1.01964 0.4975 0 0
1.01554 0.5125 0 0
1.0164 0.5275 0 0
1.00228 0.5425 0 0
1.02029 0.5575 0 0
1.0139 0.5725 0 0
1.01921 0.5875 0 0
1.01792 0.6025 0 0
1.01782 0.6175 0 0
1.01808 0.6325 0 0
1.01333 0.6475 0 0
1.01662 0.6625 0 0
1.01418 0.6775 0 0
1.01672 0.6925 0 0
1.00629 0.7075 0 0
1.01371 0.7225 0 0
1.01375 0.7375 0 0
1.00113 0.7475 0 0
1.01224 0.7575 0 0
1.01379 0.7675 0 0
1.00708 0.7775 0 0
1.01175 0.7875 0 0
1.01192 0.7975 0 0
1.01827 0.8075 0 0
1.01617 0.8175 0 0
1.00963 0.8275 0 0
1.0121 0.8375 0 0
1.01738 0.8475 0 0
1.01467 0.8575 0 0
1.01074 0.8675 0 0
1.01538 0.8775 0 0
1.01591 0.8875 0 0
1.01273 0.8975 0 0
1.01487 0.9075 0 0
1.00985 0.9175 0 0
0.980696 0.9275 0 0
0.933037 0.9375 0 0
0.872866 0.9475 0 0
0.846946 0.9575 0 0
0.849331 0.9675 0 0
0.888194 0.9775 0 0
0.953253 0.9875 0 0
0.988563 0.9975 0 0
1.01034 1.0075 0 0
1.01505 1.0175 0 0
1.00581 1.0275 0 0
1.00653 1.0375 0 0
1.01277 1.0475 0 0
1.00872 1.0575 0 0
1.01056 1.0675 0 0
1.01081 1.0775 0 0
1.01616 1.0875 0 0
1.01194 1.0975 0 0
1.00768 1.1075 0 0
1.0079 1.1175 0 0
1.01012 1.1275 0 0
1.00906 1.1375 0 0
1.01311 1.1525 0 0
1.01074 1.1675 0 0
1.01109 1.1825 0 0
1.00891 1.1975 0 0
1.00818 1.2125 0 0
1.01112 1.2275 0 0
1.01232 1.2425 0 0
1.01244 1.2575 0 0
1.01386 1.2725 0 0
1.00919 1.2875 0 0
1.01185 1.3025 0 0
1.01255 1.3175 0 0
1.01118 1.3325 0 0
1.01195 1.3475 0 0
1.01185 1.3625 0 0
1.0059 1.3775 0 0
1.01061 1.3925 0 0
1.01147 1.4075 0 0
1.01071 1.4225 0 0
1.01268 1.4375 0 0
1.01109 1.4625 0 0
1.01761 1.4875 0 0
1.01779 1.5125 0 0
1.01211 1.5375 0 0
1.011 1.5625 0 0
1.01198 1.5875 0 0
1.017 1.6125 0 0
0.99228 1.6375 0 0
1.01482 1.6625 0 0
1.01816 1.6875 0 0
1.00699 1.7125 0 0
1.01115 1.7375 0 0
1.00811 1.7625 0 0
1.01428 1.7875 0 0
1.01663 1.8125 0 0
0 0 0 0
0.00943857 0.625 0 0
-0.0276114 0.9375 0 0
-0.0475771 1.25 0 0
0.00708714 1.5625 0 0
7
