0.710288 0 0 0
0.9255 0.0005 0 0
0.98896 0.00125 0 0
1.0146 0.0025 0 0
0.986034 0.005 0 0
0.945054 0.0075 0 0
0.833708 0.01 0 0
0.594236 0.015 0 0
0.560804 0.025 0 0
0.390142 0.05 0 0
0.045494 0.1 0 0
-0.105772 0.125 0 0
-0.220516 0.15 0 0
-0.327558 0.175 0 0
-0.37584 0.2 0 0
-0.492052 0.225 0 0
-0.619948 0.275 0 0
-0.697442 0.325 0 0
-0.721138 0.35 0 0
-0.724384 0.375 0 0
-0.76399 0.4 0 0
-0.7338 0.425 0 0
-0.706942 0.45 0 0
-0.688838 0.475 0 0
-0.644454 0.5 0 0
-0.598926 0.525 0 0
-0.576128 0.55 0 0
-0.549424 0.575 0 0
-0.535224 0.6 0 0
-0.4432 0.625 0 0
-0.357172 0.65 0 0
-0.33275 0.675 0 0
-0.30305 0.7 0 0
-0.236664 0.75 0 0
-0.168424 0.8 0 0
-0.135878 0.825 0 0
-0.128654 0.85 0 0
-0.080048 0.875 0 0
-0.064218 0.9 0 0
-0.029406 0.925 0 0
-0.000278 0.95 0 0
0.107656 0.99 0 0
0.175826 0.99 0 0
0.248374 0.975 0 0
0.26217 0.95 0 0
0.30169 0.925 0 0
0.309968 0.9 0 0
0.30006 0.875 0 0
0.303394 0.85 0 0
0.275642 0.825 0 0
0.203332 0.75 0 0
0.160162 0.725 0 0
0.106606 0.7 0 0
0.044362 0.675 0 0
-0.026242 0.65 0 0
-0.059112 0.625 0 0
-0.120786 0.6 0 0
-0.191548 0.575 0 0
-0.26523 0.55 0 0
-0.315386 0.525 0 0
-0.413008 0.5 0 0
-0.479226 0.475 0 0
-0.549916 0.45 0 0
-0.689326 0.425 0 0
-0.727308 0.4 0 0
-0.778594 0.375 0 0
-0.848624 0.35 0 0
-0.81787 0.325 0 0
-0.854226 0.3 0 0
-0.905106 0.275 0 0
-0.922718 0.25 0 0
-0.958018 0.225 0 0
-0.944794 0.2 0 0
-0.950062 0.175 0 0
-0.972702 0.15 0 0
-0.977818 0.125 0 0
-1.00314 0.075 0 0
-1.01271 0.05 0 0
-1.03 0.025 0 0
-0.999242 0.015 0 0
-0.92742 0.01 0 0
-0.811132 0.0075 0 0
-0.5719 0.005 0 0
-0.395556 0.0025 0 0
-0.155022 0.00125 0 0
0.098494 0.0005 0 0
0.512604 0 0 0
0.907495 0.001 0 0
1.11451 0.002 0 0
1.1557 0.00325 0 0
1.13345 0.0055 0 0
1.09819 0.01 0 0
1.02308 0.0175 0 0
0.842807 0.03 0 0
0.573082 0.04 0 0
0.516701 0.055 0 0
0.32463 0.085 0 0
-0.029674 0.14 0 0
-0.204182 0.17 0 0
-0.344506 0.205 0 0
-0.467046 0.24 0 0
-0.520068 0.27 0 0
-0.636929 0.3 0 0
-0.772746 0.355 0 0
-0.844202 0.41 0 0
-0.862526 0.44 0 0
-0.862152 0.47 0 0
-0.892881 0.5 0 0
-0.853585 0.53 0 0
-0.822168 0.56 0 0
-0.798723 0.59 0 0
-0.751499 0.62 0 0
-0.687566 0.65 0 0
-0.647562 0.68 0 0
-0.615974 0.71 0 0
-0.595834 0.74 0 0
-0.490533 0.775 0 0
-0.390857 0.81 0 0
-0.359926 0.84 0 0
-0.328781 0.87 0 0
-0.252674 0.925 0 0
-0.181268 0.98 0 0
-0.141759 1.01 0 0
-0.12871 1.04 0 0
-0.0585168 1.073 0 0
-0.0290528 1.098 0 0
0.0202688 1.12 0 0
0.052156 1.14 0 0
0.167994 1.175 0 0
0.175826 0.99 0 0
0.248374 0.975 0 0
0.26217 0.95 0 0
0.30169 0.925 0 0
0.309968 0.9 0 0
0.402581 0.875 0 0
0.323093 0.8501 0 0
0.244638 0.82525 0 0
0.124221 0.7505 0 0
0.045782 0.726 0 0
-0.0556204 0.7015 0 0
-0.141122 0.677 0 0
-0.22609 0.653 0 0
-0.265112 0.63 0 0
-0.323328 0.61 0 0
-0.392176 0.59 0 0
-0.460794 0.575 0 0
-0.509926 0.555 0 0
-0.60302 0.535 0 0
-0.668185 0.515 0 0
-0.74152 0.495 0 0
-0.87387 0.475 0 0
-0.908329 0.455 0 0
-0.949439 0.435 0 0
-1.0122 0.415 0 0
-0.987595 0.395 0 0
-1.00994 0.375 0 0
-1.05057 0.355 0 0
-1.06058 0.335 0 0
-1.068 0.315 0 0
-1.04064 0.295 0 0
-1.03266 0.275 0 0
-1.03578 0.255 0 0
-1.03086 0.235 0 0
-1.04145 0.19 0 0
0.572616 0.175 0 0
0.159173 0.1705 0 0
-1.03687 0.17 0 0
-0.0998936 0.16625 0 0
-0.35489 0.1525 0 0
-1.04182 0.15 0 0
-0.539868 0.15 0 0
-0.789811 0.1475 0 0
-1.00449 0.145 0 0
-0.918548 0.145 0 0
0.907495 0.001 0 0
1.11451 0.002 0 0
1.1557 0.00325 0 0
1.13345 0.0055 0 0
1.09819 0.01 0 0
1.02308 0.0175 0 0
0.842807 0.03 0 0
0.573082 0.04 0 0
0.516701 0.055 0 0
0.32463 0.085 0 0
-0.029674 0.14 0 0
-0.204182 0.17 0 0
-0.344506 0.205 0 0
-0.467046 0.24 0 0
-0.520068 0.27 0 0
-0.636929 0.3 0 0
-0.772746 0.355 0 0
-0.844202 0.41 0 0
-0.862526 0.44 0 0
-0.862152 0.47 0 0
-0.892881 0.5 0 0
-0.853585 0.53 0 0
-0.822168 0.56 0 0
-0.798723 0.59 0 0
-0.751499 0.62 0 0
-0.687566 0.65 0 0
-0.647562 0.68 0 0
-0.615974 0.71 0 0
-0.595834 0.74 0 0
-0.490533 0.775 0 0
-0.390857 0.81 0 0
-0.359926 0.84 0 0
-0.328781 0.87 0 0
-0.252674 0.925 0 0
-0.181268 0.98 0 0
-0.141759 1.01 0 0
-0.12871 1.04 0 0
-0.0585168 1.073 0 0
-0.0290528 1.098 0 0
0.0202688 1.12 0 0
0.052156 1.14 0 0
0.167994 1.175 0 0
0.395464 0.992 0 0
0.475064 0.9761 0 0
0.49331 0.95065 0 0
0.524592 0.9254 0 0
0.491467 0.9002 0 0
0.402581 0.875 0 0
0.323093 0.8501 0 0
0.244638 0.82525 0 0
0.124221 0.7505 0 0
0.045782 0.726 0 0
-0.0556204 0.7015 0 0
-0.141122 0.677 0 0
-0.22609 0.653 0 0
-0.265112 0.63 0 0
-0.323328 0.61 0 0
-0.392176 0.59 0 0
-0.460794 0.575 0 0
-0.509926 0.555 0 0
-0.60302 0.535 0 0
-0.668185 0.515 0 0
-0.74152 0.495 0 0
-0.87387 0.475 0 0
-0.908329 0.455 0 0
-0.949439 0.435 0 0
-1.0122 0.415 0 0
-0.987595 0.395 0 0
-1.00994 0.375 0 0
-1.05057 0.355 0 0
-1.06058 0.335 0 0
-1.068 0.315 0 0
-1.04064 0.295 0 0
-1.03266 0.275 0 0
-1.03578 0.255 0 0
-1.03086 0.235 0 0
-1.04145 0.19 0 0
0.572616 0.175 0 0
0.159173 0.1705 0 0
-1.03687 0.17 0 0
-0.0998936 0.16625 0 0
-0.35489 0.1525 0 0
-1.04182 0.15 0 0
-0.539868 0.15 0 0
-0.789811 0.1475 0 0
-1.00449 0.145 0 0
-0.918548 0.145 0 0
0.907495 0.001 0 0
1.11451 0.002 0 0
1.1557 0.00325 0 0
1.13345 0.0055 0 0
1.09819 0.01 0 0
1.02308 0.0175 0 0
0.842807 0.03 0 0
0.573082 0.04 0 0
0.516701 0.055 0 0
0.32463 0.085 0 0
-0.029674 0.14 0 0
-0.204182 0.17 0 0
-0.344506 0.205 0 0
-0.467046 0.24 0 0
-0.520068 0.27 0 0
-0.636929 0.3 0 0
-0.772746 0.355 0 0
-0.844202 0.41 0 0
-0.862526 0.44 0 0
-0.862152 0.47 0 0
-0.892881 0.5 0 0
-0.853585 0.53 0 0
-0.822168 0.56 0 0
-0.798723 0.59 0 0
-0.751499 0.62 0 0
-0.687566 0.65 0 0
-0.647562 0.68 0 0
-0.615974 0.71 0 0
-0.595834 0.74 0 0
-0.490533 0.775 0 0
-0.390857 0.81 0 0
-0.359926 0.84 0 0
-0.328781 0.87 0 0
-0.252674 0.925 0 0
-0.181268 0.98 0 0
-0.141759 1.01 0 0
-0.12871 1.04 0 0
-0.0585168 1.073 0 0
-0.0290528 1.098 0 0
0.0202688 1.12 0 0
0.052156 1.14 0 0
0.167994 1.175 0 0
0.395464 0.992 0 0
0.475064 0.9761 0 0
0.49331 0.95065 0 0
0.524592 0.9254 0 0
0.491467 0.9002 0 0
0.402581 0.875 0 0
0.323093 0.8501 0 0
0.244638 0.82525 0 0
0.124221 0.7505 0 0
0.045782 0.726 0 0
-0.0556204 0.7015 0 0
-0.141122 0.677 0 0
-0.22609 0.653 0 0
-0.265112 0.63 0 0
-0.323328 0.61 0 0
-0.392176 0.59 0 0
-0.460794 0.575 0 0
-0.509926 0.555 0 0
-0.60302 0.535 0 0
-0.668185 0.515 0 0
-0.74152 0.495 0 0
-0.87387 0.475 0 0
-0.908329 0.455 0 0
-0.949439 0.435 0 0
-1.0122 0.415 0 0
-0.987595 0.395 0 0
-1.00994 0.375 0 0
-1.05057 0.355 0 0
-1.06058 0.335 0 0
-1.068 0.315 0 0
-1.04064 0.295 0 0
-1.03266 0.275 0 0
-1.03578 0.255 0 0
-1.03086 0.235 0 0
-1.04145 0.19 0 0
0.572616 0.175 0 0
0.159173 0.1705 0 0
-1.03687 0.17 0 0
-0.0998936 0.16625 0 0
-0.35489 0.1525 0 0
-1.04182 0.15 0 0
-0.539868 0.15 0 0
-0.789811 0.1475 0 0
-1.00449 0.145 0 0
-0.918548 0.145 0 0
0.907495 0.001 0 0
1.11451 0.002 0 0
1.1557 0.00325 0 0
1.13345 0.0055 0 0
1.09819 0.01 0 0
1.02308 0.0175 0 0
0.842807 0.03 0 0
0.573082 0.04 0 0
0.516701 0.055 0 0
0.32463 0.085 0 0
-0.029674 0.14 0 0
-0.204182 0.17 0 0
-0.344506 0.205 0 0
-0.467046 0.24 0 0
-0.520068 0.27 0 0
-0.636929 0.3 0 0
-0.772746 0.355 0 0
-0.844202 0.41 0 0
-0.862526 0.44 0 0
-0.862152 0.47 0 0
-0.892881 0.5 0 0
-0.853585 0.53 0 0
-0.822168 0.56 0 0
-0.798723 0.59 0 0
-0.751499 0.62 0 0
-0.687566 0.65 0 0
-0.647562 0.68 0 0
-0.615974 0.71 0 0
-0.595834 0.74 0 0
-0.490533 0.775 0 0
-0.390857 0.81 0 0
-0.359926 0.84 0 0
-0.328781 0.87 0 0
-0.252674 0.925 0 0
-0.181268 0.98 0 0
-0.141759 1.01 0 0
-0.12871 1.04 0 0
-0.0585168 1.073 0 0
-0.0290528 1.098 0 0
0.0202688 1.12 0 0
0.052156 1.14 0 0
0.167994 1.175 0 0
0.395464 0.992 0 0
0.475064 0.9761 0 0
0.49331 0.95065 0 0
0.524592 0.9254 0 0
0.491467 0.9002 0 0
0.402581 0.875 0 0
0.323093 0.8501 0 0
0.244638 0.82525 0 0
0.124221 0.7505 0 0
0.045782 0.726 0 0
-0.0556204 0.7015 0 0
-0.141122 0.677 0 0
-0.22609 0.653 0 0
-0.265112 0.63 0 0
-0.323328 0.61 0 0
-0.392176 0.59 0 0
-0.460794 0.575 0 0
-0.509926 0.555 0 0
-0.60302 0.535 0 0
-0.668185 0.515 0 0
-0.74152 0.495 0 0
-0.87387 0.475 0 0
-0.908329 0.455 0 0
-0.949439 0.435 0 0
-1.0122 0.415 0 0
-0.987595 0.395 0 0
-1.00994 0.375 0 0
-1.05057 0.355 0 0
-1.06058 0.335 0 0
-1.068 0.315 0 0
-1.04064 0.295 0 0
-1.03266 0.275 0 0
-1.03578 0.255 0 0
-1.03086 0.235 0 0
-1.04145 0.19 0 0
0.572616 0.175 0 0
0.159173 0.1705 0 0
-1.03687 0.17 0 0
-0.0998936 0.16625 0 0
-0.35489 0.1525 0 0
-1.04182 0.15 0 0
-0.539868 0.15 0 0
-0.789811 0.1475 0 0
-1.00449 0.145 0 0
-0.918548 0.145 0 0
0.907495 0.001 0 0
1.11451 0.002 0 0
1.1557 0.00325 0 0
1.13345 0.0055 0 0
1.09819 0.01 0 0
1.02308 0.0175 0 0
0.842807 0.03 0 0
0.573082 0.04 0 0
0.516701 0.055 0 0
0.32463 0.085 0 0
-0.029674 0.14 0 0
-0.204182 0.17 0 0
-0.344506 0.205 0 0
-0.467046 0.24 0 0
-0.520068 0.27 0 0
-0.636929 0.3 0 0
-0.772746 0.355 0 0
-0.844202 0.41 0 0
-0.862526 0.44 0 0
-0.862152 0.47 0 0
-0.892881 0.5 0 0
-0.853585 0.53 0 0
-0.822168 0.56 0 0
-0.798723 0.59 0 0
-0.751499 0.62 0 0
-0.687566 0.65 0 0
-0.647562 0.68 0 0
-0.615974 0.71 0 0
-0.595834 0.74 0 0
-0.490533 0.775 0 0
-0.390857 0.81 0 0
-0.359926 0.84 0 0
-0.328781 0.87 0 0
-0.252674 0.925 0 0
-0.181268 0.98 0 0
-0.141759 1.01 0 0
-0.12871 1.04 0 0
-0.0585168 1.073 0 0
-0.0290528 1.098 0 0
0.0202688 1.12 0 0
0.052156 1.14 0 0
0.167994 1.175 0 0
0.395464 0.992 0 0
0.475064 0.9761 0 0
0.49331 0.95065 0 0
0.524592 0.9254 0 0
0.491467 0.9002 0 0
0.402581 0.875 0 0
0.323093 0.8501 0 0
0.244638 0.82525 0 0
0.124221 0.7505 0 0
0.045782 0.726 0 0
-0.0556204 0.7015 0 0
-0.141122 0.677 0 0
-0.22609 0.653 0 0
-0.265112 0.63 0 0
-0.323328 0.61 0 0
-0.392176 0.59 0 0
-0.460794 0.575 0 0
-0.509926 0.555 0 0
-0.60302 0.535 0 0
-0.668185 0.515 0 0
-0.74152 0.495 0 0
-0.87387 0.475 0 0
-0.908329 0.455 0 0
-0.949439 0.435 0 0
-1.0122 0.415 0 0
-0.987595 0.395 0 0
-1.00994 0.375 0 0
-1.05057 0.355 0 0
-1.06058 0.335 0 0
-1.068 0.315 0 0
-1.04064 0.295 0 0
-1.03266 0.275 0 0
-1.03578 0.255 0 0
-1.03086 0.235 0 0
-1.04145 0.19 0 0
0.572616 0.175 0 0
0.159173 0.1705 0 0
-1.03687 0.17 0 0
-0.0998936 0.16625 0 0
-0.35489 0.1525 0 0
-1.04182 0.15 0 0
-0.539868 0.15 0 0
-0.789811 0.1475 0 0
-1.00449 0.145 0 0
-0.918548 0.145 0 0
