0 0 0 0
0 0.3 0 0
0.0080664 0.93448 0 0.00855
-0.0126235 0.000125 0 0
0 0 0 0
0.391727 0.0005 0 0
-0.0008557 0.00125 0 0
-0.226486 0.00225 0 0
-0.485491 0.004 0 0
-0.810422 0.0075 0 0
-0.93583 0.0125 0 0
-1.12766 0.02 0 0
-1.33366 0.0275 0 0
-1.29282 0.04 0 0
-1.34062 0.0675 0 0
-1.37685 0.12 0 0
-1.41666 0.1475 0 0
-1.44209 0.1775 0 0
-1.48251 0.2075 0 0
-1.39148 0.235 0 0
-1.51894 0.2625 0 0
-1.54888 0.315 0 0
-1.52245 0.3675 0 0
-1.4986 0.395 0 0
-1.45454 0.4225 0 0
-1.44349 0.45 0 0
-1.36984 0.4775 0 0
-1.29105 0.505 0 0
-1.25384 0.5325 0 0
-1.21234 0.56 0 0
-1.13072 0.5875 0 0
-0.853359 0.615 0 0
-0.823244 0.6425 0 0
-0.768784 0.67 0 0
-0.692038 0.7 0 0
-0.63878 0.73 0 0
-0.57274 0.7575 0 0
-0.510217 0.785 0 0
-0.391415 0.8375 0 0
-0.285158 0.89 0 0
-0.228501 0.9175 0 0
-0.203639 0.945 0 0
-0.125053 0.974 0 0
-0.0912322 0.999 0 0
-0.0269048 1.0225 0 0
0.0171054 1.045 0 0
0.145172 1.0825 0 0
0 0 0 0
0.748685 0.0875 0 0
0.978141 0.0855 0 0
1.04608 0.08375 0 0
1.05137 0.0775 0 0
1.04192 0.0775 0 0
0.967527 0.0775 0 0
0.862984 0.0775 0 0
0.69565 0.08 0 0
0.554126 0.0875 0 0
0.410638 0.11 0 0
0.243533 0.1325 0 0
0.0121326 0.18 0 0
-0.0579157 0.2025 0 0
-0.109482 0.225 0 0
-0.152761 0.2475 0 0
-0.219648 0.27 0 0
-0.234287 0.2925 0 0
-0.269694 0.315 0 0
-0.265324 0.3375 0 0
-0.274678 0.36 0 0
-0.341441 0.3825 0 0
-0.293413 0.405 0 0
-0.253557 0.4275 0 0
-0.225712 0.45 0 0
-0.206821 0.4725 0 0
-0.177148 0.495 0 0
-0.144877 0.5175 0 0
-0.116094 0.54 0 0
-0.115165 0.5625 0 0
0.111403 0.5825 0 0
0.151498 0.605 0 0
0.192111 0.6275 0 0
0.217056 0.6515 0 0
0.284234 0.676 0 0
0.343136 0.70075 0 0
0.393068 0.7255 0 0
0.424391 0.75025 0 0
0.473471 0.825125 0 0
0.49042 0.85005 0 0
0.456365 0.875 0 0
0.423837 0.90005 0 0
0.368024 0.925125 0 0
0.289455 0.950225 0 0
0.234523 0.9754 0 0
0.0763758 0.99075 0 0
0 0 0 0
0.897909 0.0645 0 0
0.885711 0.09025 0 0
0.879418 0.1165 0 0
0.893856 0.14425 0 0
0.875941 0.1745 0 0
0.862473 0.20225 0 0
0.881405 0.23025 0 0
0.871754 0.25825 0 0
0.877868 0.286 0 0
0.873162 0.31375 0 0
0.857043 0.344 0 0
0.867679 0.37425 0 0
0.870585 0.402 0 0
0.882826 0.42975 0 0
0.88216 0.4575 0 0
0.877328 0.48525 0 0
0.893766 0.503 0 0
0.893009 0.52075 0 0
0.893846 0.5385 0 0
0.913758 0.55625 0 0
0.928649 0.574 0 0
0.935618 0.59175 0 0
0.88664 0.6095 0 0
0.960975 0.6275 0 0
0.95496 0.6455 0 0
0.968949 0.66325 0 0
0.967086 0.681 0 0
0.988365 0.70125 0 0
0.996897 0.7215 0 0
0.988194 0.73925 0 0
1.00603 0.757 0 0
1.00201 0.7749 0 0
1.01173 0.7924 0 0
0.994908 0.80975 0 0
1.01606 0.827 0 0
1.02722 0.84575 0 0
0.978894 0.8465 0 0
1.03575 0.855 0 0
1.04104 0.8625 0 0
1.03489 0.87 0 0
1.05197 0.8775 0 0
1.05563 0.885 0 0
1.07825 0.892505 0 0
1.07421 0.900013 0 0
1.04375 0.902525 0 0
1.04861 0.91005 0 0
1.05888 0.917575 0 0
1.0416 0.9251 0 0
1.03372 0.93265 0 0
1.034 0.94025 0 0
1.03633 0.948 0 0
1.0194 0.95575 0 0
0.974981 0.96375 0 0
0.918842 0.9715 0 0
0.838197 0.97925 0 0
0.803876 0.987 0 0
0.801504 0.99475 0 0
0.875572 1.0025 0 0
0.895038 1.01025 0 0
0.927192 1.018 0 0
0.96426 1.02575 0 0
0.965931 1.0335 0 0
0.993311 1.04125 0 0
0.9955 1.049 0 0
0.985473 1.05675 0 0
0.978699 1.0645 0 0
1.00529 1.07225 0 0
0.997473 1.08 0 0
1.00642 1.08775 0 0
1.01306 1.0955 0 0
1.0532 1.10075 0 0
1.05501 1.1085 0 0
1.07178 1.11625 0 0
1.05729 1.12625 0 0
1.10688 1.13605 0 0
1.11282 1.14587 0 0
1.097 1.1605 0 0
1.11678 1.17525 0 0
1.11721 1.19025 0 0
1.0994 1.20525 0 0
1.08753 1.22025 0 0
1.05344 1.22755 0 0
1.01528 1.24262 0 0
0.990603 1.25773 0 0
0.972669 1.2729 0 0
0.927527 1.28825 0 0
0.925001 1.30375 0 0
0.902556 1.3195 0 0
0.881268 1.33525 0 0
0.890037 1.3515 0 0
0.886307 1.36925 0 0
0.860438 1.3895 0 0
0.872163 1.40725 0 0
0.871882 1.42525 0 0
0.864849 1.44325 0 0
0.878757 1.461 0 0
0.856764 1.48875 0 0
0.870525 1.519 0 0
0.87398 1.54925 0 0
0.855124 1.577 0 0
0.859246 1.60475 0 0
0.864231 1.6325 0 0
0.8873 1.66025 0 0
0.846933 1.688 0 0
0.892681 1.71575 0 0
0.907977 1.7435 0 0
0.88925 1.77125 0 0
0.924159 1.799 0 0
0.916399 1.82675 0 0
0.939858 1.8545 0 0
0.956734 1.8825 0 0
0 0 0 0
-0.048165 0.70075 0 0
-0.0658167 1.016 0 0
-0.0840135 1.33375 0 0
-0.0168208 1.6515 0 0
-0.0228501 0.09175 0 0
-0.0203639 0.0945 0 0
-0.0125053 0.0974 0 0
-0.00912322 0.0999 0 0
-0.00269048 0.10225 0 0
0.00171054 0.1045 0 0
0.0145172 0.10825 0 0
0.00763758 0.099075 0 0
0.0234523 0.09754 0 0
0.0289455 0.0950225 0 0
0.0368024 0.0925125 0 0
0.0423837 0.090005 0 0
0.0456365 0.0875 0 0
0.049042 0.085005 0 0
0.0473471 0.0825125 0 0
0.0424391 0.075025 0 0
0.0393068 0.07255 0 0
0.0343136 0.070075 0 0
0.0284234 0.0676 0 0
0.0217056 0.06515 0 0
0.0192111 0.06275 0 0
0.0151498 0.0605 0 0
0.0111403 0.05825 0 0
-0.0115165 0.05625 0 0
-0.0116094 0.054 0 0
-0.0144877 0.05175 0 0
-0.0177148 0.0495 0 0
-0.0206821 0.04725 0 0
-0.0225712 0.045 0 0
-0.0253557 0.04275 0 0
-0.0293413 0.0405 0 0
-0.0341441 0.03825 0 0
-0.0274678 0.036 0 0
-0.0265324 0.03375 0 0
-0.0269694 0.0315 0 0
-0.0234287 0.02925 0 0
-0.0219648 0.027 0 0
-0.0152761 0.02475 0 0
-0.0109482 0.0225 0 0
-0.00579157 0.02025 0 0
0.00121326 0.018 0 0
0.0243533 0.01325 0 0
0.0410638 0.011 0 0
0.0748685 0.00875 0 0
0.0554126 0.00875 0 0
0.0978141 0.00855 0 0
0.104608 0.008375 0 0
0.069565 0.008 0 0
0.105137 0.00775 0 0
0.104192 0.00775 0 0
0.0967527 0.00775 0 0
0.0862984 0.00775 0 0
0.0391727 5e-05 0 0
-8.557e-05 0.000125 0 0
-0.0226486 0.000225 0 0
-0.0485491 0.0004 0 0
-0.0810422 0.00075 0 0
-0.093583 0.00125 0 0
-0.112766 0.002 0 0
-0.133366 0.00275 0 0
-0.129282 0.004 0 0
-0.134062 0.00675 0 0
-0.137685 0.012 0 0
-0.141666 0.01475 0 0
-0.144209 0.01775 0 0
-0.148251 0.02075 0 0
-0.139148 0.0235 0 0
-0.151894 0.02625 0 0
-0.154888 0.0315 0 0
-0.152245 0.03675 0 0
-0.14986 0.0395 0 0
-0.145454 0.04225 0 0
-0.144349 0.045 0 0
-0.136984 0.04775 0 0
-0.129105 0.0505 0 0
-0.125384 0.05325 0 0
-0.121234 0.056 0 0
-0.113072 0.05875 0 0
-0.0853359 0.0615 0 0
-0.0823244 0.06425 0 0
-0.0768784 0.067 0 0
-0.0692038 0.07 0 0
-0.063878 0.073 0 0
-0.057274 0.07575 0 0
-0.0510217 0.0785 0 0
-0.0391415 0.08375 0 0
-0.0285158 0.089 0 0
-0.0228501 0.09175 0 0
-0.0203639 0.0945 0 0
-0.0125053 0.0974 0 0
-0.00912322 0.0999 0 0
-0.00269048 0.10225 0 0
0.00171054 0.1045 0 0
0.0145172 0.10825 0 0
0.00763758 0.099075 0 0
0.0234523 0.09754 0 0
0.0289455 0.0950225 0 0
0.0368024 0.0925125 0 0
0.0423837 0.090005 0 0
0.0456365 0.0875 0 0
0.049042 0.085005 0 0
0.0473471 0.0825125 0 0
0.0424391 0.075025 0 0
0.0393068 0.07255 0 0
0.0343136 0.070075 0 0
0.0284234 0.0676 0 0
0.0217056 0.06515 0 0
0.0192111 0.06275 0 0
0.0151498 0.0605 0 0
0.0111403 0.05825 0 0
-0.0115165 0.05625 0 0
-0.0116094 0.054 0 0
-0.0144877 0.05175 0 0
-0.0177148 0.0495 0 0
-0.0206821 0.04725 0 0
-0.0225712 0.045 0 0
-0.0253557 0.04275 0 0
-0.0293413 0.0405 0 0
-0.0341441 0.03825 0 0
-0.0274678 0.036 0 0
-0.0265324 0.03375 0 0
-0.0269694 0.0315 0 0
-0.0234287 0.02925 0 0
-0.0219648 0.027 0 0
-0.0152761 0.02475 0 0
-0.0109482 0.0225 0 0
-0.00579157 0.02025 0 0
0.00121326 0.018 0 0
0.0243533 0.01325 0 0
0.0410638 0.011 0 0
0.0748685 0.00875 0 0
0.0554126 0.00875 0 0
0.0978141 0.00855 0 0
0.104608 0.008375 0 0
0.069565 0.008 0 0
0.105137 0.00775 0 0
0.104192 0.00775 0 0
0.0967527 0.00775 0 0
0.0862984 0.00775 0 0
0.0391727 5e-05 0 0
-8.557e-05 0.000125 0 0
-0.0226486 0.000225 0 0
-0.0485491 0.0004 0 0
-0.0810422 0.00075 0 0
-0.093583 0.00125 0 0
-0.112766 0.002 0 0
-0.133366 0.00275 0 0
-0.129282 0.004 0 0
-0.134062 0.00675 0 0
-0.137685 0.012 0 0
-0.141666 0.01475 0 0
-0.144209 0.01775 0 0
-0.148251 0.02075 0 0
-0.139148 0.0235 0 0
-0.151894 0.02625 0 0
-0.154888 0.0315 0 0
-0.152245 0.03675 0 0
-0.14986 0.0395 0 0
-0.145454 0.04225 0 0
-0.144349 0.045 0 0
-0.136984 0.04775 0 0
-0.129105 0.0505 0 0
-0.125384 0.05325 0 0
-0.121234 0.056 0 0
-0.113072 0.05875 0 0
-0.0853359 0.0615 0 0
-0.0823244 0.06425 0 0
-0.0768784 0.067 0 0
-0.0692038 0.07 0 0
-0.063878 0.073 0 0
-0.057274 0.07575 0 0
-0.0510217 0.0785 0 0
-0.0391415 0.08375 0 0
-0.0285158 0.089 0 0
-0.0228501 0.09175 0 0
-0.0203639 0.0945 0 0
-0.0125053 0.0974 0 0
-0.00912322 0.0999 0 0
-0.00269048 0.10225 0 0
0.00171054 0.1045 0 0
0.0145172 0.10825 0 0
0.00763758 0.099075 0 0
0.0234523 0.09754 0 0
0.0289455 0.0950225 0 0
0.0368024 0.0925125 0 0
0.0423837 0.090005 0 0
0.0456365 0.0875 0 0
0.049042 0.085005 0 0
0.0473471 0.0825125 0 0
0.0424391 0.075025 0 0
0.0393068 0.07255 0 0
0.0343136 0.070075 0 0
0.0284234 0.0676 0 0
0.0217056 0.06515 0 0
0.0192111 0.06275 0 0
0.0151498 0.0605 0 0
0.0111403 0.05825 0 0
-0.0115165 0.05625 0 0
-0.0116094 0.054 0 0
-0.0144877 0.05175 0 0
-0.0177148 0.0495 0 0
-0.0206821 0.04725 0 0
-0.0225712 0.045 0 0
-0.0253557 0.04275 0 0
-0.0293413 0.0405 0 0
-0.0341441 0.03825 0 0
-0.0274678 0.036 0 0
-0.0265324 0.03375 0 0
-0.0269694 0.0315 0 0
-0.0234287 0.02925 0 0
-0.0219648 0.027 0 0
-0.0152761 0.02475 0 0
-0.0109482 0.0225 0 0
-0.00579157 0.02025 0 0
0.00121326 0.018 0 0
0.0243533 0.01325 0 0
0.0410638 0.011 0 0
0.0748685 0.00875 0 0
0.0554126 0.00875 0 0
0.0978141 0.00855 0 0
0.104608 0.008375 0 0
0.069565 0.008 0 0
0.105137 0.00775 0 0
0.104192 0.00775 0 0
0.0967527 0.00775 0 0
0.0862984 0.00775 0 0
10
