0 0 0 0
0 2.09091 0 0
0 1.33583 0 0.283882
0 0 0 0
0 0 0 0
-4.68285 0 0 0
-5.37946 0.0005 0 0
-5.4288 0.00125 0 0
-5.48627 0.0025 0 0
-5.49629 0.005 0 0
-5.33588 0.0075 0 0
-4.9659 0.01 0 0
-4.93994 0.015 0 0
-4.64156 0.025 0 0
-3.1267 0.05 0 0
-2.16743 0.1 0 0
-1.74705 0.125 0 0
-1.35212 0.15 0 0
-1.03867 0.175 0 0
-0.727258 0.2 0 0
-0.687505 0.225 0 0
-0.656606 0.275 0 0
-0.651993 0.325 0 0
-0.644435 0.35 0 0
-0.648943 0.375 0 0
-0.676246 0.4 0 0
-0.659439 0.425 0 0
-0.661396 0.45 0 0
-0.669785 0.475 0 0
-0.671016 0.5 0 0
-0.672866 0.525 0 0
-0.687896 0.55 0 0
-0.692402 0.575 0 0
-0.703541 0.6 0 0
-0.723297 0.625 0 0
-0.722102 0.65 0 0
-0.72867 0.675 0 0
-0.730596 0.7 0 0
-0.732558 0.75 0 0
-0.727152 0.8 0 0
-0.723921 0.825 0 0
-0.74607 0.85 0 0
-0.725631 0.875 0 0
-0.726504 0.9 0 0
-0.720291 0.925 0 0
-0.719493 0.95 0 0
-0.693621 0.99 0 0
0 0 0 0
-3.98082 0 0 0
-2.73189 0.0005 0 0
-1.82345 0.00125 0 0
-1.15643 0.0025 0 0
-0.676905 0.005 0 0
-0.145929 0.0075 0 0
0.250124 0.01 0 0
0.780662 0.015 0 0
0.94318 0.025 0 0
1.03145 0.05 0 0
1.00846 0.075 0 0
0.834694 0.125 0 0
0.747818 0.15 0 0
0.674102 0.175 0 0
0.602541 0.2 0 0
0.503092 0.225 0 0
0.46112 0.25 0 0
0.374892 0.275 0 0
0.327213 0.3 0 0
0.277547 0.325 0 0
0.158888 0.35 0 0
0.160777 0.375 0 0
0.153333 0.4 0 0
0.128024 0.425 0 0
0.0967664 0.45 0 0
0.0800645 0.475 0 0
0.08885 0.5 0 0
0.118224 0.525 0 0
0.102539 0.55 0 0
0.121127 0.575 0 0
0.138703 0.6 0 0
0.143093 0.625 0 0
0.134233 0.65 0 0
0.166986 0.675 0 0
0.187097 0.7 0 0
0.206707 0.725 0 0
0.222245 0.75 0 0
0.238943 0.825 0 0
0.248497 0.85 0 0
0.209207 0.875 0 0
0.17014 0.9 0 0
0.103981 0.925 0 0
-0.0407764 0.95 0 0
-0.188225 0.975 0 0
-0.719869 0.99 0 0
0 0 0 0
1.01176 0.0625 0 0
1.02019 0.0875 0 0
1.01275 0.1125 0 0
1.02916 0.1375 0 0
1.01653 0.1625 0 0
1.00483 0.1875 0 0
1.02447 0.2125 0 0
1.02027 0.2375 0 0
1.01703 0.2625 0 0
1.02556 0.2875 0 0
1.01593 0.3125 0 0
1.02287 0.3375 0 0
1.02088 0.3625 0 0
1.02996 0.3875 0 0
1.02905 0.4125 0 0
1.0156 0.4375 0 0
1.01737 0.4525 0 0
1.01308 0.4675 0 0
1.01123 0.4825 0 0
1.02296 0.4975 0 0
1.00727 0.5125 0 0
1.00671 0.5275 0 0
0.950531 0.5425 0 0
1.01363 0.5575 0 0
0.997735 0.5725 0 0
0.99732 0.5875 0 0
0.982464 0.6025 0 0
0.978767 0.6175 0 0
0.963511 0.6325 0 0
0.939345 0.6475 0 0
0.932722 0.6625 0 0
0.893245 0.6775 0 0
0.872104 0.6925 0 0
0.82372 0.7075 0 0
0.797325 0.7225 0 0
0.754002 0.7375 0 0
0.687657 0.7475 0 0
0.711617 0.7575 0 0
0.67233 0.7675 0 0
0.643576 0.7775 0 0
0.647062 0.7875 0 0
0.608763 0.7975 0 0
0.586379 0.8075 0 0
0.570608 0.8175 0 0
0.491347 0.8275 0 0
0.492641 0.8375 0 0
0.465001 0.8475 0 0
0.421396 0.8575 0 0
0.4166 0.8675 0 0
0.337054 0.8775 0 0
0.331517 0.8875 0 0
0.30862 0.8975 0 0
0.301895 0.9075 0 0
0.268106 0.9175 0 0
0.225868 0.9275 0 0
0.221456 0.9375 0 0
0.179571 0.9475 0 0
0.212938 0.9575 0 0
0.196608 0.9675 0 0
0.141443 0.9775 0 0
0.138053 0.9875 0 0
0.106727 0.9975 0 0
0.13369 1.0075 0 0
0.124543 1.0175 0 0
0.14912 1.0275 0 0
0.119754 1.0375 0 0
0.129956 1.0475 0 0
0.09545 1.0575 0 0
0.107633 1.0675 0 0
0.107718 1.0775 0 0
0.128648 1.0875 0 0
0.120119 1.0975 0 0
0.12008 1.1075 0 0
0.129936 1.1175 0 0
0.146407 1.1275 0 0
0.166947 1.1375 0 0
0.202885 1.1525 0 0
0.207045 1.1675 0 0
0.247894 1.1825 0 0
0.265315 1.1975 0 0
0.322492 1.2125 0 0
0.370668 1.2275 0 0
0.397947 1.2425 0 0
0.430866 1.2575 0 0
0.468025 1.2725 0 0
0.507775 1.2875 0 0
0.562991 1.3025 0 0
0.624395 1.3175 0 0
0.662499 1.3325 0 0
0.731123 1.3475 0 0
0.779307 1.3625 0 0
0.789369 1.3775 0 0
0.860696 1.3925 0 0
0.897665 1.4075 0 0
0.916032 1.4225 0 0
0.946866 1.4375 0 0
0.965103 1.4625 0 0
0.994781 1.4875 0 0
1.00781 1.5125 0 0
0.996545 1.5375 0 0
0.998836 1.5625 0 0
1.00558 1.5875 0 0
1.02882 1.6125 0 0
0.976682 1.6375 0 0
1.01674 1.6625 0 0
1.03347 1.6875 0 0
1.00493 1.7125 0 0
1.01459 1.7375 0 0
1.00337 1.7625 0 0
1.01848 1.7875 0 0
1.0289 1.8125 0 0
0 0 0 0
-0.0868545 0.625 0 0
-0.269931 0.9375 0 0
-0.282507 1.25 0 0
-0.103971 1.5625 0 0
11
