0 0 0 0
0 0 0 0
0 0.56275 0 0.00771667
0 0 0 0
0 0 0 0
0.956315 0 0 0
0.787535 0.0005 0 0
0.654412 0.00125 0 0
0.48602 0.0025 0 0
0.224712 0.005 0 0
0.107245 0.0075 0 0
-0.0942083 0.01 0 0
-0.21336 0.015 0 0
-0.37751 0.025 0 0
-0.503488 0.05 0 0
-0.718648 0.1 0 0
-0.800478 0.125 0 0
-0.8719 0.15 0 0
-0.950167 0.175 0 0
-0.962543 0.2 0 0
-1.05114 0.225 0 0
-1.12256 0.275 0 0
-1.14698 0.325 0 0
-1.15649 0.35 0 0
-1.12775 0.375 0 0
-1.12577 0.4 0 0
-1.08956 0.425 0 0
-1.04325 0.45 0 0
-1.00216 0.475 0 0
-0.95844 0.5 0 0
-0.890548 0.525 0 0
-0.726632 0.55 0 0
-0.699692 0.575 0 0
-0.649152 0.6 0 0
-0.577983 0.625 0 0
-0.547107 0.65 0 0
-0.489778 0.675 0 0
-0.435912 0.7 0 0
-0.34108 0.75 0 0
-0.25284 0.8 0 0
-0.210292 0.825 0 0
-0.175835 0.85 0 0
-0.13085 0.875 0 0
-0.101937 0.9 0 0
-0.05591 0.925 0 0
-0.011665 0.95 0 0
0.109487 0.99 0 0
0 0 0 0
1.01597 0 0 0
0.99584 0.0005 0 0
0.918952 0.00125 0 0
0.808663 0.0025 0 0
0.70502 0.005 0 0
0.5406 0.0075 0 0
0.411545 0.01 0 0
0.194483 0.015 0 0
0.0713317 0.025 0 0
-0.0538033 0.05 0 0
-0.181598 0.075 0 0
-0.327353 0.125 0 0
-0.372978 0.15 0 0
-0.413377 0.175 0 0
-0.437558 0.2 0 0
-0.484243 0.225 0 0
-0.506897 0.25 0 0
-0.50106 0.275 0 0
-0.475972 0.3 0 0
-0.466132 0.325 0 0
-0.491123 0.35 0 0
-0.453487 0.375 0 0
-0.417917 0.4 0 0
-0.3898 0.425 0 0
-0.362287 0.45 0 0
-0.325308 0.475 0 0
-0.220232 0.5 0 0
-0.15187 0.525 0 0
-0.109003 0.55 0 0
-0.05882 0.575 0 0
-0.00461833 0.6 0 0
0.052965 0.625 0 0
0.0935433 0.65 0 0
0.140078 0.675 0 0
0.194952 0.7 0 0
0.239248 0.725 0 0
0.272112 0.75 0 0
0.342845 0.825 0 0
0.364118 0.85 0 0
0.36134 0.875 0 0
0.359575 0.9 0 0
0.346442 0.925 0 0
0.306215 0.95 0 0
0.275895 0.975 0 0
0.180605 0.99 0 0
0 0 0 0
1.01667 0.0625 0 0
1.01714 0.0875 0 0
1.01612 0.1125 0 0
1.01748 0.1375 0 0
1.01817 0.1625 0 0
1.01257 0.1875 0 0
1.02009 0.2125 0 0
1.01856 0.2375 0 0
1.0171 0.2625 0 0
1.01909 0.2875 0 0
1.01397 0.3125 0 0
1.01831 0.3375 0 0
1.01878 0.3625 0 0
1.02125 0.3875 0 0
1.02051 0.4125 0 0
1.01745 0.4375 0 0
1.01924 0.4525 0 0
1.01829 0.4675 0 0
1.01612 0.4825 0 0
1.01997 0.4975 0 0
1.01667 0.5125 0 0
1.01689 0.5275 0 0
1.00303 0.5425 0 0
1.02145 0.5575 0 0
1.01514 0.5725 0 0
1.01998 0.5875 0 0
1.01829 0.6025 0 0
1.01876 0.6175 0 0
1.01884 0.6325 0 0
1.0145 0.6475 0 0
1.01706 0.6625 0 0
1.01603 0.6775 0 0
1.01743 0.6925 0 0
1.00716 0.7075 0 0
1.01476 0.7225 0 0
1.01525 0.7375 0 0
1.00159 0.7475 0 0
1.01314 0.7575 0 0
1.01428 0.7675 0 0
1.00685 0.7775 0 0
1.01283 0.7875 0 0
1.01301 0.7975 0 0
1.01896 0.8075 0 0
1.01701 0.8175 0 0
1.01084 0.8275 0 0
1.01319 0.8375 0 0
1.01829 0.8475 0 0
1.016 0.8575 0 0
1.01202 0.8675 0 0
1.01591 0.8775 0 0
1.01645 0.8875 0 0
1.01313 0.8975 0 0
1.01528 0.9075 0 0
1.01526 0.9175 0 0
1.01079 0.9275 0 0
1.01397 0.9375 0 0
1.01404 0.9475 0 0
1.02022 0.9575 0 0
0.991482 0.9675 0 0
0.933863 0.9775 0 0
0.866547 0.9875 0 0
0.830138 0.9975 0 0
0.849408 1.0075 0 0
0.90427 1.0175 0 0
0.95324 1.0275 0 0
0.994105 1.0375 0 0
1.01151 1.0475 0 0
1.00953 1.0575 0 0
1.01065 1.0675 0 0
1.012 1.0775 0 0
1.01687 1.0875 0 0
1.01328 1.0975 0 0
1.00899 1.1075 0 0
1.00801 1.1175 0 0
1.01032 1.1275 0 0
1.00968 1.1375 0 0
1.01422 1.1525 0 0
1.01175 1.1675 0 0
1.01186 1.1825 0 0
1.00941 1.1975 0 0
1.00957 1.2125 0 0
1.01176 1.2275 0 0
1.01274 1.2425 0 0
1.01311 1.2575 0 0
1.01509 1.2725 0 0
1.01079 1.2875 0 0
1.01267 1.3025 0 0
1.0137 1.3175 0 0
1.01143 1.3325 0 0
1.01292 1.3475 0 0
1.01277 1.3625 0 0
1.0061 1.3775 0 0
1.01156 1.3925 0 0
1.01191 1.4075 0 0
1.01114 1.4225 0 0
1.01309 1.4375 0 0
1.01184 1.4625 0 0
1.01815 1.4875 0 0
1.01852 1.5125 0 0
1.01296 1.5375 0 0
1.01239 1.5625 0 0
1.01276 1.5875 0 0
1.01818 1.6125 0 0
0.993147 1.6375 0 0
1.01562 1.6625 0 0
1.01863 1.6875 0 0
1.00717 1.7125 0 0
1.01163 1.7375 0 0
1.00862 1.7625 0 0
1.01449 1.7875 0 0
1.01637 1.8125 0 0
0 0 0 0
0.00325 0.625 0 0
-0.029405 0.9375 0 0
-0.0435333 1.25 0 0
0.0103817 1.5625 0 0
6
