0 0 0 0
0 3.42857 0 0
0 1.36071 0 0.2844
0 0 0 0
0 0 0 0
-4.83559 0 0 0
-5.5092 0.0005 0 0
-5.53943 0.00125 0 0
-5.57152 0.0025 0 0
-5.54246 0.005 0 0
-5.35888 0.0075 0 0
-4.98847 0.01 0 0
-4.99829 0.015 0 0
-4.72024 0.025 0 0
-3.10268 0.05 0 0
-2.03745 0.1 0 0
-1.58241 0.125 0 0
-1.15297 0.15 0 0
-0.868441 0.175 0 0
-0.6811 0.2 0 0
-0.700677 0.225 0 0
-0.692473 0.275 0 0
-0.694914 0.325 0 0
-0.68968 0.35 0 0
-0.696189 0.375 0 0
-0.723914 0.4 0 0
-0.707281 0.425 0 0
-0.708679 0.45 0 0
-0.718733 0.475 0 0
-0.720011 0.5 0 0
-0.719953 0.525 0 0
-0.735183 0.55 0 0
-0.740236 0.575 0 0
-0.751047 0.6 0 0
-0.769417 0.625 0 0
-0.768601 0.65 0 0
-0.775694 0.675 0 0
-0.778541 0.7 0 0
-0.78191 0.75 0 0
-0.776264 0.8 0 0
-0.77109 0.825 0 0
-0.795383 0.85 0 0
-0.775853 0.875 0 0
-0.77527 0.9 0 0
-0.769864 0.925 0 0
-0.770449 0.95 0 0
-0.748953 0.99 0 0
0 0 0 0
-4.14249 0 0 0
-2.88246 0.0005 0 0
-1.95574 0.00125 0 0
-1.27433 0.0025 0 0
-0.784463 0.005 0 0
-0.233791 0.0075 0 0
0.181151 0.01 0 0
0.742754 0.015 0 0
0.923139 0.025 0 0
1.02457 0.05 0 0
1.01517 0.075 0 0
0.850946 0.125 0 0
0.764336 0.15 0 0
0.693651 0.175 0 0
0.623314 0.2 0 0
0.52327 0.225 0 0
0.48148 0.25 0 0
0.393351 0.275 0 0
0.345334 0.3 0 0
0.294706 0.325 0 0
0.173854 0.35 0 0
0.174551 0.375 0 0
0.165657 0.4 0 0
0.140311 0.425 0 0
0.106423 0.45 0 0
0.0876486 0.475 0 0
0.0959586 0.5 0 0
0.123979 0.525 0 0
0.105897 0.55 0 0
0.121707 0.575 0 0
0.139381 0.6 0 0
0.145196 0.625 0 0
0.131943 0.65 0 0
0.16531 0.675 0 0
0.184144 0.7 0 0
0.202797 0.725 0 0
0.21838 0.75 0 0
0.224947 0.825 0 0
0.230761 0.85 0 0
0.195824 0.875 0 0
0.155893 0.9 0 0
0.0871829 0.925 0 0
-0.0624443 0.95 0 0
-0.217999 0.975 0 0
-0.78105 0.99 0 0
0 0 0 0
1.01051 0.0625 0 0
1.01732 0.0875 0 0
1.00988 0.1125 0 0
1.02941 0.1375 0 0
1.0172 0.1625 0 0
1.00342 0.1875 0 0
1.024 0.2125 0 0
1.01957 0.2375 0 0
1.01534 0.2625 0 0
1.0244 0.2875 0 0
1.01174 0.3125 0 0
1.02178 0.3375 0 0
1.02057 0.3625 0 0
1.02859 0.3875 0 0
1.02708 0.4125 0 0
1.01376 0.4375 0 0
1.02086 0.4525 0 0
1.01464 0.4675 0 0
1.00952 0.4825 0 0
1.02208 0.4975 0 0
1.00708 0.5125 0 0
1.01143 0.5275 0 0
0.952901 0.5425 0 0
1.01963 0.5575 0 0
0.99817 0.5725 0 0
0.995364 0.5875 0 0
0.97391 0.6025 0 0
0.964601 0.6175 0 0
0.953549 0.6325 0 0
0.925111 0.6475 0 0
0.924326 0.6625 0 0
0.892511 0.6775 0 0
0.879017 0.6925 0 0
0.836509 0.7075 0 0
0.818511 0.7225 0 0
0.780929 0.7375 0 0
0.696681 0.7475 0 0
0.716863 0.7575 0 0
0.669956 0.7675 0 0
0.642773 0.7775 0 0
0.65301 0.7875 0 0
0.618377 0.7975 0 0
0.58698 0.8075 0 0
0.56649 0.8175 0 0
0.483296 0.8275 0 0
0.481623 0.8375 0 0
0.45932 0.8475 0 0
0.430867 0.8575 0 0
0.434984 0.8675 0 0
0.31818 0.8775 0 0
0.307089 0.8875 0 0
0.285679 0.8975 0 0
0.262034 0.9075 0 0
0.230853 0.9175 0 0
0.199936 0.9275 0 0
0.201126 0.9375 0 0
0.16462 0.9475 0 0
0.189381 0.9575 0 0
0.168014 0.9675 0 0
0.103697 0.9775 0 0
0.08967 0.9875 0 0
0.06202 0.9975 0 0
0.105507 1.0075 0 0
0.08319 1.0175 0 0
0.121057 1.0275 0 0
0.0775157 1.0375 0 0
0.0959957 1.0475 0 0
0.04874 1.0575 0 0
0.0569657 1.0675 0 0
0.06728 1.0775 0 0
0.0788014 1.0875 0 0
0.0614271 1.0975 0 0
0.0602143 1.1075 0 0
0.0810257 1.1175 0 0
0.0918671 1.1275 0 0
0.106559 1.1375 0 0
0.141119 1.1525 0 0
0.127046 1.1675 0 0
0.158159 1.1825 0 0
0.160003 1.1975 0 0
0.195054 1.2125 0 0
0.236589 1.2275 0 0
0.277899 1.2425 0 0
0.323494 1.2575 0 0
0.360637 1.2725 0 0
0.421733 1.2875 0 0
0.479363 1.3025 0 0
0.552889 1.3175 0 0
0.603464 1.3325 0 0
0.679993 1.3475 0 0
0.734904 1.3625 0 0
0.729019 1.3775 0 0
0.795226 1.3925 0 0
0.837953 1.4075 0 0
0.865039 1.4225 0 0
0.90921 1.4375 0 0
0.927186 1.4625 0 0
0.973241 1.4875 0 0
0.998711 1.5125 0 0
0.989767 1.5375 0 0
0.990397 1.5625 0 0
0.997554 1.5875 0 0
1.02138 1.6125 0 0
0.967203 1.6375 0 0
1.00982 1.6625 0 0
1.02638 1.6875 0 0
0.99598 1.7125 0 0
1.00871 1.7375 0 0
0.993777 1.7625 0 0
1.01399 1.7875 0 0
1.02521 1.8125 0 0
0 0 0 0
-0.114571 0.625 0 0
-0.315621 0.9375 0 0
-0.304053 1.25 0 0
-0.136626 1.5625 0 0
7
