0.186403 0 0 0
-0.259381 0.0005 0 0
-0.477671 0.00125 0 0
-0.732108 0.0025 0 0
-1.07677 0.005 0 0
-1.19426 0.0075 0 0
-1.36282 0.01 0 0
-1.54721 0.015 0 0
-1.46416 0.025 0 0
-1.46932 0.05 0 0
-1.44637 0.1 0 0
-1.44771 0.125 0 0
-1.45322 0.15 0 0
-1.48322 0.175 0 0
-1.37619 0.2 0 0
-1.50533 0.225 0 0
-1.52085 0.275 0 0
-1.48578 0.325 0 0
-1.46129 0.35 0 0
-1.41502 0.375 0 0
-1.40165 0.4 0 0
-1.3334 0.425 0 0
-1.28542 0.45 0 0
-1.253 0.475 0 0
-1.22322 0.5 0 0
-0.942198 0.525 0 0
-0.853813 0.55 0 0
-0.813812 0.575 0 0
-0.756727 0.6 0 0
-0.684036 0.625 0 0
-0.636638 0.65 0 0
-0.571792 0.675 0 0
-0.507042 0.7 0 0
-0.39171 0.75 0 0
-0.284489 0.8 0 0
-0.229734 0.825 0 0
-0.206463 0.85 0 0
-0.141354 0.875 0 0
-0.108254 0.9 0 0
-0.0568233 0.925 0 0
-0.0136411 0.95 0 0
0.108736 0.99 0 0
0.151516 0.99 0 0
0.282452 0.975 0 0
0.317206 0.95 0 0
0.37398 0.925 0 0
0.392321 0.9 0 0
0.393081 0.875 0 0
0.40618 0.85 0 0
0.384828 0.825 0 0
0.335996 0.75 0 0
0.305507 0.725 0 0
0.264831 0.7 0 0
0.219006 0.675 0 0
0.169588 0.65 0 0
0.162507 0.625 0 0
0.144251 0.6 0 0
0.0917833 0.575 0 0
-0.0798711 0.55 0 0
-0.0592 0.525 0 0
-0.0875856 0.5 0 0
-0.117542 0.475 0 0
-0.140634 0.45 0 0
-0.157 0.425 0 0
-0.177093 0.4 0 0
-0.212384 0.375 0 0
-0.25875 0.35 0 0
-0.180637 0.325 0 0
-0.170722 0.3 0 0
-0.174267 0.275 0 0
-0.134534 0.25 0 0
-0.120722 0.225 0 0
-0.0500067 0.2 0 0
-0.00539222 0.175 0 0
0.0481533 0.15 0 0
0.124563 0.125 0 0
0.348419 0.075 0 0
0.519269 0.05 0 0
0.658283 0.025 0 0
0.790747 0.015 0 0
0.924872 0.01 0 0
1.0007 0.0075 0 0
1.02854 0.005 0 0
1.00738 0.0025 0 0
0.94891 0.00125 0 0
0.813754 0.0005 0 0
0.49465 0 0 0
0.0667622 0.000555556 0 0
-0.392077 0.00133333 0 0
-0.629096 0.00236111 0 0
-0.90402 0.00416667 0 0
-1.23946 0.00777778 0 0
-1.35752 0.0130556 0 0
-1.52353 0.0211111 0 0
-1.70807 0.0288889 0 0
-1.62563 0.0416667 0 0
-1.63412 0.0694444 0 0
-1.59928 0.122222 0 0
-1.61497 0.15 0 0
-1.62221 0.180556 0 0
-1.64831 0.211111 0 0
-1.53855 0.238889 0 0
-1.66255 0.266667 0 0
-1.67659 0.319444 0 0
-1.63393 0.372222 0 0
-1.60412 0.4 0 0
-1.55424 0.427778 0 0
-1.53757 0.455556 0 0
-1.43809 0.483333 0 0
-1.38029 0.511111 0 0
-1.34343 0.538889 0 0
-1.30731 0.566667 0 0
-1.0182 0.594444 0 0
-0.924551 0.622222 0 0
-0.877345 0.65 0 0
-0.813065 0.677778 0 0
-0.727559 0.708333 0 0
-0.668248 0.738889 0 0
-0.597318 0.766667 0 0
-0.529983 0.794444 0 0
-0.407416 0.847222 0 0
-0.296517 0.9 0 0
-0.236048 0.927778 0 0
-0.207979 0.955556 0 0
-0.129273 0.985 0 0
-0.0914193 1.01 0 0
-0.0254398 1.03333 0 0
0.021604 1.05556 0 0
0.150289 1.09278 0 0
0.151516 0.99 0 0
0.282452 0.975 0 0
0.317206 0.95 0 0
0.37398 0.925 0 0
0.392321 0.9 0 0
0.448042 0.875 0 0
0.496597 0.850056 0 0
0.490262 0.825139 0 0
0.447927 0.750278 0 0
0.419789 0.725556 0 0
0.37602 0.700833 0 0
0.321769 0.676111 0 0
0.257449 0.651667 0 0
0.235649 0.627778 0 0
0.201948 0.605556 0 0
0.130497 0.583333 0 0
-0.0660308 0.563889 0 0
-0.0538496 0.541667 0 0
-0.0881847 0.519444 0 0
-0.123099 0.497222 0 0
-0.154048 0.475 0 0
-0.171948 0.452778 0 0
-0.196456 0.430556 0 0
-0.231354 0.408333 0 0
-0.278821 0.386111 0 0
-0.209387 0.363889 0 0
-0.19432 0.341667 0 0
-0.193944 0.319444 0 0
-0.151979 0.297222 0 0
-0.136348 0.275 0 0
-0.0630669 0.252778 0 0
-0.015124 0.230556 0 0
0.0415756 0.208333 0 0
0.115689 0.186111 0 0
0.358617 0.138889 0 0
0.535297 0.116667 0 0
0.538326 0.0972222 0 0
0.858886 0.0949444 0 0
0.67634 0.0944444 0 0
0.991669 0.0929167 0 0
0.80959 0.0872222 0 0
1.04472 0.0858333 0 0
1.06249 0.0855556 0 0
1.03013 0.0852778 0 0
0.949206 0.085 0 0
0.0667622 0.000555556 0 0
-0.392077 0.00133333 0 0
-0.629096 0.00236111 0 0
-0.90402 0.00416667 0 0
-1.23946 0.00777778 0 0
-1.35752 0.0130556 0 0
-1.52353 0.0211111 0 0
-1.70807 0.0288889 0 0
-1.62563 0.0416667 0 0
-1.63412 0.0694444 0 0
-1.59928 0.122222 0 0
-1.61497 0.15 0 0
-1.62221 0.180556 0 0
-1.64831 0.211111 0 0
-1.53855 0.238889 0 0
-1.66255 0.266667 0 0
-1.67659 0.319444 0 0
-1.63393 0.372222 0 0
-1.60412 0.4 0 0
-1.55424 0.427778 0 0
-1.53757 0.455556 0 0
-1.43809 0.483333 0 0
-1.38029 0.511111 0 0
-1.34343 0.538889 0 0
-1.30731 0.566667 0 0
-1.0182 0.594444 0 0
-0.924551 0.622222 0 0
-0.877345 0.65 0 0
-0.813065 0.677778 0 0
-0.727559 0.708333 0 0
-0.668248 0.738889 0 0
-0.597318 0.766667 0 0
-0.529983 0.794444 0 0
-0.407416 0.847222 0 0
-0.296517 0.9 0 0
-0.236048 0.927778 0 0
-0.207979 0.955556 0 0
-0.129273 0.985 0 0
-0.0914193 1.01 0 0
-0.0254398 1.03333 0 0
0.021604 1.05556 0 0
0.150289 1.09278 0 0
0.0137978 0.990864 0 0
0.182006 0.975463 0 0
0.247306 0.950262 0 0
0.330416 0.925148 0 0
0.399739 0.900062 0 0
0.448042 0.875 0 0
0.496597 0.850056 0 0
0.490262 0.825139 0 0
0.447927 0.750278 0 0
0.419789 0.725556 0 0
0.37602 0.700833 0 0
0.321769 0.676111 0 0
0.257449 0.651667 0 0
0.235649 0.627778 0 0
0.201948 0.605556 0 0
0.130497 0.583333 0 0
-0.0660308 0.563889 0 0
-0.0538496 0.541667 0 0
-0.0881847 0.519444 0 0
-0.123099 0.497222 0 0
-0.154048 0.475 0 0
-0.171948 0.452778 0 0
-0.196456 0.430556 0 0
-0.231354 0.408333 0 0
-0.278821 0.386111 0 0
-0.209387 0.363889 0 0
-0.19432 0.341667 0 0
-0.193944 0.319444 0 0
-0.151979 0.297222 0 0
-0.136348 0.275 0 0
-0.0630669 0.252778 0 0
-0.015124 0.230556 0 0
0.0415756 0.208333 0 0
0.115689 0.186111 0 0
0.358617 0.138889 0 0
0.535297 0.116667 0 0
0.538326 0.0972222 0 0
0.858886 0.0949444 0 0
0.67634 0.0944444 0 0
0.991669 0.0929167 0 0
0.80959 0.0872222 0 0
1.04472 0.0858333 0 0
1.06249 0.0855556 0 0
1.03013 0.0852778 0 0
0.949206 0.085 0 0
0.0667622 0.000555556 0 0
-0.392077 0.00133333 0 0
-0.629096 0.00236111 0 0
-0.90402 0.00416667 0 0
-1.23946 0.00777778 0 0
-1.35752 0.0130556 0 0
-1.52353 0.0211111 0 0
-1.70807 0.0288889 0 0
-1.62563 0.0416667 0 0
-1.63412 0.0694444 0 0
-1.59928 0.122222 0 0
-1.61497 0.15 0 0
-1.62221 0.180556 0 0
-1.64831 0.211111 0 0
-1.53855 0.238889 0 0
-1.66255 0.266667 0 0
-1.67659 0.319444 0 0
-1.63393 0.372222 0 0
-1.60412 0.4 0 0
-1.55424 0.427778 0 0
-1.53757 0.455556 0 0
-1.43809 0.483333 0 0
-1.38029 0.511111 0 0
-1.34343 0.538889 0 0
-1.30731 0.566667 0 0
-1.0182 0.594444 0 0
-0.924551 0.622222 0 0
-0.877345 0.65 0 0
-0.813065 0.677778 0 0
-0.727559 0.708333 0 0
-0.668248 0.738889 0 0
-0.597318 0.766667 0 0
-0.529983 0.794444 0 0
-0.407416 0.847222 0 0
-0.296517 0.9 0 0
-0.236048 0.927778 0 0
-0.207979 0.955556 0 0
-0.129273 0.985 0 0
-0.0914193 1.01 0 0
-0.0254398 1.03333 0 0
0.021604 1.05556 0 0
0.150289 1.09278 0 0
0.0137978 0.990864 0 0
0.182006 0.975463 0 0
0.247306 0.950262 0 0
0.330416 0.925148 0 0
0.399739 0.900062 0 0
0.448042 0.875 0 0
0.496597 0.850056 0 0
0.490262 0.825139 0 0
0.447927 0.750278 0 0
0.419789 0.725556 0 0
0.37602 0.700833 0 0
0.321769 0.676111 0 0
0.257449 0.651667 0 0
0.235649 0.627778 0 0
0.201948 0.605556 0 0
0.130497 0.583333 0 0
-0.0660308 0.563889 0 0
-0.0538496 0.541667 0 0
-0.0881847 0.519444 0 0
-0.123099 0.497222 0 0
-0.154048 0.475 0 0
-0.171948 0.452778 0 0
-0.196456 0.430556 0 0
-0.231354 0.408333 0 0
-0.278821 0.386111 0 0
-0.209387 0.363889 0 0
-0.19432 0.341667 0 0
-0.193944 0.319444 0 0
-0.151979 0.297222 0 0
-0.136348 0.275 0 0
-0.0630669 0.252778 0 0
-0.015124 0.230556 0 0
0.0415756 0.208333 0 0
0.115689 0.186111 0 0
0.358617 0.138889 0 0
0.535297 0.116667 0 0
0.538326 0.0972222 0 0
0.858886 0.0949444 0 0
0.67634 0.0944444 0 0
0.991669 0.0929167 0 0
0.80959 0.0872222 0 0
1.04472 0.0858333 0 0
1.06249 0.0855556 0 0
1.03013 0.0852778 0 0
0.949206 0.085 0 0
0.0667622 0.000555556 0 0
-0.392077 0.00133333 0 0
-0.629096 0.00236111 0 0
-0.90402 0.00416667 0 0
-1.23946 0.00777778 0 0
-1.35752 0.0130556 0 0
-1.52353 0.0211111 0 0
-1.70807 0.0288889 0 0
-1.62563 0.0416667 0 0
-1.63412 0.0694444 0 0
-1.59928 0.122222 0 0
-1.61497 0.15 0 0
-1.62221 0.180556 0 0
-1.64831 0.211111 0 0
-1.53855 0.238889 0 0
-1.66255 0.266667 0 0
-1.67659 0.319444 0 0
-1.63393 0.372222 0 0
-1.60412 0.4 0 0
-1.55424 0.427778 0 0
-1.53757 0.455556 0 0
-1.43809 0.483333 0 0
-1.38029 0.511111 0 0
-1.34343 0.538889 0 0
-1.30731 0.566667 0 0
-1.0182 0.594444 0 0
-0.924551 0.622222 0 0
-0.877345 0.65 0 0
-0.813065 0.677778 0 0
-0.727559 0.708333 0 0
-0.668248 0.738889 0 0
-0.597318 0.766667 0 0
-0.529983 0.794444 0 0
-0.407416 0.847222 0 0
-0.296517 0.9 0 0
-0.236048 0.927778 0 0
-0.207979 0.955556 0 0
-0.129273 0.985 0 0
-0.0914193 1.01 0 0
-0.0254398 1.03333 0 0
0.021604 1.05556 0 0
0.150289 1.09278 0 0
0.0137978 0.990864 0 0
0.182006 0.975463 0 0
0.247306 0.950262 0 0
0.330416 0.925148 0 0
0.399739 0.900062 0 0
0.448042 0.875 0 0
0.496597 0.850056 0 0
0.490262 0.825139 0 0
0.447927 0.750278 0 0
0.419789 0.725556 0 0
0.37602 0.700833 0 0
0.321769 0.676111 0 0
0.257449 0.651667 0 0
0.235649 0.627778 0 0
0.201948 0.605556 0 0
0.130497 0.583333 0 0
-0.0660308 0.563889 0 0
-0.0538496 0.541667 0 0
-0.0881847 0.519444 0 0
-0.123099 0.497222 0 0
-0.154048 0.475 0 0
-0.171948 0.452778 0 0
-0.196456 0.430556 0 0
-0.231354 0.408333 0 0
-0.278821 0.386111 0 0
-0.209387 0.363889 0 0
-0.19432 0.341667 0 0
-0.193944 0.319444 0 0
-0.151979 0.297222 0 0
-0.136348 0.275 0 0
-0.0630669 0.252778 0 0
-0.015124 0.230556 0 0
0.0415756 0.208333 0 0
0.115689 0.186111 0 0
0.358617 0.138889 0 0
0.535297 0.116667 0 0
0.538326 0.0972222 0 0
0.858886 0.0949444 0 0
0.67634 0.0944444 0 0
0.991669 0.0929167 0 0
0.80959 0.0872222 0 0
1.04472 0.0858333 0 0
1.06249 0.0855556 0 0
1.03013 0.0852778 0 0
0.949206 0.085 0 0
0.0667622 0.000555556 0 0
-0.392077 0.00133333 0 0
-0.629096 0.00236111 0 0
-0.90402 0.00416667 0 0
-1.23946 0.00777778 0 0
-1.35752 0.0130556 0 0
-1.52353 0.0211111 0 0
-1.70807 0.0288889 0 0
-1.62563 0.0416667 0 0
-1.63412 0.0694444 0 0
-1.59928 0.122222 0 0
-1.61497 0.15 0 0
-1.62221 0.180556 0 0
-1.64831 0.211111 0 0
-1.53855 0.238889 0 0
-1.66255 0.266667 0 0
-1.67659 0.319444 0 0
-1.63393 0.372222 0 0
-1.60412 0.4 0 0
-1.55424 0.427778 0 0
-1.53757 0.455556 0 0
-1.43809 0.483333 0 0
-1.38029 0.511111 0 0
-1.34343 0.538889 0 0
-1.30731 0.566667 0 0
-1.0182 0.594444 0 0
-0.924551 0.622222 0 0
-0.877345 0.65 0 0
-0.813065 0.677778 0 0
-0.727559 0.708333 0 0
-0.668248 0.738889 0 0
-0.597318 0.766667 0 0
-0.529983 0.794444 0 0
-0.407416 0.847222 0 0
-0.296517 0.9 0 0
-0.236048 0.927778 0 0
-0.207979 0.955556 0 0
-0.129273 0.985 0 0
-0.0914193 1.01 0 0
-0.0254398 1.03333 0 0
0.021604 1.05556 0 0
0.150289 1.09278 0 0
0.0137978 0.990864 0 0
0.182006 0.975463 0 0
0.247306 0.950262 0 0
0.330416 0.925148 0 0
0.399739 0.900062 0 0
0.448042 0.875 0 0
0.496597 0.850056 0 0
0.490262 0.825139 0 0
0.447927 0.750278 0 0
0.419789 0.725556 0 0
0.37602 0.700833 0 0
0.321769 0.676111 0 0
0.257449 0.651667 0 0
0.235649 0.627778 0 0
0.201948 0.605556 0 0
0.130497 0.583333 0 0
-0.0660308 0.563889 0 0
-0.0538496 0.541667 0 0
-0.0881847 0.519444 0 0
-0.123099 0.497222 0 0
-0.154048 0.475 0 0
-0.171948 0.452778 0 0
-0.196456 0.430556 0 0
-0.231354 0.408333 0 0
-0.278821 0.386111 0 0
-0.209387 0.363889 0 0
-0.19432 0.341667 0 0
-0.193944 0.319444 0 0
-0.151979 0.297222 0 0
-0.136348 0.275 0 0
-0.0630669 0.252778 0 0
-0.015124 0.230556 0 0
0.0415756 0.208333 0 0
0.115689 0.186111 0 0
0.358617 0.138889 0 0
0.535297 0.116667 0 0
0.538326 0.0972222 0 0
0.858886 0.0949444 0 0
0.67634 0.0944444 0 0
0.991669 0.0929167 0 0
0.80959 0.0872222 0 0
1.04472 0.0858333 0 0
1.06249 0.0855556 0 0
1.03013 0.0852778 0 0
0.949206 0.085 0 0
