0 0 0 0
0 0.444444 0 0
-0.0288201 1.05754 0 0.00838889
-0.0530746 0.000138889 0 0
0 0 0 0
0.0667622 0.000555556 0 0
-0.392077 0.00133333 0 0
-0.629096 0.00236111 0 0
-0.90402 0.00416667 0 0
-1.23946 0.00777778 0 0
-1.35752 0.0130556 0 0
-1.52353 0.0211111 0 0
-1.70807 0.0288889 0 0
-1.62563 0.0416667 0 0
-1.63412 0.0694444 0 0
-1.59928 0.122222 0 0
-1.61497 0.15 0 0
-1.62221 0.180556 0 0
-1.64831 0.211111 0 0
-1.53855 0.238889 0 0
-1.66255 0.266667 0 0
-1.67659 0.319444 0 0
-1.63393 0.372222 0 0
-1.60412 0.4 0 0
-1.55424 0.427778 0 0
-1.53757 0.455556 0 0
-1.43809 0.483333 0 0
-1.38029 0.511111 0 0
-1.34343 0.538889 0 0
-1.30731 0.566667 0 0
-1.0182 0.594444 0 0
-0.924551 0.622222 0 0
-0.877345 0.65 0 0
-0.813065 0.677778 0 0
-0.727559 0.708333 0 0
-0.668248 0.738889 0 0
-0.597318 0.766667 0 0
-0.529983 0.794444 0 0
-0.407416 0.847222 0 0
-0.296517 0.9 0 0
-0.236048 0.927778 0 0
-0.207979 0.955556 0 0
-0.129273 0.985 0 0
-0.0914193 1.01 0 0
-0.0254398 1.03333 0 0
0.021604 1.05556 0 0
0.150289 1.09278 0 0
0 0 0 0
0.538326 0.0972222 0 0
0.858886 0.0949444 0 0
0.991669 0.0929167 0 0
1.04472 0.0858333 0 0
1.06249 0.0855556 0 0
1.03013 0.0852778 0 0
0.949206 0.085 0 0
0.80959 0.0872222 0 0
0.67634 0.0944444 0 0
0.535297 0.116667 0 0
0.358617 0.138889 0 0
0.115689 0.186111 0 0
0.0415756 0.208333 0 0
-0.015124 0.230556 0 0
-0.0630669 0.252778 0 0
-0.136348 0.275 0 0
-0.151979 0.297222 0 0
-0.193944 0.319444 0 0
-0.19432 0.341667 0 0
-0.209387 0.363889 0 0
-0.278821 0.386111 0 0
-0.231354 0.408333 0 0
-0.196456 0.430556 0 0
-0.171948 0.452778 0 0
-0.154048 0.475 0 0
-0.123099 0.497222 0 0
-0.0881847 0.519444 0 0
-0.0538496 0.541667 0 0
-0.0660308 0.563889 0 0
0.130497 0.583333 0 0
0.201948 0.605556 0 0
0.235649 0.627778 0 0
0.257449 0.651667 0 0
0.321769 0.676111 0 0
0.37602 0.700833 0 0
0.419789 0.725556 0 0
0.447927 0.750278 0 0
0.490262 0.825139 0 0
0.496597 0.850056 0 0
0.448042 0.875 0 0
0.399739 0.900062 0 0
0.330416 0.925148 0 0
0.247306 0.950262 0 0
0.182006 0.975463 0 0
0.0137978 0.990864 0 0
0 0 0 0
0.841507 0.0648457 0 0
0.827419 0.0907099 0 0
0.831334 0.11713 0 0
0.847113 0.145216 0 0
0.836543 0.17608 0 0
0.824752 0.204167 0 0
0.843773 0.232562 0 0
0.837467 0.260957 0 0
0.845221 0.289043 0 0
0.839603 0.31713 0 0
0.8241 0.347994 0 0
0.83929 0.378858 0 0
0.840893 0.406944 0 0
0.854463 0.435031 0 0
0.858159 0.463117 0 0
0.856034 0.491204 0 0
0.871634 0.50929 0 0
0.867713 0.527377 0 0
0.871052 0.545463 0 0
0.914966 0.563549 0 0
0.909857 0.581636 0 0
0.917931 0.599722 0 0
0.868791 0.617809 0 0
0.95071 0.636204 0 0
0.945242 0.654599 0 0
0.960205 0.672685 0 0
0.960246 0.690772 0 0
0.980635 0.711636 0 0
0.993095 0.7325 0 0
0.985191 0.750586 0 0
1.00064 0.768673 0 0
0.998847 0.786944 0 0
1.00907 0.804722 0 0
0.992937 0.822314 0 0
1.014 0.839784 0 0
1.03009 0.85892 0 0
0.979238 0.8575 0 0
1.04163 0.865833 0 0
1.04572 0.873056 0 0
1.0375 0.880278 0 0
1.05491 0.8875 0 0
1.05828 0.894722 0 0
1.08525 0.901951 0 0
1.08114 0.909182 0 0
1.0489 0.910864 0 0
1.05425 0.918117 0 0
1.06598 0.92537 0 0
1.04905 0.932623 0 0
1.03913 0.939907 0 0
1.03707 0.947253 0 0
1.01925 0.954784 0 0
0.953495 0.962315 0 0
0.87346 0.970154 0 0
0.822122 0.977685 0 0
0.793772 0.985216 0 0
0.821608 0.992747 0 0
0.867531 1.00028 0 0
0.965952 1.00781 0 0
0.975697 1.01534 0 0
0.977866 1.02287 0 0
0.985195 1.0304 0 0
0.973848 1.03793 0 0
0.99642 1.04546 0 0
0.999996 1.05299 0 0
0.992468 1.06052 0 0
0.984071 1.06806 0 0
1.01433 1.07559 0 0
1.00548 1.08312 0 0
1.01792 1.09065 0 0
1.02396 1.09818 0 0
1.07059 1.10293 0 0
1.07309 1.11046 0 0
1.05724 1.1183 0 0
1.10449 1.12805 0 0
1.0837 1.13799 0 0
1.11829 1.14782 0 0
1.11927 1.16219 0 0
1.12781 1.17704 0 0
1.13149 1.19201 0 0
1.11825 1.20698 0 0
1.10796 1.22194 0 0
1.0191 1.22756 0 0
0.973504 1.24265 0 0
0.948374 1.25776 0 0
0.920483 1.27296 0 0
0.872708 1.28836 0 0
0.867264 1.30395 0 0
0.85016 1.31985 0 0
0.822393 1.33571 0 0
0.835779 1.35213 0 0
0.837027 1.37022 0 0
0.819596 1.39108 0 0
0.833189 1.40917 0 0
0.838666 1.42756 0 0
0.830243 1.44596 0 0
0.850329 1.46404 0 0
0.825078 1.49213 0 0
0.83912 1.52299 0 0
0.84579 1.55386 0 0
0.825154 1.58194 0 0
0.830608 1.61003 0 0
0.834971 1.63812 0 0
0.86549 1.6662 0 0
0.821687 1.69429 0 0
0.865288 1.72238 0 0
0.884769 1.75046 0 0
0.88829 1.77855 0 0
0.905905 1.80664 0 0
0.901558 1.83472 0 0
0.923544 1.86281 0 0
0.944348 1.8912 0 0
0 0 0 0
-0.0563731 0.710185 0 0
-0.0762948 1.02577 0 0
-0.0926729 1.34414 0 0
-0.0238919 1.6625 0 0
-0.0262276 0.103086 0 0
-0.0231088 0.106173 0 0
-0.0143637 0.109444 0 0
-0.0101577 0.112222 0 0
-0.00282664 0.114814 0 0
0.00240044 0.117284 0 0
0.0166988 0.12142 0 0
0.00153309 0.110096 0 0
0.0202229 0.108385 0 0
0.0274784 0.105585 0 0
0.0367129 0.102794 0 0
0.0444154 0.100007 0 0
0.0497824 0.0972222 0 0
0.0551774 0.0944507 0 0
0.0544736 0.0916821 0 0
0.0497697 0.0833642 0 0
0.0466432 0.0806173 0 0
0.04178 0.0778703 0 0
0.0357521 0.0751234 0 0
0.0286054 0.0724074 0 0
0.0261832 0.0697531 0 0
0.0224387 0.067284 0 0
0.0144997 0.0648148 0 0
-0.00733676 0.0626543 0 0
-0.00598329 0.0601852 0 0
-0.0097983 0.057716 0 0
-0.0136777 0.0552469 0 0
-0.0171164 0.0527778 0 0
-0.0191053 0.0503087 0 0
-0.0218284 0.0478396 0 0
-0.025706 0.0453703 0 0
-0.0309801 0.0429012 0 0
-0.0232652 0.0404321 0 0
-0.0215911 0.037963 0 0
-0.0215493 0.0354938 0 0
-0.0168866 0.0330247 0 0
-0.0151498 0.0305556 0 0
-0.00700743 0.0280864 0 0
-0.00168044 0.0256173 0 0
0.00461951 0.0231481 0 0
0.0128543 0.020679 0 0
0.0398463 0.0154321 0 0
0.0594774 0.012963 0 0
0.059814 0.0108025 0 0
0.0954318 0.0105494 0 0
0.0751489 0.0104938 0 0
0.110185 0.0103241 0 0
0.0899544 0.00969136 0 0
0.11608 0.00953703 0 0
0.118054 0.00950618 0 0
0.114459 0.00947531 0 0
0.105467 0.00944444 0 0
0.00741802 6.17284e-05 0 0
-0.0435641 0.000148148 0 0
-0.0698996 0.000262346 0 0
-0.100447 0.000462963 0 0
-0.137718 0.000864198 0 0
-0.150836 0.00145062 0 0
-0.169281 0.00234568 0 0
-0.189786 0.00320988 0 0
-0.180626 0.00462963 0 0
-0.181569 0.00771604 0 0
-0.177698 0.0135802 0 0
-0.179441 0.0166667 0 0
-0.180246 0.0200618 0 0
-0.183146 0.0234568 0 0
-0.17095 0.0265432 0 0
-0.184728 0.0296297 0 0
-0.186288 0.0354938 0 0
-0.181548 0.041358 0 0
-0.178236 0.0444444 0 0
-0.172693 0.0475309 0 0
-0.170841 0.0506173 0 0
-0.159788 0.0537037 0 0
-0.153366 0.0567901 0 0
-0.14927 0.0598766 0 0
-0.145257 0.062963 0 0
-0.113133 0.0660493 0 0
-0.102728 0.0691358 0 0
-0.0974828 0.0722222 0 0
-0.0903406 0.0753087 0 0
-0.0808399 0.0787037 0 0
-0.0742498 0.0820988 0 0
-0.0663687 0.0851852 0 0
-0.058887 0.0882716 0 0
-0.0452684 0.0941358 0 0
-0.0329463 0.1 0 0
-0.0262276 0.103086 0 0
-0.0231088 0.106173 0 0
-0.0143637 0.109444 0 0
-0.0101577 0.112222 0 0
-0.00282664 0.114814 0 0
0.00240044 0.117284 0 0
0.0166988 0.12142 0 0
0.00153309 0.110096 0 0
0.0202229 0.108385 0 0
0.0274784 0.105585 0 0
0.0367129 0.102794 0 0
0.0444154 0.100007 0 0
0.0497824 0.0972222 0 0
0.0551774 0.0944507 0 0
0.0544736 0.0916821 0 0
0.0497697 0.0833642 0 0
0.0466432 0.0806173 0 0
0.04178 0.0778703 0 0
0.0357521 0.0751234 0 0
0.0286054 0.0724074 0 0
0.0261832 0.0697531 0 0
0.0224387 0.067284 0 0
0.0144997 0.0648148 0 0
-0.00733676 0.0626543 0 0
-0.00598329 0.0601852 0 0
-0.0097983 0.057716 0 0
-0.0136777 0.0552469 0 0
-0.0171164 0.0527778 0 0
-0.0191053 0.0503087 0 0
-0.0218284 0.0478396 0 0
-0.025706 0.0453703 0 0
-0.0309801 0.0429012 0 0
-0.0232652 0.0404321 0 0
-0.0215911 0.037963 0 0
-0.0215493 0.0354938 0 0
-0.0168866 0.0330247 0 0
-0.0151498 0.0305556 0 0
-0.00700743 0.0280864 0 0
-0.00168044 0.0256173 0 0
0.00461951 0.0231481 0 0
0.0128543 0.020679 0 0
0.0398463 0.0154321 0 0
0.0594774 0.012963 0 0
0.059814 0.0108025 0 0
0.0954318 0.0105494 0 0
0.0751489 0.0104938 0 0
0.110185 0.0103241 0 0
0.0899544 0.00969136 0 0
0.11608 0.00953703 0 0
0.118054 0.00950618 0 0
0.114459 0.00947531 0 0
0.105467 0.00944444 0 0
0.00741802 6.17284e-05 0 0
-0.0435641 0.000148148 0 0
-0.0698996 0.000262346 0 0
-0.100447 0.000462963 0 0
-0.137718 0.000864198 0 0
-0.150836 0.00145062 0 0
-0.169281 0.00234568 0 0
-0.189786 0.00320988 0 0
-0.180626 0.00462963 0 0
-0.181569 0.00771604 0 0
-0.177698 0.0135802 0 0
-0.179441 0.0166667 0 0
-0.180246 0.0200618 0 0
-0.183146 0.0234568 0 0
-0.17095 0.0265432 0 0
-0.184728 0.0296297 0 0
-0.186288 0.0354938 0 0
-0.181548 0.041358 0 0
-0.178236 0.0444444 0 0
-0.172693 0.0475309 0 0
-0.170841 0.0506173 0 0
-0.159788 0.0537037 0 0
-0.153366 0.0567901 0 0
-0.14927 0.0598766 0 0
-0.145257 0.062963 0 0
-0.113133 0.0660493 0 0
-0.102728 0.0691358 0 0
-0.0974828 0.0722222 0 0
-0.0903406 0.0753087 0 0
-0.0808399 0.0787037 0 0
-0.0742498 0.0820988 0 0
-0.0663687 0.0851852 0 0
-0.058887 0.0882716 0 0
-0.0452684 0.0941358 0 0
-0.0329463 0.1 0 0
-0.0262276 0.103086 0 0
-0.0231088 0.106173 0 0
-0.0143637 0.109444 0 0
-0.0101577 0.112222 0 0
-0.00282664 0.114814 0 0
0.00240044 0.117284 0 0
0.0166988 0.12142 0 0
0.00153309 0.110096 0 0
0.0202229 0.108385 0 0
0.0274784 0.105585 0 0
0.0367129 0.102794 0 0
0.0444154 0.100007 0 0
0.0497824 0.0972222 0 0
0.0551774 0.0944507 0 0
0.0544736 0.0916821 0 0
0.0497697 0.0833642 0 0
0.0466432 0.0806173 0 0
0.04178 0.0778703 0 0
0.0357521 0.0751234 0 0
0.0286054 0.0724074 0 0
0.0261832 0.0697531 0 0
0.0224387 0.067284 0 0
0.0144997 0.0648148 0 0
-0.00733676 0.0626543 0 0
-0.00598329 0.0601852 0 0
-0.0097983 0.057716 0 0
-0.0136777 0.0552469 0 0
-0.0171164 0.0527778 0 0
-0.0191053 0.0503087 0 0
-0.0218284 0.0478396 0 0
-0.025706 0.0453703 0 0
-0.0309801 0.0429012 0 0
-0.0232652 0.0404321 0 0
-0.0215911 0.037963 0 0
-0.0215493 0.0354938 0 0
-0.0168866 0.0330247 0 0
-0.0151498 0.0305556 0 0
-0.00700743 0.0280864 0 0
-0.00168044 0.0256173 0 0
0.00461951 0.0231481 0 0
0.0128543 0.020679 0 0
0.0398463 0.0154321 0 0
0.0594774 0.012963 0 0
0.059814 0.0108025 0 0
0.0954318 0.0105494 0 0
0.0751489 0.0104938 0 0
0.110185 0.0103241 0 0
0.0899544 0.00969136 0 0
0.11608 0.00953703 0 0
0.118054 0.00950618 0 0
0.114459 0.00947531 0 0
0.105467 0.00944444 0 0
9
