0 0 0 0
0 1.4 0 0
0 1.36126 0 0.10397
0 0 0 0
0 0 0 0
-2.58462 0 0 0
-3.319 0.0005 0 0
-3.50305 0.00125 0 0
-3.73212 0.0025 0 0
-3.99734 0.005 0 0
-4.00649 0.0075 0 0
-3.91486 0.01 0 0
-3.92078 0.015 0 0
-3.41203 0.025 0 0
-3.17203 0.05 0 0
-2.36405 0.1 0 0
-2.19842 0.125 0 0
-2.04752 0.15 0 0
-1.94866 0.175 0 0
-1.70722 0.2 0 0
-1.74502 0.225 0 0
-1.54327 0.275 0 0
-1.2949 0.325 0 0
-1.16425 0.35 0 0
-0.996004 0.375 0 0
-0.869237 0.4 0 0
-0.68237 0.425 0 0
-0.558042 0.45 0 0
-0.488563 0.475 0 0
-0.459462 0.5 0 0
-0.446887 0.525 0 0
-0.458193 0.55 0 0
-0.457177 0.575 0 0
-0.469336 0.6 0 0
-0.485668 0.625 0 0
-0.484725 0.65 0 0
-0.492153 0.675 0 0
-0.495256 0.7 0 0
-0.500694 0.75 0 0
-0.49666 0.8 0 0
-0.492375 0.825 0 0
-0.521724 0.85 0 0
-0.504253 0.875 0 0
-0.512205 0.9 0 0
-0.51175 0.925 0 0
-0.521951 0.95 0 0
-0.51178 0.99 0 0
0 0 0 0
-1.95489 0 0 0
-1.00736 0.0005 0 0
-0.387021 0.00125 0 0
0.047151 0.0025 0 0
0.343849 0.005 0 0
0.636101 0.0075 0 0
0.813288 0.01 0 0
1.01476 0.015 0 0
1.01904 0.025 0 0
0.978351 0.05 0 0
0.855245 0.075 0 0
0.614215 0.125 0 0
0.516496 0.15 0 0
0.441317 0.175 0 0
0.375233 0.2 0 0
0.279675 0.225 0 0
0.242902 0.25 0 0
0.16992 0.275 0 0
0.141146 0.3 0 0
0.103837 0.325 0 0
-0.002411 0.35 0 0
0.015874 0.375 0 0
0.024531 0.4 0 0
0.015425 0.425 0 0
0.000936 0.45 0 0
-0.000127 0.475 0 0
0.024817 0.5 0 0
0.065591 0.525 0 0
0.063714 0.55 0 0
0.092449 0.575 0 0
0.119143 0.6 0 0
0.123833 0.625 0 0
0.110652 0.65 0 0
0.146205 0.675 0 0
0.225677 0.7 0 0
0.273109 0.725 0 0
0.283146 0.75 0 0
0.284698 0.825 0 0
0.294167 0.85 0 0
0.258291 0.875 0 0
0.23086 0.9 0 0
0.177551 0.925 0 0
0.054363 0.95 0 0
-0.069068 0.975 0 0
-0.517536 0.99 0 0
0 0 0 0
1.01121 0.0625 0 0
1.0199 0.0875 0 0
1.01114 0.1125 0 0
1.03153 0.1375 0 0
1.01696 0.1625 0 0
1.00533 0.1875 0 0
1.02594 0.2125 0 0
1.02125 0.2375 0 0
1.01819 0.2625 0 0
1.02562 0.2875 0 0
1.01525 0.3125 0 0
1.02251 0.3375 0 0
1.0215 0.3625 0 0
1.03088 0.3875 0 0
1.0299 0.4125 0 0
1.01623 0.4375 0 0
1.02476 0.4525 0 0
1.01913 0.4675 0 0
1.01484 0.4825 0 0
1.03002 0.4975 0 0
1.015 0.5125 0 0
1.01579 0.5275 0 0
0.963369 0.5425 0 0
1.03321 0.5575 0 0
1.02178 0.5725 0 0
1.02881 0.5875 0 0
1.02219 0.6025 0 0
1.02843 0.6175 0 0
1.0268 0.6325 0 0
1.01247 0.6475 0 0
1.02084 0.6625 0 0
1.00744 0.6775 0 0
1.00786 0.6925 0 0
0.97534 0.7075 0 0
0.981369 0.7225 0 0
0.964699 0.7375 0 0
0.902199 0.7475 0 0
0.942284 0.7575 0 0
0.93265 0.7675 0 0
0.9076 0.7775 0 0
0.907489 0.7875 0 0
0.888138 0.7975 0 0
0.889064 0.8075 0 0
0.864076 0.8175 0 0
0.801562 0.8275 0 0
0.798239 0.8375 0 0
0.78706 0.8475 0 0
0.756639 0.8575 0 0
0.735387 0.8675 0 0
0.712419 0.8775 0 0
0.699202 0.8875 0 0
0.671646 0.8975 0 0
0.665705 0.9075 0 0
0.649406 0.9175 0 0
0.628039 0.9275 0 0
0.627531 0.9375 0 0
0.623613 0.9475 0 0
0.664091 0.9575 0 0
0.633944 0.9675 0 0
0.621691 0.9775 0 0
0.637335 0.9875 0 0
0.625385 0.9975 0 0
0.650618 1.0075 0 0
0.671727 1.0175 0 0
0.670784 1.0275 0 0
0.678809 1.0375 0 0
0.708183 1.0475 0 0
0.71698 1.0575 0 0
0.732184 1.0675 0 0
0.742964 1.0775 0 0
0.791728 1.0875 0 0
0.795423 1.0975 0 0
0.798972 1.1075 0 0
0.823192 1.1175 0 0
0.846337 1.1275 0 0
0.868103 1.1375 0 0
0.902467 1.1525 0 0
0.909984 1.1675 0 0
0.934453 1.1825 0 0
0.939886 1.1975 0 0
0.948214 1.2125 0 0
0.976335 1.2275 0 0
0.993094 1.2425 0 0
0.999497 1.2575 0 0
1.01287 1.2725 0 0
1.00257 1.2875 0 0
1.01368 1.3025 0 0
1.01901 1.3175 0 0
1.01395 1.3325 0 0
1.0221 1.3475 0 0
1.02296 1.3625 0 0
1.00198 1.3775 0 0
1.01826 1.3925 0 0
1.02124 1.4075 0 0
1.01831 1.4225 0 0
1.02048 1.4375 0 0
1.01109 1.4625 0 0
1.02766 1.4875 0 0
1.03243 1.5125 0 0
1.00656 1.5375 0 0
1.00541 1.5625 0 0
1.01026 1.5875 0 0
1.03051 1.6125 0 0
0.978389 1.6375 0 0
1.01823 1.6625 0 0
1.03207 1.6875 0 0
1.00203 1.7125 0 0
1.01615 1.7375 0 0
1.00031 1.7625 0 0
1.01785 1.7875 0 0
1.02757 1.8125 0 0
0 0 0 0
-0.008707 0.625 0 0
-0.138359 0.9375 0 0
-0.07499 1.25 0 0
-0.006455 1.5625 0 0
10
