0 0 0 0
0 0.0769231 0 0
0 0.689662 0 0.00791538
0 0 0 0
0 0 0 0
0.842005 0 0 0
0.594807 0.0005 0 0
0.42384 0.00125 0 0
0.230958 0.0025 0 0
-0.0551154 0.005 0 0
-0.174176 0.0075 0 0
-0.378539 0.01 0 0
-0.608745 0.015 0 0
-0.627994 0.025 0 0
-0.732078 0.05 0 0
-0.888931 0.1 0 0
-0.957485 0.125 0 0
-1.0106 0.15 0 0
-1.07355 0.175 0 0
-1.02071 0.2 0 0
-1.15324 0.225 0 0
-1.21233 0.275 0 0
-1.21907 0.325 0 0
-1.21409 0.35 0 0
-1.18295 0.375 0 0
-1.18815 0.4 0 0
-1.13136 0.425 0 0
-1.07772 0.45 0 0
-1.03687 0.475 0 0
-0.995057 0.5 0 0
-0.968377 0.525 0 0
-0.902948 0.55 0 0
-0.658628 0.575 0 0
-0.64269 0.6 0 0
-0.591251 0.625 0 0
-0.557145 0.65 0 0
-0.504375 0.675 0 0
-0.448605 0.7 0 0
-0.348295 0.75 0 0
-0.253279 0.8 0 0
-0.205585 0.825 0 0
-0.188095 0.85 0 0
-0.127156 0.875 0 0
-0.100663 0.9 0 0
-0.0534354 0.925 0 0
-0.0142208 0.95 0 0
0.108619 0.99 0 0
0 0 0 0
0.972304 0 0 0
1.03049 0.0005 0 0
1.00063 0.00125 0 0
0.930158 0.0025 0 0
0.863585 0.005 0 0
0.726196 0.0075 0 0
0.594105 0.01 0 0
0.398034 0.015 0 0
0.257863 0.025 0 0
0.129172 0.05 0 0
-0.0156123 0.075 0 0
-0.191966 0.125 0 0
-0.248199 0.15 0 0
-0.284198 0.175 0 0
-0.316508 0.2 0 0
-0.371815 0.225 0 0
-0.37485 0.25 0 0
-0.398125 0.275 0 0
-0.379492 0.3 0 0
-0.374665 0.325 0 0
-0.440156 0.35 0 0
-0.384012 0.375 0 0
-0.335977 0.4 0 0
-0.304067 0.425 0 0
-0.284724 0.45 0 0
-0.267207 0.475 0 0
-0.245294 0.5 0 0
-0.228642 0.525 0 0
-0.0190815 0.55 0 0
0.00982462 0.575 0 0
0.0491946 0.6 0 0
0.08884 0.625 0 0
0.1041 0.65 0 0
0.160861 0.675 0 0
0.213819 0.7 0 0
0.259902 0.725 0 0
0.293856 0.75 0 0
0.350493 0.825 0 0
0.374975 0.85 0 0
0.365844 0.875 0 0
0.367949 0.9 0 0
0.353371 0.925 0 0
0.299892 0.95 0 0
0.2738 0.975 0 0
0.162904 0.99 0 0
0 0 0 0
1.00939 0.0625 0 0
1.01623 0.0875 0 0
1.00796 0.1125 0 0
1.02566 0.1375 0 0
1.01344 0.1625 0 0
1.00304 0.1875 0 0
1.02201 0.2125 0 0
1.01781 0.2375 0 0
1.01465 0.2625 0 0
1.02176 0.2875 0 0
1.01167 0.3125 0 0
1.01879 0.3375 0 0
1.01715 0.3625 0 0
1.02644 0.3875 0 0
1.02471 0.4125 0 0
1.01223 0.4375 0 0
1.0205 0.4525 0 0
1.01795 0.4675 0 0
1.01344 0.4825 0 0
1.02511 0.4975 0 0
1.01093 0.5125 0 0
1.01545 0.5275 0 0
0.962526 0.5425 0 0
1.02907 0.5575 0 0
1.01619 0.5725 0 0
1.02508 0.5875 0 0
1.01814 0.6025 0 0
1.02526 0.6175 0 0
1.02498 0.6325 0 0
1.00985 0.6475 0 0
1.02331 0.6625 0 0
1.01158 0.6775 0 0
1.01787 0.6925 0 0
0.995423 0.7075 0 0
1.0117 0.7225 0 0
1.01254 0.7375 0 0
0.960236 0.7475 0 0
1.00768 0.7575 0 0
1.00784 0.7675 0 0
0.997003 0.7775 0 0
1.01133 0.7875 0 0
1.0071 0.7975 0 0
1.0287 0.8075 0 0
1.02297 0.8175 0 0
0.998428 0.8275 0 0
1.00589 0.8375 0 0
1.02334 0.8475 0 0
1.01176 0.8575 0 0
1.01019 0.8675 0 0
1.01211 0.8775 0 0
1.02047 0.8875 0 0
1.01146 0.8975 0 0
1.017 0.9075 0 0
1.01508 0.9175 0 0
1.00143 0.9275 0 0
0.997375 0.9375 0 0
0.966648 0.9475 0 0
0.949376 0.9575 0 0
0.868967 0.9675 0 0
0.821822 0.9775 0 0
0.834947 0.9875 0 0
0.858845 0.9975 0 0
0.929068 1.0075 0 0
0.985835 1.0175 0 0
0.998523 1.0275 0 0
0.998427 1.0375 0 0
1.01963 1.0475 0 0
1.00623 1.0575 0 0
1.01112 1.0675 0 0
1.01059 1.0775 0 0
1.02823 1.0875 0 0
1.01245 1.0975 0 0
0.995612 1.1075 0 0
0.999883 1.1175 0 0
1.00626 1.1275 0 0
1.0062 1.1375 0 0
1.02527 1.1525 0 0
1.01053 1.1675 0 0
1.01214 1.1825 0 0
1.0006 1.1975 0 0
0.999419 1.2125 0 0
1.01307 1.2275 0 0
1.01604 1.2425 0 0
1.01539 1.2575 0 0
1.02207 1.2725 0 0
1.00824 1.2875 0 0
1.01458 1.3025 0 0
1.01836 1.3175 0 0
1.01013 1.3325 0 0
1.01551 1.3475 0 0
1.01768 1.3625 0 0
0.996942 1.3775 0 0
1.01291 1.3925 0 0
1.01601 1.4075 0 0
1.01294 1.4225 0 0
1.01696 1.4375 0 0
1.00738 1.4625 0 0
1.02402 1.4875 0 0
1.02467 1.5125 0 0
1.00471 1.5375 0 0
1.00292 1.5625 0 0
1.00424 1.5875 0 0
1.02505 1.6125 0 0
0.974966 1.6375 0 0
1.01428 1.6625 0 0
1.02916 1.6875 0 0
0.999451 1.7125 0 0
1.00938 1.7375 0 0
0.996852 1.7625 0 0
1.01465 1.7875 0 0
1.02372 1.8125 0 0
0 0 0 0
0.00301692 0.625 0 0
-0.02295 0.9375 0 0
-0.0432223 1.25 0 0
0.0170708 1.5625 0 0
13
