-0.869431 0 0 0
-1.47853 0.0005 0 0
-1.70764 0.00125 0 0
-1.9818 0.0025 0 0
-2.33304 0.005 0 0
-2.42139 0.0075 0 0
-2.5113 0.01 0 0
-2.63187 0.015 0 0
-2.38871 0.025 0 0
-2.26756 0.05 0 0
-2.01918 0.1 0 0
-1.94116 0.125 0 0
-1.89054 0.15 0 0
-1.87777 0.175 0 0
-1.72105 0.2 0 0
-1.83575 0.225 0 0
-1.80411 0.275 0 0
-1.73074 0.325 0 0
-1.69185 0.35 0 0
-1.6446 0.375 0 0
-1.61998 0.4 0 0
-1.48131 0.425 0 0
-1.3525 0.45 0 0
-1.28058 0.475 0 0
-1.20036 0.5 0 0
-1.08403 0.525 0 0
-0.983846 0.55 0 0
-0.91105 0.575 0 0
-0.832801 0.6 0 0
-0.748289 0.625 0 0
-0.684201 0.65 0 0
-0.612631 0.675 0 0
-0.54013 0.7 0 0
-0.409117 0.75 0 0
-0.289244 0.8 0 0
-0.229519 0.825 0 0
-0.201833 0.85 0 0
-0.1313 0.875 0 0
-0.09334 0.9 0 0
-0.04046 0.925 0 0
-0.000112857 0.95 0 0
0.0917771 0.99 0 0
0.0998986 0.99 0 0
0.277353 0.975 0 0
0.31973 0.95 0 0
0.386539 0.925 0 0
0.40877 0.9 0 0
0.413529 0.875 0 0
0.429669 0.85 0 0
0.410106 0.825 0 0
0.372836 0.75 0 0
0.345151 0.725 0 0
0.311717 0.7 0 0
0.271893 0.675 0 0
0.23132 0.65 0 0
0.240547 0.625 0 0
0.158703 0.6 0 0
0.07941 0.575 0 0
0.0586271 0.55 0 0
0.0683829 0.525 0 0
0.0309429 0.5 0 0
-0.00487429 0.475 0 0
-0.0222329 0.45 0 0
-0.0262957 0.425 0 0
-0.0354071 0.4 0 0
-0.0621643 0.375 0 0
-0.0959471 0.35 0 0
-0.00818429 0.325 0 0
0.0107971 0.3 0 0
0.02148 0.275 0 0
0.0742457 0.25 0 0
0.0948471 0.225 0 0
0.176057 0.2 0 0
0.23045 0.175 0 0
0.293954 0.15 0 0
0.381953 0.125 0 0
0.625697 0.075 0 0
0.789854 0.05 0 0
0.903219 0.025 0 0
0.993831 0.015 0 0
1.003 0.01 0 0
0.98913 0.0075 0 0
0.894221 0.005 0 0
0.759666 0.0025 0 0
0.541351 0.00125 0 0
0.203343 0.0005 0 0
-0.400177 0 0 0
-1.20272 0.000714286 0 0
-1.82444 0.00157143 0 0
-2.06639 0.00267857 0 0
-2.35778 0.00464286 0 0
-2.67428 0.00857143 0 0
-2.74533 0.0146429 0 0
-2.79976 0.0242857 0 0
-2.90917 0.0328571 0 0
-2.65878 0.0464286 0 0
-2.53582 0.075 0 0
-2.26504 0.128571 0 0
-2.20341 0.157143 0 0
-2.14827 0.189286 0 0
-2.12502 0.221429 0 0
-1.96274 0.25 0 0
-2.07069 0.278571 0 0
-2.03554 0.332143 0 0
-1.94236 0.385714 0 0
-1.88506 0.414286 0 0
-1.82754 0.442857 0 0
-1.79146 0.471429 0 0
-1.63617 0.5 0 0
-1.49305 0.528571 0 0
-1.41073 0.557143 0 0
-1.31933 0.585714 0 0
-1.19093 0.614286 0 0
-1.08159 0.642857 0 0
-0.998569 0.671429 0 0
-0.909963 0.7 0 0
-0.806734 0.732143 0 0
-0.725522 0.764286 0 0
-0.64542 0.792857 0 0
-0.568963 0.821429 0 0
-0.427874 0.875 0 0
-0.302579 0.928571 0 0
-0.235299 0.957143 0 0
-0.201849 0.985714 0 0
-0.118189 1.01643 0 0
-0.0790688 1.04143 0 0
-0.000838143 1.06429 0 0
0.0455629 1.08571 0 0
0.146997 1.12214 0 0
0.0998986 0.99 0 0
0.277353 0.975 0 0
0.31973 0.95 0 0
0.386539 0.925 0 0
0.40877 0.9 0 0
0.35636 0.875 0 0
0.458718 0.850071 0 0
0.487442 0.825179 0 0
0.481359 0.750357 0 0
0.472897 0.725714 0 0
0.453021 0.701071 0 0
0.415179 0.676429 0 0
0.373296 0.652143 0 0
0.369578 0.628571 0 0
0.271539 0.607143 0 0
0.168795 0.585714 0 0
0.113192 0.567857 0 0
0.110376 0.546429 0 0
0.0638643 0.525 0 0
0.0202767 0.503571 0 0
-0.00868327 0.482143 0 0
-0.0156892 0.460714 0 0
-0.0323386 0.439286 0 0
-0.0606218 0.417857 0 0
-0.0971163 0.396429 0 0
-0.021891 0.375 0 0
0.00191653 0.353571 0 0
0.0164218 0.332143 0 0
0.0704892 0.310714 0 0
0.091671 0.289286 0 0
0.175361 0.267857 0 0
0.23487 0.246429 0 0
0.303723 0.225 0 0
0.390328 0.203571 0 0
0.637041 0.157143 0 0
0.812526 0.135714 0 0
-0.341102 0.125 0 0
0.264724 0.121929 0 0
0.599938 0.119107 0 0
0.937582 0.114286 0 0
0.812928 0.109643 0 0
0.943529 0.108571 0 0
1.02688 0.107857 0 0
1.03366 0.1075 0 0
1.04185 0.106429 0 0
-1.20272 0.000714286 0 0
-1.82444 0.00157143 0 0
-2.06639 0.00267857 0 0
-2.35778 0.00464286 0 0
-2.67428 0.00857143 0 0
-2.74533 0.0146429 0 0
-2.79976 0.0242857 0 0
-2.90917 0.0328571 0 0
-2.65878 0.0464286 0 0
-2.53582 0.075 0 0
-2.26504 0.128571 0 0
-2.20341 0.157143 0 0
-2.14827 0.189286 0 0
-2.12502 0.221429 0 0
-1.96274 0.25 0 0
-2.07069 0.278571 0 0
-2.03554 0.332143 0 0
-1.94236 0.385714 0 0
-1.88506 0.414286 0 0
-1.82754 0.442857 0 0
-1.79146 0.471429 0 0
-1.63617 0.5 0 0
-1.49305 0.528571 0 0
-1.41073 0.557143 0 0
-1.31933 0.585714 0 0
-1.19093 0.614286 0 0
-1.08159 0.642857 0 0
-0.998569 0.671429 0 0
-0.909963 0.7 0 0
-0.806734 0.732143 0 0
-0.725522 0.764286 0 0
-0.64542 0.792857 0 0
-0.568963 0.821429 0 0
-0.427874 0.875 0 0
-0.302579 0.928571 0 0
-0.235299 0.957143 0 0
-0.201849 0.985714 0 0
-0.118189 1.01643 0 0
-0.0790688 1.04143 0 0
-0.000838143 1.06429 0 0
0.0455629 1.08571 0 0
0.146997 1.12214 0 0
-0.282141 0.991224 0 0
-0.0594729 0.975663 0 0
0.0245314 0.950383 0 0
0.125904 0.925224 0 0
0.236953 0.900102 0 0
0.35636 0.875 0 0
0.458718 0.850071 0 0
0.487442 0.825179 0 0
0.481359 0.750357 0 0
0.472897 0.725714 0 0
0.453021 0.701071 0 0
0.415179 0.676429 0 0
0.373296 0.652143 0 0
0.369578 0.628571 0 0
0.271539 0.607143 0 0
0.168795 0.585714 0 0
0.113192 0.567857 0 0
0.110376 0.546429 0 0
0.0638643 0.525 0 0
0.0202767 0.503571 0 0
-0.00868327 0.482143 0 0
-0.0156892 0.460714 0 0
-0.0323386 0.439286 0 0
-0.0606218 0.417857 0 0
-0.0971163 0.396429 0 0
-0.021891 0.375 0 0
0.00191653 0.353571 0 0
0.0164218 0.332143 0 0
0.0704892 0.310714 0 0
0.091671 0.289286 0 0
0.175361 0.267857 0 0
0.23487 0.246429 0 0
0.303723 0.225 0 0
0.390328 0.203571 0 0
0.637041 0.157143 0 0
0.812526 0.135714 0 0
-0.341102 0.125 0 0
0.264724 0.121929 0 0
0.599938 0.119107 0 0
0.937582 0.114286 0 0
0.812928 0.109643 0 0
0.943529 0.108571 0 0
1.02688 0.107857 0 0
1.03366 0.1075 0 0
1.04185 0.106429 0 0
-1.20272 0.000714286 0 0
-1.82444 0.00157143 0 0
-2.06639 0.00267857 0 0
-2.35778 0.00464286 0 0
-2.67428 0.00857143 0 0
-2.74533 0.0146429 0 0
-2.79976 0.0242857 0 0
-2.90917 0.0328571 0 0
-2.65878 0.0464286 0 0
-2.53582 0.075 0 0
-2.26504 0.128571 0 0
-2.20341 0.157143 0 0
-2.14827 0.189286 0 0
-2.12502 0.221429 0 0
-1.96274 0.25 0 0
-2.07069 0.278571 0 0
-2.03554 0.332143 0 0
-1.94236 0.385714 0 0
-1.88506 0.414286 0 0
-1.82754 0.442857 0 0
-1.79146 0.471429 0 0
-1.63617 0.5 0 0
-1.49305 0.528571 0 0
-1.41073 0.557143 0 0
-1.31933 0.585714 0 0
-1.19093 0.614286 0 0
-1.08159 0.642857 0 0
-0.998569 0.671429 0 0
-0.909963 0.7 0 0
-0.806734 0.732143 0 0
-0.725522 0.764286 0 0
-0.64542 0.792857 0 0
-0.568963 0.821429 0 0
-0.427874 0.875 0 0
-0.302579 0.928571 0 0
-0.235299 0.957143 0 0
-0.201849 0.985714 0 0
-0.118189 1.01643 0 0
-0.0790688 1.04143 0 0
-0.000838143 1.06429 0 0
0.0455629 1.08571 0 0
0.146997 1.12214 0 0
-0.282141 0.991224 0 0
-0.0594729 0.975663 0 0
0.0245314 0.950383 0 0
0.125904 0.925224 0 0
0.236953 0.900102 0 0
0.35636 0.875 0 0
0.458718 0.850071 0 0
0.487442 0.825179 0 0
0.481359 0.750357 0 0
0.472897 0.725714 0 0
0.453021 0.701071 0 0
0.415179 0.676429 0 0
0.373296 0.652143 0 0
0.369578 0.628571 0 0
0.271539 0.607143 0 0
0.168795 0.585714 0 0
0.113192 0.567857 0 0
0.110376 0.546429 0 0
0.0638643 0.525 0 0
0.0202767 0.503571 0 0
-0.00868327 0.482143 0 0
-0.0156892 0.460714 0 0
-0.0323386 0.439286 0 0
-0.0606218 0.417857 0 0
-0.0971163 0.396429 0 0
-0.021891 0.375 0 0
0.00191653 0.353571 0 0
0.0164218 0.332143 0 0
0.0704892 0.310714 0 0
0.091671 0.289286 0 0
0.175361 0.267857 0 0
0.23487 0.246429 0 0
0.303723 0.225 0 0
0.390328 0.203571 0 0
0.637041 0.157143 0 0
0.812526 0.135714 0 0
-0.341102 0.125 0 0
0.264724 0.121929 0 0
0.599938 0.119107 0 0
0.937582 0.114286 0 0
0.812928 0.109643 0 0
0.943529 0.108571 0 0
1.02688 0.107857 0 0
1.03366 0.1075 0 0
1.04185 0.106429 0 0
-1.20272 0.000714286 0 0
-1.82444 0.00157143 0 0
-2.06639 0.00267857 0 0
-2.35778 0.00464286 0 0
-2.67428 0.00857143 0 0
-2.74533 0.0146429 0 0
-2.79976 0.0242857 0 0
-2.90917 0.0328571 0 0
-2.65878 0.0464286 0 0
-2.53582 0.075 0 0
-2.26504 0.128571 0 0
-2.20341 0.157143 0 0
-2.14827 0.189286 0 0
-2.12502 0.221429 0 0
-1.96274 0.25 0 0
-2.07069 0.278571 0 0
-2.03554 0.332143 0 0
-1.94236 0.385714 0 0
-1.88506 0.414286 0 0
-1.82754 0.442857 0 0
-1.79146 0.471429 0 0
-1.63617 0.5 0 0
-1.49305 0.528571 0 0
-1.41073 0.557143 0 0
-1.31933 0.585714 0 0
-1.19093 0.614286 0 0
-1.08159 0.642857 0 0
-0.998569 0.671429 0 0
-0.909963 0.7 0 0
-0.806734 0.732143 0 0
-0.725522 0.764286 0 0
-0.64542 0.792857 0 0
-0.568963 0.821429 0 0
-0.427874 0.875 0 0
-0.302579 0.928571 0 0
-0.235299 0.957143 0 0
-0.201849 0.985714 0 0
-0.118189 1.01643 0 0
-0.0790688 1.04143 0 0
-0.000838143 1.06429 0 0
0.0455629 1.08571 0 0
0.146997 1.12214 0 0
-0.282141 0.991224 0 0
-0.0594729 0.975663 0 0
0.0245314 0.950383 0 0
0.125904 0.925224 0 0
0.236953 0.900102 0 0
0.35636 0.875 0 0
0.458718 0.850071 0 0
0.487442 0.825179 0 0
0.481359 0.750357 0 0
0.472897 0.725714 0 0
0.453021 0.701071 0 0
0.415179 0.676429 0 0
0.373296 0.652143 0 0
0.369578 0.628571 0 0
0.271539 0.607143 0 0
0.168795 0.585714 0 0
0.113192 0.567857 0 0
0.110376 0.546429 0 0
0.0638643 0.525 0 0
0.0202767 0.503571 0 0
-0.00868327 0.482143 0 0
-0.0156892 0.460714 0 0
-0.0323386 0.439286 0 0
-0.0606218 0.417857 0 0
-0.0971163 0.396429 0 0
-0.021891 0.375 0 0
0.00191653 0.353571 0 0
0.0164218 0.332143 0 0
0.0704892 0.310714 0 0
0.091671 0.289286 0 0
0.175361 0.267857 0 0
0.23487 0.246429 0 0
0.303723 0.225 0 0
0.390328 0.203571 0 0
0.637041 0.157143 0 0
0.812526 0.135714 0 0
-0.341102 0.125 0 0
0.264724 0.121929 0 0
0.599938 0.119107 0 0
0.937582 0.114286 0 0
0.812928 0.109643 0 0
0.943529 0.108571 0 0
1.02688 0.107857 0 0
1.03366 0.1075 0 0
1.04185 0.106429 0 0
-1.20272 0.000714286 0 0
-1.82444 0.00157143 0 0
-2.06639 0.00267857 0 0
-2.35778 0.00464286 0 0
-2.67428 0.00857143 0 0
-2.74533 0.0146429 0 0
-2.79976 0.0242857 0 0
-2.90917 0.0328571 0 0
-2.65878 0.0464286 0 0
-2.53582 0.075 0 0
-2.26504 0.128571 0 0
-2.20341 0.157143 0 0
-2.14827 0.189286 0 0
-2.12502 0.221429 0 0
-1.96274 0.25 0 0
-2.07069 0.278571 0 0
-2.03554 0.332143 0 0
-1.94236 0.385714 0 0
-1.88506 0.414286 0 0
-1.82754 0.442857 0 0
-1.79146 0.471429 0 0
-1.63617 0.5 0 0
-1.49305 0.528571 0 0
-1.41073 0.557143 0 0
-1.31933 0.585714 0 0
-1.19093 0.614286 0 0
-1.08159 0.642857 0 0
-0.998569 0.671429 0 0
-0.909963 0.7 0 0
-0.806734 0.732143 0 0
-0.725522 0.764286 0 0
-0.64542 0.792857 0 0
-0.568963 0.821429 0 0
-0.427874 0.875 0 0
-0.302579 0.928571 0 0
-0.235299 0.957143 0 0
-0.201849 0.985714 0 0
-0.118189 1.01643 0 0
-0.0790688 1.04143 0 0
-0.000838143 1.06429 0 0
0.0455629 1.08571 0 0
0.146997 1.12214 0 0
-0.282141 0.991224 0 0
-0.0594729 0.975663 0 0
0.0245314 0.950383 0 0
0.125904 0.925224 0 0
0.236953 0.900102 0 0
0.35636 0.875 0 0
0.458718 0.850071 0 0
0.487442 0.825179 0 0
0.481359 0.750357 0 0
0.472897 0.725714 0 0
0.453021 0.701071 0 0
0.415179 0.676429 0 0
0.373296 0.652143 0 0
0.369578 0.628571 0 0
0.271539 0.607143 0 0
0.168795 0.585714 0 0
0.113192 0.567857 0 0
0.110376 0.546429 0 0
0.0638643 0.525 0 0
0.0202767 0.503571 0 0
-0.00868327 0.482143 0 0
-0.0156892 0.460714 0 0
-0.0323386 0.439286 0 0
-0.0606218 0.417857 0 0
-0.0971163 0.396429 0 0
-0.021891 0.375 0 0
0.00191653 0.353571 0 0
0.0164218 0.332143 0 0
0.0704892 0.310714 0 0
0.091671 0.289286 0 0
0.175361 0.267857 0 0
0.23487 0.246429 0 0
0.303723 0.225 0 0
0.390328 0.203571 0 0
0.637041 0.157143 0 0
0.812526 0.135714 0 0
-0.341102 0.125 0 0
0.264724 0.121929 0 0
0.599938 0.119107 0 0
0.937582 0.114286 0 0
0.812928 0.109643 0 0
0.943529 0.108571 0 0
1.02688 0.107857 0 0
1.03366 0.1075 0 0
1.04185 0.106429 0 0
