翼型实验数据

实验日期：2015年05月25日10:16:54
大气压(kPa)：100.1400  温度(℃)：25.40  密度： 1.16872kg/m^3
来流风速: 20.48m/s  攻角：8.00  雷诺数：1.01E+006 马赫数：0.06  弦长：0.800000
来流总压：100.3643kPa 来流静压：100.1192kPa 来流动压：245.1Pa
升力系数：1.4331 -0.0018 -0.0018   阻力系数： 0.0126

力矩系数：-0.0411 0.0000 0.0000

翼型上表面1
序号  压力(kPa)   压力系数  测压通道  坐标
000     -0.31400     -1.19791    001   0.00000
001     -0.47200     -1.84252    002   0.00050
002     -0.52860     -2.07344    003   0.00125
003     -0.59380     -2.33944    004   0.00250
004     -0.67840     -2.68459    005   0.00500
005     -0.69740     -2.76211    006   0.00750
006     -0.71240     -2.82330    007   0.01000
007     -0.73720     -2.92448    008   0.01500
008     -0.66580     -2.63319    009   0.02500
009     -0.62690     -2.47448    010   0.05000
010     -0.55010     -2.16115    012   0.10000
011     -0.52480     -2.05793    013   0.12500
012     -0.50780     -1.98858    014   0.15000
013     -0.50150     -1.96287    015   0.17500
014     -0.46090     -1.79723    016   0.20000
015     -0.48860     -1.91024    017   0.22500
016     -0.47020     -1.83518    019   0.27500
017     -0.44520     -1.73318    021   0.32500
018     -0.43560     -1.69401    022   0.35000
019     -0.41350     -1.60385    023   0.37500
020     -0.40870     -1.58427    024   0.40000
021     -0.38200     -1.47534    025   0.42500
022     -0.35820     -1.37824    026   0.45000
023     -0.33860     -1.29827    027   0.47500
024     -0.31560     -1.20444    028   0.50000
025     -0.28540     -1.08123    029   0.52500
026     -0.26070     -0.98046    030   0.55000
027     -0.24080     -0.89927    031   0.57500
028     -0.22060     -0.81686    032   0.60000
029     -0.19930     -0.72996    033   0.62500
030     -0.18220     -0.66019    034   0.65000
031     -0.16430     -0.58716    035   0.67500
032     -0.14580     -0.51169    036   0.70000
033     -0.11280     -0.37706    038   0.75000
034     -0.08360     -0.25793    040   0.80000
035     -0.06930     -0.19958    041   0.82500
036     -0.06270     -0.17266    042   0.85000
037     -0.04730     -0.10983    043   0.87500
038     -0.03840     -0.07352    044   0.90000
039     -0.02970     -0.03802    045   0.92500
040     -0.02410     -0.01518    046   0.95000
041     -0.01250     0.03215    048   0.99000

翼型下表面1
序号  压力(kPa)   压力系数  测压通道  坐标
000     -0.18910     -0.68834    096    0.00000
001     -0.02370     -0.01354    095    0.00050
002     0.07260     0.37934    094    0.00125
003     0.13760     0.64453    093    0.00250
004     0.17790     0.80894    092    0.00500
005     0.21140     0.94562    091    0.00750
006     0.22150     0.98682    090    0.01000
007     0.22780     1.01252    089    0.01500
008     0.21000     0.93990    088    0.02500
009     0.18480     0.83709    087    0.05000
010     0.14670     0.68165    086    0.07500
011     0.08740     0.43972    084    0.12500
012     0.06510     0.34874    083    0.15000
013     0.04800     0.27898    082    0.17500
014     0.03490     0.22553    081    0.20000
015     0.01420     0.14108    080    0.22500
016     0.00880     0.11905    079    0.25000
017     -0.00570     0.05989    078    0.27500
018     -0.00850     0.04847    077    0.30000
019     -0.01380     0.02685    076    0.32500
020     -0.03620     -0.06454    075    0.35000
021     -0.02840     -0.03272    074    0.37500
022     -0.02300     -0.01069    073    0.40000
023     -0.02130     -0.00375    072    0.42500
024     -0.02130     -0.00375    071    0.45000
025     -0.01770     0.01093    070    0.47500
026     -0.00970     0.04357    069    0.50000
027     0.00020     0.08396    068    0.52500
028     -0.00040     0.08151    067    0.55000
029     0.00480     0.10273    066    0.57500
030     0.00850     0.11782    065    0.60000
031     0.03870     0.24103    064    0.62500
032     0.03800     0.23818    063    0.65000
033     0.04580     0.27000    062    0.67500
034     0.05540     0.30917    061    0.70000
035     0.06280     0.33936    060    0.72500
036     0.07010     0.36914    059    0.75000
037     0.07790     0.40096    056    0.82500
038     0.08210     0.41810    055    0.85000
039     0.07780     0.40055    054    0.87500
040     0.07640     0.39484    053    0.90000
041     0.06950     0.36669    052    0.92500
042     0.05210     0.29570    051    0.95000
043     0.03820     0.23899    050    0.97500
044     -0.01510     0.02154    049    0.99000

尾耙总压
序号  压力(kPa)   压力系数  测压通道  坐标
000     0.22760     1.01171     129    0.06250
001     0.22950     1.01946     130    0.08750
002     0.22740     1.01089     131    0.11250
003     0.23270     1.03252     132    0.13750
004     0.22800     1.01334     133    0.16250
005     0.22570     1.00396     134    0.18750
006     0.23150     1.02762     135    0.21250
007     0.22900     1.01742     136    0.23750
008     0.22890     1.01701     137    0.26250
009     0.22990     1.02109     138    0.28750
010     0.22790     1.01293     139    0.31250
011     0.22980     1.02068     140    0.33750
012     0.23050     1.02354     141    0.36250
013     0.23240     1.03129     142    0.38750
014     0.23150     1.02762     143    0.41250
015     0.22870     1.01620     144    0.43750
016     0.23020     1.02232     145    0.45250
017     0.22900     1.01742     146    0.46750
018     0.22820     1.01416     147    0.48250
019     0.23150     1.02762     148    0.49750
020     0.22780     1.01252     149    0.51250
021     0.22940     1.01905     150    0.52750
022     0.21550     0.96234     151    0.54250
023     0.23310     1.03415     152    0.55750
024     0.22950     1.01946     153    0.57250
025     0.23200     1.02966     154    0.58750
026     0.23000     1.02150     155    0.60250
027     0.23290     1.03333     156    0.61750
028     0.23190     1.02925     157    0.63250
029     0.22770     1.01212     158    0.64750
030     0.23160     1.02803     159    0.66250
031     0.22740     1.01089     160    0.67750
032     0.22950     1.01946     161    0.69250
033     0.22450     0.99906     162    0.70750
034     0.22870     1.01620     163    0.72250
035     0.22800     1.01334     164    0.73750
036     0.21590     0.96398     165    0.74750
037     0.22610     1.00559     166    0.75750
038     0.22810     1.01375     167    0.76750
039     0.22460     0.99947     168    0.77750
040     0.22750     1.01130     169    0.78750
041     0.22500     1.00110     170    0.79750
042     0.22720     1.01008     171    0.80750
043     0.22090     0.98437     172    0.81750
044     0.20430     0.91665     173    0.82750
045     0.19710     0.88728     174    0.83750
046     0.19020     0.85912     175    0.84750
047     0.18340     0.83138     176    0.85750
048     0.17840     0.81098     177    0.86750
049     0.18390     0.83342     178    0.87750
050     0.19130     0.86361     179    0.88750
051     0.19960     0.89747     180    0.89750
052     0.20790     0.93134     181    0.90750
053     0.21400     0.95622     182    0.91750
054     0.21820     0.97336     183    0.92750
055     0.22330     0.99417     184    0.93750
056     0.22710     1.00967     185    0.94750
057     0.23800     1.05414     186    0.95750
058     0.23200     1.02966     187    0.96750
059     0.22950     1.01946     188    0.97750
060     0.22910     1.01783     189    0.98750
061     0.22610     1.00559     190    0.99750
062     0.23010     1.02191     191    1.00750
063     0.23170     1.02844     192    1.01750
064     0.22720     1.01008     193    1.02750
065     0.22560     1.00355     194    1.03750
066     0.23050     1.02354     195    1.04750
067     0.22760     1.01171     196    1.05750
068     0.22850     1.01538     197    1.06750
069     0.22780     1.01252     198    1.07750
070     0.23230     1.03088     199    1.08750
071     0.22810     1.01375     200    1.09750
072     0.22420     0.99784     201    1.10750
073     0.22590     1.00477     202    1.11750
074     0.22710     1.00967     203    1.12750
075     0.22690     1.00885     204    1.13750
076     0.23190     1.02925     205    1.15250
077     0.22650     1.00722     206    1.16750
078     0.22640     1.00681     207    1.18250
079     0.22610     1.00559     208    1.19750
080     0.22670     1.00804     209    1.21250
081     0.22900     1.01742     210    1.22750
082     0.22990     1.02109     211    1.24250
083     0.22880     1.01660     212    1.25750
084     0.23080     1.02476     213    1.27250
085     0.22700     1.00926     214    1.28750
086     0.22980     1.02068     215    1.30250
087     0.22840     1.01497     216    1.31750
088     0.22800     1.01334     217    1.33250
089     0.22960     1.01987     218    1.34750
090     0.22980     1.02068     219    1.36250
091     0.22380     0.99621     220    1.37750
092     0.22990     1.02109     221    1.39250
093     0.23020     1.02232     222    1.40750
094     0.22790     1.01293     223    1.42250
095     0.23020     1.02232     224    1.43750
096     0.22560     1.00355     225    1.46250
097     0.23160     1.02803     226    1.48750
098     0.23100     1.02558     227    1.51250
099     0.22640     1.00681     228    1.53750
100     0.22570     1.00396     229    1.56250
101     0.22570     1.00396     230    1.58750
102     0.23190     1.02925     231    1.61250
103     0.21960     0.97907     232    1.63750
104     0.22950     1.01946     233    1.66250
105     0.23220     1.03048     234    1.68750
106     0.22500     1.00110     235    1.71250
107     0.22770     1.01212     236    1.73750
108     0.22440     0.99865     237    1.76250
109     0.22950     1.01946     238    1.78750
110     0.23020     1.02232     239    1.81250

尾耙静压
序号  压力(kPa)   压力系数  测压通道  坐标
000     -0.01340     0.02848      241    0.62500
001     -0.02400     -0.01477      242    0.93750
002     -0.03250     -0.04945      243    1.25000
003     -0.01930     0.00441      244    1.56250
