翼型实验数据

实验日期：2015年05月25日10:25:13
大气压(kPa)：100.1400  温度(℃)：25.60  密度： 1.16793kg/m^3
来流风速: 20.45m/s  攻角：21.00  雷诺数：1.00E+006 马赫数：0.06  弦长：0.800000
来流总压：100.3800kPa 来流静压：100.1356kPa 来流动压：244.3Pa
升力系数：1.3305 -0.1011 -0.1011   阻力系数： 0.2632

力矩系数：-0.0302 0.0000 0.0000

翼型上表面1
序号  压力(kPa)   压力系数  测压通道  坐标
000     -1.07240     -4.37134    001   0.00000
001     -1.25140     -5.10396    002   0.00050
002     -1.27220     -5.18909    003   0.00125
003     -1.29780     -5.29386    004   0.00250
004     -1.31700     -5.37245    005   0.00500
005     -1.28720     -5.25048    006   0.00750
006     -1.20730     -4.92346    007   0.01000
007     -1.18810     -4.84488    008   0.01500
008     -1.09490     -4.46343    009   0.02500
009     -0.76240     -3.10257    010   0.05000
010     -0.58940     -2.39451    012   0.10000
011     -0.50220     -2.03761    013   0.12500
012     -0.42480     -1.72083    014   0.15000
013     -0.36310     -1.46830    015   0.17500
014     -0.27500     -1.10772    016   0.20000
015     -0.23620     -0.94892    017   0.22500
016     -0.16240     -0.64687    019   0.27500
017     -0.15170     -0.60308    021   0.32500
018     -0.14870     -0.59080    022   0.35000
019     -0.14940     -0.59366    023   0.37500
020     -0.15530     -0.61781    024   0.40000
021     -0.15090     -0.59980    025   0.42500
022     -0.15010     -0.59653    026   0.45000
023     -0.15160     -0.60267    027   0.47500
024     -0.15220     -0.60512    028   0.50000
025     -0.15270     -0.60717    029   0.52500
026     -0.15630     -0.62190    030   0.55000
027     -0.15760     -0.62723    031   0.57500
028     -0.16040     -0.63869    032   0.60000
029     -0.16530     -0.65874    033   0.62500
030     -0.16400     -0.65342    034   0.65000
031     -0.16630     -0.66283    035   0.67500
032     -0.16700     -0.66570    036   0.70000
033     -0.16760     -0.66815    038   0.75000
034     -0.16540     -0.65915    040   0.80000
035     -0.16440     -0.65506    041   0.82500
036     -0.16970     -0.67675    042   0.85000
037     -0.16450     -0.65547    043   0.87500
038     -0.16500     -0.65751    044   0.90000
039     -0.16320     -0.65015    045   0.92500
040     -0.16170     -0.64401    046   0.95000
041     -0.15560     -0.61904    048   0.99000

翼型下表面1
序号  压力(kPa)   压力系数  测压通道  坐标
000     -0.89740     -3.65510    096    0.00000
001     -0.60050     -2.43994    095    0.00050
002     -0.38720     -1.56694    094    0.00125
003     -0.23290     -0.93542    093    0.00250
004     -0.12150     -0.47947    092    0.00500
005     -0.00180     0.01044    091    0.00750
006     0.08600     0.36979    090    0.01000
007     0.20090     0.84005    089    0.01500
008     0.23280     0.97061    088    0.02500
009     0.24720     1.02955    087    0.05000
010     0.23700     0.98780    086    0.07500
011     0.19040     0.79708    084    0.12500
012     0.16790     0.70499    083    0.15000
013     0.14960     0.63009    082    0.17500
014     0.13250     0.56010    081    0.20000
015     0.10760     0.45819    080    0.22500
016     0.09830     0.42013    079    0.25000
017     0.07660     0.33131    078    0.27500
018     0.06620     0.28875    077    0.30000
019     0.05420     0.23963    076    0.32500
020     0.02680     0.12749    075    0.35000
021     0.02760     0.13077    074    0.37500
022     0.02680     0.12749    073    0.40000
023     0.02150     0.10580    072    0.42500
024     0.01460     0.07756    071    0.45000
025     0.01090     0.06242    070    0.47500
026     0.01370     0.07388    069    0.50000
027     0.02200     0.10785    068    0.52500
028     0.01830     0.09270    067    0.55000
029     0.02290     0.11153    066    0.57500
030     0.02800     0.13240    065    0.60000
031     0.03100     0.14468    064    0.62500
032     0.02820     0.13322    063    0.65000
033     0.03630     0.16637    062    0.67500
034     0.04020     0.18234    061    0.70000
035     0.04550     0.20403    060    0.72500
036     0.05030     0.22367    059    0.75000
037     0.05960     0.26174    056    0.82500
038     0.06070     0.26624    055    0.85000
039     0.04910     0.21876    054    0.87500
040     0.04140     0.18725    053    0.90000
041     0.02710     0.12872    052    0.92500
042     -0.00810     -0.01535    051    0.95000
043     -0.04110     -0.15041    050    0.97500
044     -0.15900     -0.63296    049    0.99000

尾耙总压
序号  压力(kPa)   压力系数  测压通道  坐标
000     0.24220     1.00909     129    0.06250
001     0.24490     1.02014     130    0.08750
002     0.23830     0.99312     131    0.11250
003     0.24570     1.02341     132    0.13750
004     0.24210     1.00868     133    0.16250
005     0.23890     0.99558     134    0.18750
006     0.24450     1.01850     135    0.21250
007     0.24100     1.00417     136    0.23750
008     0.24440     1.01809     137    0.26250
009     0.24400     1.01645     138    0.28750
010     0.24150     1.00622     139    0.31250
011     0.24390     1.01604     140    0.33750
012     0.24350     1.01441     141    0.36250
013     0.24540     1.02218     142    0.38750
014     0.24520     1.02136     143    0.41250
015     0.24250     1.01031     144    0.43750
016     0.24440     1.01809     145    0.45250
017     0.24450     1.01850     146    0.46750
018     0.24190     1.00786     147    0.48250
019     0.24550     1.02259     148    0.49750
020     0.24280     1.01154     149    0.51250
021     0.24360     1.01482     150    0.52750
022     0.22980     0.95833     151    0.54250
023     0.24700     1.02873     152    0.55750
024     0.24490     1.02014     153    0.57250
025     0.24630     1.02587     154    0.58750
026     0.24370     1.01523     155    0.60250
027     0.24400     1.01645     156    0.61750
028     0.24240     1.00990     157    0.63250
029     0.23690     0.98739     158    0.64750
030     0.23660     0.98617     159    0.66250
031     0.23110     0.96366     160    0.67750
032     0.23060     0.96161     161    0.69250
033     0.21740     0.90758     162    0.70750
034     0.21230     0.88671     163    0.72250
035     0.20550     0.85888     164    0.73750
036     0.19170     0.80240     165    0.74750
037     0.19530     0.81713     166    0.75750
038     0.17440     0.73159     167    0.76750
039     0.15810     0.66488     168    0.77750
040     0.15890     0.66815     169    0.78750
041     0.15120     0.63664     170    0.79750
042     0.14940     0.62927     171    0.80750
043     0.14690     0.61904     172    0.81750
044     0.12390     0.52490     173    0.82750
045     0.12250     0.51917     174    0.83750
046     0.12020     0.50976     175    0.84750
047     0.10960     0.46638     176    0.85750
048     0.11170     0.47497     177    0.86750
049     0.11070     0.47088     178    0.87750
050     0.11100     0.47211     179    0.88750
051     0.10760     0.45819     180    0.89750
052     0.10100     0.43118     181    0.90750
053     0.08810     0.37838     182    0.91750
054     0.07870     0.33991     183    0.92750
055     0.07900     0.34114     184    0.93750
056     0.07210     0.31290     185    0.94750
057     0.07920     0.34196     186    0.95750
058     0.07360     0.31904     187    0.96750
059     0.06360     0.27811     188    0.97750
060     0.06560     0.28629     189    0.98750
061     0.05810     0.25560     190    0.99750
062     0.06050     0.26542     191    1.00750
063     0.06160     0.26992     192    1.01750
064     0.05810     0.25560     193    1.02750
065     0.05450     0.24086     194    1.03750
066     0.05860     0.25764     195    1.04750
067     0.05740     0.25273     196    1.05750
068     0.05590     0.24659     197    1.06750
069     0.05390     0.23841     198    1.07750
070     0.06050     0.26542     199    1.08750
071     0.05500     0.24291     200    1.09750
072     0.05500     0.24291     201    1.10750
073     0.05750     0.25314     202    1.11750
074     0.06200     0.27156     203    1.12750
075     0.06620     0.28875     204    1.13750
076     0.07310     0.31699     205    1.15250
077     0.07800     0.33704     206    1.16750
078     0.08490     0.36528     207    1.18250
079     0.08640     0.37142     208    1.19750
080     0.09780     0.41808     209    1.21250
081     0.10980     0.46720     210    1.22750
082     0.12050     0.51099     211    1.24250
083     0.13570     0.57320     212    1.25750
084     0.14600     0.61536     213    1.27250
085     0.15880     0.66774     214    1.28750
086     0.17080     0.71686     215    1.30250
087     0.18470     0.77375     216    1.31750
088     0.19200     0.80363     217    1.33250
089     0.20800     0.86911     218    1.34750
090     0.21650     0.90390     219    1.36250
091     0.21760     0.90840     220    1.37750
092     0.22890     0.95465     221    1.39250
093     0.23540     0.98125     222    1.40750
094     0.23700     0.98780     223    1.42250
095     0.24040     1.00172     224    1.43750
096     0.23960     0.99844     225    1.46250
097     0.24410     1.01686     226    1.48750
098     0.24550     1.02259     227    1.51250
099     0.24140     1.00581     228    1.53750
100     0.23940     0.99763     229    1.56250
101     0.24180     1.00745     230    1.58750
102     0.24580     1.02382     231    1.61250
103     0.23230     0.96857     232    1.63750
104     0.24270     1.01113     233    1.66250
105     0.24690     1.02832     234    1.68750
106     0.24000     1.00008     235    1.71250
107     0.24210     1.00868     236    1.73750
108     0.23960     0.99844     237    1.76250
109     0.24310     1.01277     238    1.78750
110     0.24540     1.02218     239    1.81250

尾耙静压
序号  压力(kPa)   压力系数  测压通道  坐标
000     -0.01200     -0.03131      241    0.62500
001     -0.06220     -0.23677      242    0.93750
002     -0.05570     -0.21017      243    1.25000
003     -0.02060     -0.06651      244    1.56250
