翼型实验数据

实验日期：2015年05月25日10:23:05
大气压(kPa)：100.1400  温度(℃)：25.60  密度： 1.16793kg/m^3
来流风速: 20.46m/s  攻角：17.00  雷诺数：1.00E+006 马赫数：0.06  弦长：0.800000
来流总压：100.3726kPa 来流静压：100.1282kPa 来流动压：244.4Pa
升力系数：1.3988 -0.0552 -0.0552   阻力系数： 0.1804

力矩系数：-0.0002 0.0000 0.0000

翼型上表面1
序号  压力(kPa)   压力系数  测压通道  坐标
000     -0.86740     -3.50014    001   0.00000
001     -1.05470     -4.26692    002   0.00050
002     -1.09010     -4.41184    003   0.00125
003     -1.13410     -4.59197    004   0.00250
004     -1.18280     -4.79134    005   0.00500
005     -1.17210     -4.74753    006   0.00750
006     -1.12170     -4.54120    007   0.01000
007     -1.10690     -4.48062    008   0.01500
008     -0.97760     -3.95128    009   0.02500
009     -0.95170     -3.84525    010   0.05000
010     -0.63230     -2.53768    012   0.10000
011     -0.57050     -2.28469    013   0.12500
012     -0.51840     -2.07140    014   0.15000
013     -0.48160     -1.92074    015   0.17500
014     -0.41190     -1.63540    016   0.20000
015     -0.41020     -1.62844    017   0.22500
016     -0.33380     -1.31568    019   0.27500
017     -0.24220     -0.94068    021   0.32500
018     -0.19530     -0.74868    022   0.35000
019     -0.16100     -0.60826    023   0.37500
020     -0.14970     -0.56200    024   0.40000
021     -0.13700     -0.51001    025   0.42500
022     -0.13380     -0.49691    026   0.45000
023     -0.13300     -0.49363    027   0.47500
024     -0.13300     -0.49363    028   0.50000
025     -0.13140     -0.48708    029   0.52500
026     -0.13450     -0.49977    030   0.55000
027     -0.13530     -0.50305    031   0.57500
028     -0.13770     -0.51288    032   0.60000
029     -0.14130     -0.52761    033   0.62500
030     -0.14180     -0.52966    034   0.65000
031     -0.14360     -0.53703    035   0.67500
032     -0.14400     -0.53867    036   0.70000
033     -0.14580     -0.54604    038   0.75000
034     -0.14530     -0.54399    040   0.80000
035     -0.14490     -0.54235    041   0.82500
036     -0.15050     -0.56528    042   0.85000
037     -0.14550     -0.54481    043   0.87500
038     -0.14930     -0.56036    044   0.90000
039     -0.14770     -0.55381    045   0.92500
040     -0.14740     -0.55259    046   0.95000
041     -0.14180     -0.52966    048   0.99000

翼型下表面1
序号  压力(kPa)   压力系数  测压通道  坐标
000     -0.70070     -2.81770    096    0.00000
001     -0.42990     -1.70909    095    0.00050
002     -0.24590     -0.95583    094    0.00125
003     -0.11390     -0.41544    093    0.00250
004     -0.02090     -0.03472    092    0.00500
005     0.07490     0.35747    091    0.00750
006     0.14070     0.62685    090    0.01000
007     0.22070     0.95435    089    0.01500
008     0.23580     1.01617    088    0.02500
009     0.23830     1.02641    087    0.05000
010     0.21590     0.93470    086    0.07500
011     0.16260     0.71650    084    0.12500
012     0.13960     0.62234    083    0.15000
013     0.12060     0.54456    082    0.17500
014     0.10330     0.47374    081    0.20000
015     0.07920     0.37508    080    0.22500
016     0.07000     0.33741    079    0.25000
017     0.05030     0.25676    078    0.27500
018     0.04050     0.21665    077    0.30000
019     0.03130     0.17898    076    0.32500
020     0.00450     0.06927    075    0.35000
021     0.00690     0.07909    074    0.37500
022     0.00780     0.08278    073    0.40000
023     0.00430     0.06845    072    0.42500
024     -0.00100     0.04675    071    0.45000
025     -0.00410     0.03406    070    0.47500
026     0.00200     0.05903    069    0.50000
027     0.01110     0.09629    068    0.52500
028     0.00920     0.08851    067    0.55000
029     0.01520     0.11307    066    0.57500
030     0.02170     0.13968    065    0.60000
031     0.02360     0.14746    064    0.62500
032     0.02110     0.13723    063    0.65000
033     0.02980     0.17284    062    0.67500
034     0.03380     0.18922    061    0.70000
035     0.04310     0.22729    060    0.72500
036     0.05850     0.29033    059    0.75000
037     0.05670     0.28297    056    0.82500
038     0.05780     0.28747    055    0.85000
039     0.04830     0.24858    054    0.87500
040     0.04150     0.22074    053    0.90000
041     0.02740     0.16302    052    0.92500
042     -0.00450     0.03242    051    0.95000
043     -0.03450     -0.09039    050    0.97500
044     -0.14800     -0.55504    049    0.99000

尾耙总压
序号  压力(kPa)   压力系数  测压通道  坐标
000     0.23660     1.01945     129    0.06250
001     0.23810     1.02559     130    0.08750
002     0.23530     1.01412     131    0.11250
003     0.23980     1.03255     132    0.13750
004     0.23740     1.02272     133    0.16250
005     0.23500     1.01290     134    0.18750
006     0.23980     1.03255     135    0.21250
007     0.23810     1.02559     136    0.23750
008     0.23750     1.02313     137    0.26250
009     0.23970     1.03214     138    0.28750
010     0.23710     1.02149     139    0.31250
011     0.23880     1.02845     140    0.33750
012     0.23910     1.02968     141    0.36250
013     0.24150     1.03951     142    0.38750
014     0.24060     1.03582     143    0.41250
015     0.23620     1.01781     144    0.43750
016     0.23980     1.03255     145    0.45250
017     0.23800     1.02518     146    0.46750
018     0.23700     1.02108     147    0.48250
019     0.24000     1.03336     148    0.49750
020     0.23770     1.02395     149    0.51250
021     0.23830     1.02641     150    0.52750
022     0.22390     0.96745     151    0.54250
023     0.24110     1.03787     152    0.55750
024     0.23850     1.02722     153    0.57250
025     0.23950     1.03132     154    0.58750
026     0.23690     1.02067     155    0.60250
027     0.23670     1.01986     156    0.61750
028     0.23590     1.01658     157    0.63250
029     0.22920     0.98915     158    0.64750
030     0.23250     1.00266     159    0.66250
031     0.22520     0.97278     160    0.67750
032     0.21820     0.94412     161    0.69250
033     0.21100     0.91464     162    0.70750
034     0.20830     0.90359     163    0.72250
035     0.20420     0.88681     164    0.73750
036     0.18550     0.81025     165    0.74750
037     0.19300     0.84095     166    0.75750
038     0.18550     0.81025     167    0.76750
039     0.17350     0.76112     168    0.77750
040     0.17240     0.75662     169    0.78750
041     0.16540     0.72796     170    0.79750
042     0.16200     0.71405     171    0.80750
043     0.15720     0.69440     172    0.81750
044     0.14650     0.65059     173    0.82750
045     0.14460     0.64281     174    0.83750
046     0.14620     0.64936     175    0.84750
047     0.14220     0.63299     176    0.85750
048     0.13810     0.61620     177    0.86750
049     0.13100     0.58714     178    0.87750
050     0.12750     0.57281     179    0.88750
051     0.12370     0.55725     180    0.89750
052     0.12140     0.54784     181    0.90750
053     0.11680     0.52900     182    0.91750
054     0.10940     0.49871     183    0.92750
055     0.10900     0.49707     184    0.93750
056     0.10830     0.49421     185    0.94750
057     0.12190     0.54988     186    0.95750
058     0.11300     0.51345     187    0.96750
059     0.10230     0.46964     188    0.97750
060     0.10270     0.47128     189    0.98750
061     0.09870     0.45491     190    0.99750
062     0.10070     0.46309     191    1.00750
063     0.10490     0.48029     192    1.01750
064     0.10510     0.48111     193    1.02750
065     0.10870     0.49584     194    1.03750
066     0.11630     0.52696     195    1.04750
067     0.12290     0.55398     196    1.05750
068     0.12900     0.57895     197    1.06750
069     0.12870     0.57772     198    1.07750
070     0.13950     0.62193     199    1.08750
071     0.13920     0.62071     200    1.09750
072     0.13470     0.60228     201    1.10750
073     0.14340     0.63790     202    1.11750
074     0.15100     0.66901     203    1.12750
075     0.15720     0.69440     204    1.13750
076     0.16270     0.71691     205    1.15250
077     0.15930     0.70299     206    1.16750
078     0.16860     0.74107     207    1.18250
079     0.17490     0.76686     208    1.19750
080     0.18310     0.80043     209    1.21250
081     0.18980     0.82785     210    1.22750
082     0.19960     0.86797     211    1.24250
083     0.20300     0.88189     212    1.25750
084     0.21220     0.91956     213    1.27250
085     0.22040     0.95313     214    1.28750
086     0.22400     0.96786     215    1.30250
087     0.22760     0.98260     216    1.31750
088     0.23070     0.99529     217    1.33250
089     0.23110     0.99693     218    1.34750
090     0.23500     1.01290     219    1.36250
091     0.22640     0.97769     220    1.37750
092     0.23390     1.00839     221    1.39250
093     0.23770     1.02395     222    1.40750
094     0.23770     1.02395     223    1.42250
095     0.23880     1.02845     224    1.43750
096     0.23650     1.01904     225    1.46250
097     0.23990     1.03296     226    1.48750
098     0.24010     1.03377     227    1.51250
099     0.23460     1.01126     228    1.53750
100     0.23530     1.01412     229    1.56250
101     0.23520     1.01371     230    1.58750
102     0.24030     1.03459     231    1.61250
103     0.22860     0.98669     232    1.63750
104     0.23780     1.02436     233    1.66250
105     0.24110     1.03787     234    1.68750
106     0.23350     1.00675     235    1.71250
107     0.23600     1.01699     236    1.73750
108     0.23180     0.99980     237    1.76250
109     0.23770     1.02395     238    1.78750
110     0.23870     1.02804     239    1.81250

尾耙静压
序号  压力(kPa)   压力系数  测压通道  坐标
000     -0.01580     -0.01384      241    0.62500
001     -0.05270     -0.16490      242    0.93750
002     -0.04420     -0.13010      243    1.25000
003     -0.01600     -0.01466      244    1.56250
