翼型实验数据

实验日期：2015年05月25日10:27:39
大气压(kPa)：100.1400  温度(℃)：25.70  密度： 1.16754kg/m^3
来流风速: 20.50m/s  攻角：25.00  雷诺数：1.00E+006 马赫数：0.06  弦长：0.800000
来流总压：100.3912kPa 来流静压：100.1458kPa 来流动压：245.4Pa
升力系数：1.3336 -0.1533 -0.1533   阻力系数： 0.3287

力矩系数：-0.0737 0.0000 0.0000

翼型上表面1
序号  压力(kPa)   压力系数  测压通道  坐标
000     -1.18410     -4.84513    001   0.00000
001     -1.34120     -5.48489    002   0.00050
002     -1.34430     -5.49752    003   0.00125
003     -1.34440     -5.49792    004   0.00250
004     -1.32780     -5.43032    005   0.00500
005     -1.27850     -5.22956    006   0.00750
006     -1.19240     -4.87893    007   0.01000
007     -1.20490     -4.92983    008   0.01500
008     -1.10220     -4.51161    009   0.02500
009     -0.72790     -2.98733    010   0.05000
010     -0.43230     -1.78356    012   0.10000
011     -0.31320     -1.29854    013   0.12500
012     -0.21410     -0.89497    014   0.15000
013     -0.18100     -0.76018    015   0.17500
014     -0.16150     -0.68077    016   0.20000
015     -0.17260     -0.72597    017   0.22500
016     -0.17300     -0.72760    019   0.27500
017     -0.17410     -0.73208    021   0.32500
018     -0.17320     -0.72842    022   0.35000
019     -0.17380     -0.73086    023   0.37500
020     -0.18110     -0.76059    024   0.40000
021     -0.17710     -0.74430    025   0.42500
022     -0.17790     -0.74756    026   0.45000
023     -0.17950     -0.75407    027   0.47500
024     -0.17970     -0.75489    028   0.50000
025     -0.18000     -0.75611    029   0.52500
026     -0.18370     -0.77118    030   0.55000
027     -0.18400     -0.77240    031   0.57500
028     -0.18610     -0.78095    032   0.60000
029     -0.19120     -0.80172    033   0.62500
030     -0.19040     -0.79846    034   0.65000
031     -0.19180     -0.80416    035   0.67500
032     -0.19210     -0.80538    036   0.70000
033     -0.19180     -0.80416    038   0.75000
034     -0.19170     -0.80375    040   0.80000
035     -0.18840     -0.79032    041   0.82500
036     -0.19480     -0.81638    042   0.85000
037     -0.18980     -0.79602    043   0.87500
038     -0.18960     -0.79520    044   0.90000
039     -0.19020     -0.79765    045   0.92500
040     -0.19180     -0.80416    046   0.95000
041     -0.18900     -0.79276    048   0.99000

翼型下表面1
序号  压力(kPa)   压力系数  测压通道  坐标
000     -1.02090     -4.18053    096    0.00000
001     -0.71420     -2.93154    095    0.00050
002     -0.48790     -2.00998    094    0.00125
003     -0.31920     -1.32298    093    0.00250
004     -0.19830     -0.83063    092    0.00500
005     -0.06170     -0.27435    091    0.00750
006     0.04120     0.14469    090    0.01000
007     0.18330     0.72337    089    0.01500
008     0.23000     0.91354    088    0.02500
009     0.25690     1.02309    087    0.05000
010     0.25610     1.01983    086    0.07500
011     0.21750     0.86264    084    0.12500
012     0.19650     0.77712    083    0.15000
013     0.17910     0.70626    082    0.17500
014     0.16230     0.63785    081    0.20000
015     0.13740     0.53645    080    0.22500
016     0.12780     0.49735    079    0.25000
017     0.10580     0.40776    078    0.27500
018     0.09380     0.35889    077    0.30000
019     0.08150     0.30880    076    0.32500
020     0.05060     0.18297    075    0.35000
021     0.05070     0.18338    074    0.37500
022     0.04820     0.17320    073    0.40000
023     0.04150     0.14591    072    0.42500
024     0.03340     0.11293    071    0.45000
025     0.02800     0.09094    070    0.47500
026     0.02980     0.09827    069    0.50000
027     0.03660     0.12596    068    0.52500
028     0.03190     0.10682    067    0.55000
029     0.03560     0.12188    066    0.57500
030     0.03960     0.13817    065    0.60000
031     0.04150     0.14591    064    0.62500
032     0.03750     0.12962    063    0.65000
033     0.04550     0.16220    062    0.67500
034     0.04990     0.18012    061    0.70000
035     0.05520     0.20170    060    0.72500
036     0.05880     0.21636    059    0.75000
037     0.05960     0.21962    056    0.82500
038     0.05990     0.22084    055    0.85000
039     0.05110     0.18501    054    0.87500
040     0.04020     0.14062    053    0.90000
041     0.02270     0.06935    052    0.92500
042     -0.01430     -0.08132    051    0.95000
043     -0.05460     -0.24544    050    0.97500
044     -0.19680     -0.82452    049    0.99000

尾耙总压
序号  压力(kPa)   压力系数  测压通道  坐标
000     0.25650     1.02146     129    0.06250
001     0.25750     1.02553     130    0.08750
002     0.25720     1.02431     131    0.11250
003     0.26130     1.04101     132    0.13750
004     0.25800     1.02757     133    0.16250
005     0.25490     1.01495     134    0.18750
006     0.25910     1.03205     135    0.21250
007     0.26060     1.03816     136    0.23750
008     0.25990     1.03531     137    0.26250
009     0.26130     1.04101     138    0.28750
010     0.25820     1.02838     139    0.31250
011     0.26080     1.03897     140    0.33750
012     0.26140     1.04142     141    0.36250
013     0.26350     1.04997     142    0.38750
014     0.26350     1.04997     143    0.41250
015     0.26090     1.03938     144    0.43750
016     0.26260     1.04630     145    0.45250
017     0.26180     1.04304     146    0.46750
018     0.26130     1.04101     147    0.48250
019     0.26530     1.05730     148    0.49750
020     0.26220     1.04467     149    0.51250
021     0.26200     1.04386     150    0.52750
022     0.24700     0.98277     151    0.54250
023     0.26200     1.04386     152    0.55750
024     0.25680     1.02268     153    0.57250
025     0.25460     1.01372     154    0.58750
026     0.25120     0.99988     155    0.60250
027     0.24950     0.99295     156    0.61750
028     0.24790     0.98644     157    0.63250
029     0.24070     0.95712     158    0.64750
030     0.23130     0.91884     159    0.66250
031     0.21940     0.87038     160    0.67750
032     0.22440     0.89074     161    0.69250
033     0.21370     0.84717     162    0.70750
034     0.20590     0.81540     163    0.72250
035     0.19470     0.76979     164    0.73750
036     0.17350     0.68346     165    0.74750
037     0.18220     0.71889     166    0.75750
038     0.15910     0.62482     167    0.76750
039     0.14930     0.58491     168    0.77750
040     0.16110     0.63296     169    0.78750
041     0.14910     0.58409     170    0.79750
042     0.13220     0.51527     171    0.80750
043     0.12800     0.49817     172    0.81750
044     0.10530     0.40573     173    0.82750
045     0.10440     0.40206     174    0.83750
046     0.08200     0.31084     175    0.84750
047     0.08350     0.31695     176    0.85750
048     0.08510     0.32346     177    0.86750
049     0.04760     0.17075     178    0.87750
050     0.05230     0.18989     179    0.88750
051     0.05490     0.20048     180    0.89750
052     0.04370     0.15487     181    0.90750
053     0.02510     0.07913     182    0.91750
054     0.01800     0.05021     183    0.92750
055     0.01790     0.04980     184    0.93750
056     0.00820     0.01030     185    0.94750
057     0.01430     0.03514     186    0.95750
058     0.00530     -0.00151     187    0.96750
059     -0.01600     -0.08825     188    0.97750
060     -0.01930     -0.10169     189    0.98750
061     -0.03210     -0.15381     190    0.99750
062     -0.02060     -0.10698     191    1.00750
063     -0.02770     -0.13589     192    1.01750
064     -0.02030     -0.10576     193    1.02750
065     -0.02900     -0.14119     194    1.03750
066     -0.02300     -0.11675     195    1.04750
067     -0.03380     -0.16073     196    1.05750
068     -0.03310     -0.15788     197    1.06750
069     -0.02860     -0.13956     198    1.07750
070     -0.02450     -0.12286     199    1.08750
071     -0.02710     -0.13345     200    1.09750
072     -0.02230     -0.11390     201    1.10750
073     -0.01420     -0.08092     202    1.11750
074     -0.01480     -0.08336     203    1.12750
075     -0.00810     -0.05608     204    1.13750
076     0.00690     0.00501     205    1.15250
077     0.01070     0.02048     206    1.16750
078     0.01670     0.04492     207    1.18250
079     0.01870     0.05306     208    1.19750
080     0.02830     0.09216     209    1.21250
081     0.04000     0.13980     210    1.22750
082     0.05420     0.19763     211    1.24250
083     0.06930     0.25912     212    1.25750
084     0.08060     0.30514     213    1.27250
085     0.09200     0.35156     214    1.28750
086     0.09560     0.36622     215    1.30250
087     0.10310     0.39677     216    1.31750
088     0.10770     0.41550     217    1.33250
089     0.11600     0.44930     218    1.34750
090     0.12360     0.48025     219    1.36250
091     0.11980     0.46477     220    1.37750
092     0.13830     0.54011     221    1.39250
093     0.14780     0.57880     222    1.40750
094     0.16050     0.63052     223    1.42250
095     0.17610     0.69405     224    1.43750
096     0.18370     0.72500     225    1.46250
097     0.19570     0.77386     226    1.48750
098     0.20090     0.79504     227    1.51250
099     0.21290     0.84391     228    1.53750
100     0.22410     0.88952     229    1.56250
101     0.23520     0.93472     230    1.58750
102     0.24960     0.99336     231    1.61250
103     0.24160     0.96078     232    1.63750
104     0.25870     1.03042     233    1.66250
105     0.26870     1.07114     234    1.68750
106     0.25960     1.03409     235    1.71250
107     0.26240     1.04549     236    1.73750
108     0.25830     1.02879     237    1.76250
109     0.26310     1.04834     238    1.78750
110     0.26320     1.04875     239    1.81250

尾耙静压
序号  压力(kPa)   压力系数  测压通道  坐标
000     -0.03640     -0.17132      241    0.62500
001     -0.08660     -0.37575      242    0.93750
002     -0.08180     -0.35621      243    1.25000
003     -0.05580     -0.25033      244    1.56250
