-15 -0.6507
-12 -0.562067
-10.6666 -0.441783
-10.5 -0.317375
-9 -0.195375
-7 -0.07022
-6 0.05545
-4.2 0.18094
-2.57143 0.306829
-1.66667 0.4365
0 0.56255
1.15385 0.6897
2.33334 0.81235
3.6 0.93448
4.88888 1.05754
6.25 1.17664
7.5 1.29164
9 1.38603
9.33334 1.43604
11.5714 1.42639
13.75 1.38217
14 1.34993
14.8571 1.35857
15 1.39373
16.8 1.36131
17.3078 1.38681
20.4 1.4115
21.3334 1.39728
23.1429 1.39304
24.2307 1.33252
25.3334 1.36777
25.6666 1.31822
26.6666 1.3539
27.1818 1.33587
30.8571 1.36079
31.25 1.37003
