-15 0.040125
-12 0.0120833
-10.6666 0.00808333
-10.5 0.00815
-9 0.007925
-7 0.00746
-6 0.007125
-4.2 0.00694
-2.57143 0.0072
-1.66667 0.00713333
0 0.00725
1.15385 0.00791538
2.33334 0.00785833
3.6 0.00855
4.88888 0.00838889
6.25 0.0089
7.5 0.008975
9 0.0108143
9.33334 0.0133917
11.5714 0.0204286
13.75 0.0476875
14 0.083
14.8571 0.0821929
15 0.035875
16.8 0.10397
17.3078 0.127977
20.4 0.16378
21.3334 0.145333
23.1429 0.206114
24.2307 0.276623
25.3334 0.218467
25.6666 0.294725
26.6666 0.239883
27.1818 0.283882
30.8571 0.2844
31.25 0.28445
