0 0 0 0
0 0 0 0
0 0.562488 0 0.00725
0 0 0 0
0 0 0 0
0.956095 0 0 0
0.781645 0.0005 0 0
0.635909 0.00125 0 0
0.471938 0.0025 0 0
0.218067 0.005 0 0
0.103679 0.0075 0 0
-0.100809 0.01 0 0
-0.34067 0.015 0 0
-0.380779 0.025 0 0
-0.507667 0.05 0 0
-0.714518 0.1 0 0
-0.802453 0.125 0 0
-0.86837 0.15 0 0
-0.941535 0.175 0 0
-0.905704 0.2 0 0
-1.03793 0.225 0 0
-1.11014 0.275 0 0
-1.1311 0.325 0 0
-1.1306 0.35 0 0
-1.10591 0.375 0 0
-1.11745 0.4 0 0
-1.06499 0.425 0 0
-1.01465 0.45 0 0
-0.972928 0.475 0 0
-0.926011 0.5 0 0
-0.897792 0.525 0 0
-0.890841 0.55 0 0
-0.626541 0.575 0 0
-0.596605 0.6 0 0
-0.557151 0.625 0 0
-0.529079 0.65 0 0
-0.47849 0.675 0 0
-0.426788 0.7 0 0
-0.331951 0.75 0 0
-0.240294 0.8 0 0
-0.196349 0.825 0 0
-0.180126 0.85 0 0
-0.121318 0.875 0 0
-0.0950137 0.9 0 0
-0.0496575 0.925 0 0
-0.012825 0.95 0 0
0.107511 0.99 0 0
0 0 0 0
1.02695 0 0 0
1.01067 0.0005 0 0
0.93095 0.00125 0 0
0.822055 0.0025 0 0
0.728074 0.005 0 0
0.561732 0.0075 0 0
0.418879 0.01 0 0
0.220182 0.015 0 0
0.0875988 0.025 0 0
-0.0296563 0.05 0 0
-0.159114 0.075 0 0
-0.310385 0.125 0 0
-0.360421 0.15 0 0
-0.387075 0.175 0 0
-0.413333 0.2 0 0
-0.463874 0.225 0 0
-0.462621 0.25 0 0
-0.479953 0.275 0 0
-0.455058 0.3 0 0
-0.445483 0.325 0 0
-0.50681 0.35 0 0
-0.445229 0.375 0 0
-0.393731 0.4 0 0
-0.35886 0.425 0 0
-0.343035 0.45 0 0
-0.327015 0.475 0 0
-0.3056 0.5 0 0
-0.183704 0.525 0 0
-0.0625575 0.55 0 0
-0.0298062 0.575 0 0
0.0188725 0.6 0 0
0.0632662 0.625 0 0
0.0831712 0.65 0 0
0.140166 0.675 0 0
0.195997 0.7 0 0
0.24336 0.725 0 0
0.278489 0.75 0 0
0.340419 0.825 0 0
0.364605 0.85 0 0
0.35584 0.875 0 0
0.359614 0.9 0 0
0.344554 0.925 0 0
0.296121 0.95 0 0
0.271176 0.975 0 0
0.166318 0.99 0 0
0 0 0 0
1.01012 0.0625 0 0
1.01303 0.0875 0 0
1.00825 0.1125 0 0
1.02549 0.1375 0 0
1.01113 0.1625 0 0
0.997524 0.1875 0 0
1.02075 0.2125 0 0
1.01869 0.2375 0 0
1.01097 0.2625 0 0
1.0214 0.2875 0 0
1.00523 0.3125 0 0
1.01777 0.3375 0 0
1.01596 0.3625 0 0
1.02473 0.3875 0 0
1.02508 0.4125 0 0
1.01142 0.4375 0 0
1.01838 0.4525 0 0
1.01531 0.4675 0 0
1.01062 0.4825 0 0
1.02332 0.4975 0 0
1.00795 0.5125 0 0
1.01596 0.5275 0 0
0.960729 0.5425 0 0
1.02941 0.5575 0 0
1.01672 0.5725 0 0
1.02307 0.5875 0 0
1.01687 0.6025 0 0
1.02473 0.6175 0 0
1.02357 0.6325 0 0
1.00956 0.6475 0 0
1.02095 0.6625 0 0
1.01153 0.6775 0 0
1.01752 0.6925 0 0
0.994946 0.7075 0 0
1.01218 0.7225 0 0
1.01148 0.7375 0 0
0.961344 0.7475 0 0
1.00739 0.7575 0 0
1.00699 0.7675 0 0
0.99505 0.7775 0 0
1.01032 0.7875 0 0
1.00659 0.7975 0 0
1.02659 0.8075 0 0
1.02236 0.8175 0 0
0.996311 0.8275 0 0
1.00134 0.8375 0 0
1.02135 0.8475 0 0
1.01072 0.8575 0 0
1.00855 0.8675 0 0
1.01339 0.8775 0 0
1.01969 0.8875 0 0
1.01369 0.8975 0 0
1.01621 0.9075 0 0
1.01535 0.9175 0 0
0.999499 0.9275 0 0
1.0078 0.9375 0 0
1.00694 0.9475 0 0
1.03833 0.9575 0 0
0.979825 0.9675 0 0
0.907833 0.9775 0 0
0.84761 0.9875 0 0
0.807194 0.9975 0 0
0.839696 1.0075 0 0
0.889988 1.0175 0 0
0.930603 1.0275 0 0
0.974136 1.0375 0 0
1.01183 1.0475 0 0
1.00598 1.0575 0 0
1.00906 1.0675 0 0
1.01026 1.0775 0 0
1.02372 1.0875 0 0
1.01022 1.0975 0 0
0.994749 1.1075 0 0
0.999584 1.1175 0 0
1.00729 1.1275 0 0
1.00749 1.1375 0 0
1.02282 1.1525 0 0
1.01187 1.1675 0 0
1.01052 1.1825 0 0
1.00024 1.1975 0 0
0.999231 1.2125 0 0
1.01536 1.2275 0 0
1.01425 1.2425 0 0
1.01329 1.2575 0 0
1.0201 1.2725 0 0
1.00139 1.2875 0 0
1.01586 1.3025 0 0
1.01768 1.3175 0 0
1.01092 1.3325 0 0
1.01672 1.3475 0 0
1.01763 1.3625 0 0
0.999231 1.3775 0 0
1.01162 1.3925 0 0
1.01465 1.4075 0 0
1.01243 1.4225 0 0
1.01738 1.4375 0 0
1.00759 1.4625 0 0
1.02221 1.4875 0 0
1.02448 1.5125 0 0
1.00422 1.5375 0 0
1.00039 1.5625 0 0
1.00513 1.5875 0 0
1.02327 1.6125 0 0
0.976001 1.6375 0 0
1.01027 1.6625 0 0
1.02811 1.6875 0 0
1.00069 1.7125 0 0
1.01042 1.7375 0 0
0.994648 1.7625 0 0
1.01399 1.7875 0 0
1.02514 1.8125 0 0
0 0 0 0
0.00229625 0.625 0 0
-0.025165 0.9375 0 0
-0.0447775 1.25 0 0
0.0176612 1.5625 0 0
8
