-3.77467 0 0 0
-4.54061 0.0005 0 0
-4.67175 0.00125 0 0
-4.83769 0.0025 0 0
-5.00554 0.005 0 0
-4.94191 0.0075 0 0
-4.70198 0.01 0 0
-4.62457 0.015 0 0
-4.12201 0.025 0 0
-3.96181 0.05 0 0
-2.55133 0.1 0 0
-2.27116 0.125 0 0
-2.03731 0.15 0 0
-1.86582 0.175 0 0
-1.56393 0.2 0 0
-1.51935 0.225 0 0
-1.15459 0.275 0 0
-0.750979 0.325 0 0
-0.611506 0.35 0 0
-0.550306 0.375 0 0
-0.551467 0.4 0 0
-0.521706 0.425 0 0
-0.514984 0.45 0 0
-0.518001 0.475 0 0
-0.513826 0.5 0 0
-0.510351 0.525 0 0
-0.522396 0.55 0 0
-0.523439 0.575 0 0
-0.534611 0.6 0 0
-0.55285 0.625 0 0
-0.553083 0.65 0 0
-0.561534 0.675 0 0
-0.56466 0.7 0 0
-0.570566 0.75 0 0
-0.571781 0.8 0 0
-0.566626 0.825 0 0
-0.592103 0.85 0 0
-0.572823 0.875 0 0
-0.57768 0.9 0 0
-0.572417 0.925 0 0
-0.574794 0.95 0 0
-0.549903 0.99 0 0
-0.559169 0.99 0 0
-0.104196 0.975 0 0
0.0238757 0.95 0 0
0.15438 0.925 0 0
0.211236 0.9 0 0
0.24204 0.875 0 0
0.28164 0.85 0 0
0.275559 0.825 0 0
0.270467 0.75 0 0
0.21135 0.725 0 0
0.18906 0.7 0 0
0.169957 0.675 0 0
0.134344 0.65 0 0
0.145176 0.625 0 0
0.136143 0.6 0 0
0.113213 0.575 0 0
0.0886657 0.55 0 0
0.09735 0.525 0 0
0.0609857 0.5 0 0
0.0439657 0.475 0 0
0.0533443 0.45 0 0
0.0751729 0.425 0 0
0.0923686 0.4 0 0
0.0917314 0.375 0 0
0.0825829 0.35 0 0
0.195776 0.325 0 0
0.239779 0.3 0 0
0.277587 0.275 0 0
0.359457 0.25 0 0
0.396973 0.225 0 0
0.496214 0.2 0 0
0.566966 0.175 0 0
0.642234 0.15 0 0
0.738114 0.125 0 0
0.951876 0.075 0 0
1.02894 0.05 0 0
1.00723 0.025 0 0
0.926809 0.015 0 0
0.556897 0.01 0 0
0.26277 0.0075 0 0
-0.160521 0.005 0 0
-0.564017 0.0025 0 0
-1.13317 0.00125 0 0
-1.92927 0.0005 0 0
-3.07305 0 0 0
-4.48974 0.000714286 0 0
-5.2466 0.00157143 0 0
-5.34346 0.00267857 0 0
-5.49834 0.00464286 0 0
-5.5944 0.00857143 0 0
-5.50788 0.0146429 0 0
-5.06645 0.0242857 0 0
-4.94902 0.0328571 0 0
-4.41305 0.0464286 0 0
-4.22836 0.075 0 0
-2.77475 0.128571 0 0
-2.48821 0.157143 0 0
-2.20225 0.189286 0 0
-1.9731 0.221429 0 0
-1.65129 0.25 0 0
-1.59796 0.278571 0 0
-1.23337 0.332143 0 0
-0.825508 0.385714 0 0
-0.685075 0.414286 0 0
-0.624306 0.442857 0 0
-0.624871 0.471429 0 0
-0.594613 0.5 0 0
-0.589612 0.528571 0 0
-0.592778 0.557143 0 0
-0.590199 0.585714 0 0
-0.58933 0.614286 0 0
-0.601408 0.642857 0 0
-0.603658 0.671429 0 0
-0.615277 0.7 0 0
-0.634359 0.732143 0 0
-0.634766 0.764286 0 0
-0.642481 0.792857 0 0
-0.649246 0.821429 0 0
-0.652398 0.875 0 0
-0.654307 0.928571 0 0
-0.6484 0.957143 0 0
-0.674216 0.985714 0 0
-0.65138 1.01643 0 0
-0.657561 1.04143 0 0
-0.587302 1.06429 0 0
-0.571383 1.08571 0 0
-0.527849 1.12214 0 0
-0.559169 0.99 0 0
-0.104196 0.975 0 0
0.0238757 0.95 0 0
0.15438 0.925 0 0
0.211236 0.9 0 0
-0.196967 0.875 0 0
0.00603 0.850071 0 0
0.113677 0.825179 0 0
0.189893 0.750357 0 0
0.188418 0.725714 0 0
0.226599 0.701071 0 0
0.249514 0.676429 0 0
0.266746 0.652143 0 0
0.289066 0.628571 0 0
0.283134 0.607143 0 0
0.249195 0.585714 0 0
0.194111 0.567857 0 0
0.189098 0.546429 0 0
0.141981 0.525 0 0
0.114853 0.503571 0 0
0.110055 0.482143 0 0
0.126524 0.460714 0 0
0.132024 0.439286 0 0
0.125986 0.417857 0 0
0.110551 0.396429 0 0
0.207573 0.375 0 0
0.252883 0.353571 0 0
0.290783 0.332143 0 0
0.370196 0.310714 0 0
0.404593 0.289286 0 0
0.502495 0.267857 0 0
0.575678 0.246429 0 0
0.656141 0.225 0 0
0.750781 0.203571 0 0
0.968049 0.157143 0 0
1.04839 0.135714 0 0
-3.03848 0.125 0 0
-1.88903 0.121929 0 0
-1.0938 0.119107 0 0
1.02797 0.114286 0 0
-0.525379 0.109643 0 0
-0.130329 0.108571 0 0
0.946001 0.107857 0 0
0.289779 0.1075 0 0
0.581177 0.106429 0 0
-4.48974 0.000714286 0 0
-5.2466 0.00157143 0 0
-5.34346 0.00267857 0 0
-5.49834 0.00464286 0 0
-5.5944 0.00857143 0 0
-5.50788 0.0146429 0 0
-5.06645 0.0242857 0 0
-4.94902 0.0328571 0 0
-4.41305 0.0464286 0 0
-4.22836 0.075 0 0
-2.77475 0.128571 0 0
-2.48821 0.157143 0 0
-2.20225 0.189286 0 0
-1.9731 0.221429 0 0
-1.65129 0.25 0 0
-1.59796 0.278571 0 0
-1.23337 0.332143 0 0
-0.825508 0.385714 0 0
-0.685075 0.414286 0 0
-0.624306 0.442857 0 0
-0.624871 0.471429 0 0
-0.594613 0.5 0 0
-0.589612 0.528571 0 0
-0.592778 0.557143 0 0
-0.590199 0.585714 0 0
-0.58933 0.614286 0 0
-0.601408 0.642857 0 0
-0.603658 0.671429 0 0
-0.615277 0.7 0 0
-0.634359 0.732143 0 0
-0.634766 0.764286 0 0
-0.642481 0.792857 0 0
-0.649246 0.821429 0 0
-0.652398 0.875 0 0
-0.654307 0.928571 0 0
-0.6484 0.957143 0 0
-0.674216 0.985714 0 0
-0.65138 1.01643 0 0
-0.657561 1.04143 0 0
-0.587302 1.06429 0 0
-0.571383 1.08571 0 0
-0.527849 1.12214 0 0
-1.35837 0.991224 0 0
-0.889673 0.975663 0 0
-0.739476 0.950383 0 0
-0.595134 0.925224 0 0
-0.430156 0.900102 0 0
-0.196967 0.875 0 0
0.00603 0.850071 0 0
0.113677 0.825179 0 0
0.189893 0.750357 0 0
0.188418 0.725714 0 0
0.226599 0.701071 0 0
0.249514 0.676429 0 0
0.266746 0.652143 0 0
0.289066 0.628571 0 0
0.283134 0.607143 0 0
0.249195 0.585714 0 0
0.194111 0.567857 0 0
0.189098 0.546429 0 0
0.141981 0.525 0 0
0.114853 0.503571 0 0
0.110055 0.482143 0 0
0.126524 0.460714 0 0
0.132024 0.439286 0 0
0.125986 0.417857 0 0
0.110551 0.396429 0 0
0.207573 0.375 0 0
0.252883 0.353571 0 0
0.290783 0.332143 0 0
0.370196 0.310714 0 0
0.404593 0.289286 0 0
0.502495 0.267857 0 0
0.575678 0.246429 0 0
0.656141 0.225 0 0
0.750781 0.203571 0 0
0.968049 0.157143 0 0
1.04839 0.135714 0 0
-3.03848 0.125 0 0
-1.88903 0.121929 0 0
-1.0938 0.119107 0 0
1.02797 0.114286 0 0
-0.525379 0.109643 0 0
-0.130329 0.108571 0 0
0.946001 0.107857 0 0
0.289779 0.1075 0 0
0.581177 0.106429 0 0
-4.48974 0.000714286 0 0
-5.2466 0.00157143 0 0
-5.34346 0.00267857 0 0
-5.49834 0.00464286 0 0
-5.5944 0.00857143 0 0
-5.50788 0.0146429 0 0
-5.06645 0.0242857 0 0
-4.94902 0.0328571 0 0
-4.41305 0.0464286 0 0
-4.22836 0.075 0 0
-2.77475 0.128571 0 0
-2.48821 0.157143 0 0
-2.20225 0.189286 0 0
-1.9731 0.221429 0 0
-1.65129 0.25 0 0
-1.59796 0.278571 0 0
-1.23337 0.332143 0 0
-0.825508 0.385714 0 0
-0.685075 0.414286 0 0
-0.624306 0.442857 0 0
-0.624871 0.471429 0 0
-0.594613 0.5 0 0
-0.589612 0.528571 0 0
-0.592778 0.557143 0 0
-0.590199 0.585714 0 0
-0.58933 0.614286 0 0
-0.601408 0.642857 0 0
-0.603658 0.671429 0 0
-0.615277 0.7 0 0
-0.634359 0.732143 0 0
-0.634766 0.764286 0 0
-0.642481 0.792857 0 0
-0.649246 0.821429 0 0
-0.652398 0.875 0 0
-0.654307 0.928571 0 0
-0.6484 0.957143 0 0
-0.674216 0.985714 0 0
-0.65138 1.01643 0 0
-0.657561 1.04143 0 0
-0.587302 1.06429 0 0
-0.571383 1.08571 0 0
-0.527849 1.12214 0 0
-1.35837 0.991224 0 0
-0.889673 0.975663 0 0
-0.739476 0.950383 0 0
-0.595134 0.925224 0 0
-0.430156 0.900102 0 0
-0.196967 0.875 0 0
0.00603 0.850071 0 0
0.113677 0.825179 0 0
0.189893 0.750357 0 0
0.188418 0.725714 0 0
0.226599 0.701071 0 0
0.249514 0.676429 0 0
0.266746 0.652143 0 0
0.289066 0.628571 0 0
0.283134 0.607143 0 0
0.249195 0.585714 0 0
0.194111 0.567857 0 0
0.189098 0.546429 0 0
0.141981 0.525 0 0
0.114853 0.503571 0 0
0.110055 0.482143 0 0
0.126524 0.460714 0 0
0.132024 0.439286 0 0
0.125986 0.417857 0 0
0.110551 0.396429 0 0
0.207573 0.375 0 0
0.252883 0.353571 0 0
0.290783 0.332143 0 0
0.370196 0.310714 0 0
0.404593 0.289286 0 0
0.502495 0.267857 0 0
0.575678 0.246429 0 0
0.656141 0.225 0 0
0.750781 0.203571 0 0
0.968049 0.157143 0 0
1.04839 0.135714 0 0
-3.03848 0.125 0 0
-1.88903 0.121929 0 0
-1.0938 0.119107 0 0
1.02797 0.114286 0 0
-0.525379 0.109643 0 0
-0.130329 0.108571 0 0
0.946001 0.107857 0 0
0.289779 0.1075 0 0
0.581177 0.106429 0 0
-4.48974 0.000714286 0 0
-5.2466 0.00157143 0 0
-5.34346 0.00267857 0 0
-5.49834 0.00464286 0 0
-5.5944 0.00857143 0 0
-5.50788 0.0146429 0 0
-5.06645 0.0242857 0 0
-4.94902 0.0328571 0 0
-4.41305 0.0464286 0 0
-4.22836 0.075 0 0
-2.77475 0.128571 0 0
-2.48821 0.157143 0 0
-2.20225 0.189286 0 0
-1.9731 0.221429 0 0
-1.65129 0.25 0 0
-1.59796 0.278571 0 0
-1.23337 0.332143 0 0
-0.825508 0.385714 0 0
-0.685075 0.414286 0 0
-0.624306 0.442857 0 0
-0.624871 0.471429 0 0
-0.594613 0.5 0 0
-0.589612 0.528571 0 0
-0.592778 0.557143 0 0
-0.590199 0.585714 0 0
-0.58933 0.614286 0 0
-0.601408 0.642857 0 0
-0.603658 0.671429 0 0
-0.615277 0.7 0 0
-0.634359 0.732143 0 0
-0.634766 0.764286 0 0
-0.642481 0.792857 0 0
-0.649246 0.821429 0 0
-0.652398 0.875 0 0
-0.654307 0.928571 0 0
-0.6484 0.957143 0 0
-0.674216 0.985714 0 0
-0.65138 1.01643 0 0
-0.657561 1.04143 0 0
-0.587302 1.06429 0 0
-0.571383 1.08571 0 0
-0.527849 1.12214 0 0
-1.35837 0.991224 0 0
-0.889673 0.975663 0 0
-0.739476 0.950383 0 0
-0.595134 0.925224 0 0
-0.430156 0.900102 0 0
-0.196967 0.875 0 0
0.00603 0.850071 0 0
0.113677 0.825179 0 0
0.189893 0.750357 0 0
0.188418 0.725714 0 0
0.226599 0.701071 0 0
0.249514 0.676429 0 0
0.266746 0.652143 0 0
0.289066 0.628571 0 0
0.283134 0.607143 0 0
0.249195 0.585714 0 0
0.194111 0.567857 0 0
0.189098 0.546429 0 0
0.141981 0.525 0 0
0.114853 0.503571 0 0
0.110055 0.482143 0 0
0.126524 0.460714 0 0
0.132024 0.439286 0 0
0.125986 0.417857 0 0
0.110551 0.396429 0 0
0.207573 0.375 0 0
0.252883 0.353571 0 0
0.290783 0.332143 0 0
0.370196 0.310714 0 0
0.404593 0.289286 0 0
0.502495 0.267857 0 0
0.575678 0.246429 0 0
0.656141 0.225 0 0
0.750781 0.203571 0 0
0.968049 0.157143 0 0
1.04839 0.135714 0 0
-3.03848 0.125 0 0
-1.88903 0.121929 0 0
-1.0938 0.119107 0 0
1.02797 0.114286 0 0
-0.525379 0.109643 0 0
-0.130329 0.108571 0 0
0.946001 0.107857 0 0
0.289779 0.1075 0 0
0.581177 0.106429 0 0
-4.48974 0.000714286 0 0
-5.2466 0.00157143 0 0
-5.34346 0.00267857 0 0
-5.49834 0.00464286 0 0
-5.5944 0.00857143 0 0
-5.50788 0.0146429 0 0
-5.06645 0.0242857 0 0
-4.94902 0.0328571 0 0
-4.41305 0.0464286 0 0
-4.22836 0.075 0 0
-2.77475 0.128571 0 0
-2.48821 0.157143 0 0
-2.20225 0.189286 0 0
-1.9731 0.221429 0 0
-1.65129 0.25 0 0
-1.59796 0.278571 0 0
-1.23337 0.332143 0 0
-0.825508 0.385714 0 0
-0.685075 0.414286 0 0
-0.624306 0.442857 0 0
-0.624871 0.471429 0 0
-0.594613 0.5 0 0
-0.589612 0.528571 0 0
-0.592778 0.557143 0 0
-0.590199 0.585714 0 0
-0.58933 0.614286 0 0
-0.601408 0.642857 0 0
-0.603658 0.671429 0 0
-0.615277 0.7 0 0
-0.634359 0.732143 0 0
-0.634766 0.764286 0 0
-0.642481 0.792857 0 0
-0.649246 0.821429 0 0
-0.652398 0.875 0 0
-0.654307 0.928571 0 0
-0.6484 0.957143 0 0
-0.674216 0.985714 0 0
-0.65138 1.01643 0 0
-0.657561 1.04143 0 0
-0.587302 1.06429 0 0
-0.571383 1.08571 0 0
-0.527849 1.12214 0 0
-1.35837 0.991224 0 0
-0.889673 0.975663 0 0
-0.739476 0.950383 0 0
-0.595134 0.925224 0 0
-0.430156 0.900102 0 0
-0.196967 0.875 0 0
0.00603 0.850071 0 0
0.113677 0.825179 0 0
0.189893 0.750357 0 0
0.188418 0.725714 0 0
0.226599 0.701071 0 0
0.249514 0.676429 0 0
0.266746 0.652143 0 0
0.289066 0.628571 0 0
0.283134 0.607143 0 0
0.249195 0.585714 0 0
0.194111 0.567857 0 0
0.189098 0.546429 0 0
0.141981 0.525 0 0
0.114853 0.503571 0 0
0.110055 0.482143 0 0
0.126524 0.460714 0 0
0.132024 0.439286 0 0
0.125986 0.417857 0 0
0.110551 0.396429 0 0
0.207573 0.375 0 0
0.252883 0.353571 0 0
0.290783 0.332143 0 0
0.370196 0.310714 0 0
0.404593 0.289286 0 0
0.502495 0.267857 0 0
0.575678 0.246429 0 0
0.656141 0.225 0 0
0.750781 0.203571 0 0
0.968049 0.157143 0 0
1.04839 0.135714 0 0
-3.03848 0.125 0 0
-1.88903 0.121929 0 0
-1.0938 0.119107 0 0
1.02797 0.114286 0 0
-0.525379 0.109643 0 0
-0.130329 0.108571 0 0
0.946001 0.107857 0 0
0.289779 0.1075 0 0
0.581177 0.106429 0 0
