0 0 0 0
0 2.57143 0 0
-0.648659 1.39304 0 0.206114
-0.667393 0.000178571 0 0
0 0 0 0
-4.48974 0.000714286 0 0
-5.2466 0.00157143 0 0
-5.34346 0.00267857 0 0
-5.49834 0.00464286 0 0
-5.5944 0.00857143 0 0
-5.50788 0.0146429 0 0
-5.06645 0.0242857 0 0
-4.94902 0.0328571 0 0
-4.41305 0.0464286 0 0
-4.22836 0.075 0 0
-2.77475 0.128571 0 0
-2.48821 0.157143 0 0
-2.20225 0.189286 0 0
-1.9731 0.221429 0 0
-1.65129 0.25 0 0
-1.59796 0.278571 0 0
-1.23337 0.332143 0 0
-0.825508 0.385714 0 0
-0.685075 0.414286 0 0
-0.624306 0.442857 0 0
-0.624871 0.471429 0 0
-0.594613 0.5 0 0
-0.589612 0.528571 0 0
-0.592778 0.557143 0 0
-0.590199 0.585714 0 0
-0.58933 0.614286 0 0
-0.601408 0.642857 0 0
-0.603658 0.671429 0 0
-0.615277 0.7 0 0
-0.634359 0.732143 0 0
-0.634766 0.764286 0 0
-0.642481 0.792857 0 0
-0.649246 0.821429 0 0
-0.652398 0.875 0 0
-0.654307 0.928571 0 0
-0.6484 0.957143 0 0
-0.674216 0.985714 0 0
-0.65138 1.01643 0 0
-0.657561 1.04143 0 0
-0.587302 1.06429 0 0
-0.571383 1.08571 0 0
-0.527849 1.12214 0 0
0 0 0 0
-3.03848 0.125 0 0
-1.88903 0.121929 0 0
-1.0938 0.119107 0 0
-0.525379 0.109643 0 0
-0.130329 0.108571 0 0
0.289779 0.1075 0 0
0.581177 0.106429 0 0
0.946001 0.107857 0 0
1.02797 0.114286 0 0
1.04839 0.135714 0 0
0.968049 0.157143 0 0
0.750781 0.203571 0 0
0.656141 0.225 0 0
0.575678 0.246429 0 0
0.502495 0.267857 0 0
0.404593 0.289286 0 0
0.370196 0.310714 0 0
0.290783 0.332143 0 0
0.252883 0.353571 0 0
0.207573 0.375 0 0
0.110551 0.396429 0 0
0.125986 0.417857 0 0
0.132024 0.439286 0 0
0.126524 0.460714 0 0
0.110055 0.482143 0 0
0.114853 0.503571 0 0
0.141981 0.525 0 0
0.189098 0.546429 0 0
0.194111 0.567857 0 0
0.249195 0.585714 0 0
0.283134 0.607143 0 0
0.289066 0.628571 0 0
0.266746 0.652143 0 0
0.249514 0.676429 0 0
0.226599 0.701071 0 0
0.188418 0.725714 0 0
0.189893 0.750357 0 0
0.113677 0.825179 0 0
0.00603 0.850071 0 0
-0.196967 0.875 0 0
-0.430156 0.900102 0 0
-0.595134 0.925224 0 0
-0.739476 0.950383 0 0
-0.889673 0.975663 0 0
-1.35837 0.991224 0 0
0 0 0 0
0.292364 0.0659694 0 0
0.31528 0.0921939 0 0
0.384839 0.119133 0 0
0.429289 0.148214 0 0
0.62282 0.180867 0 0
0.652236 0.209949 0 0
0.714334 0.239541 0 0
0.743309 0.269133 0 0
0.782329 0.298214 0 0
0.802283 0.327296 0 0
0.842149 0.359949 0 0
0.90829 0.392602 0 0
0.927079 0.421684 0 0
0.946533 0.450765 0 0
0.943958 0.479847 0 0
0.935948 0.508929 0 0
0.942798 0.52801 0 0
0.93806 0.547092 0 0
0.935654 0.566173 0 0
0.948283 0.585255 0 0
0.933416 0.604337 0 0
0.939523 0.623418 0 0
0.88014 0.6425 0 0
0.946314 0.662092 0 0
0.927782 0.681684 0 0
0.932876 0.700765 0 0
0.923922 0.719847 0 0
0.924402 0.7425 0 0
0.913128 0.765153 0 0
0.890979 0.784235 0 0
0.884445 0.803316 0 0
0.848931 0.822704 0 0
0.835774 0.841276 0 0
0.80337 0.859541 0 0
0.796857 0.877601 0 0
0.777487 0.897806 0 0
0.70376 0.888929 0 0
0.800778 0.896786 0 0
0.796152 0.903214 0 0
0.784471 0.909643 0 0
0.796367 0.916071 0 0
0.711235 0.9225 0 0
0.72739 0.928939 0 0
0.717515 0.935383 0 0
0.656029 0.934694 0 0
0.655865 0.941173 0 0
0.655177 0.947653 0 0
0.626649 0.954133 0 0
0.615842 0.960663 0 0
0.597147 0.967296 0 0
0.589999 0.974235 0 0
0.556845 0.981173 0 0
0.549266 0.988622 0 0
0.531521 0.995561 0 0
0.501044 1.0025 0 0
0.491773 1.00944 0 0
0.483052 1.01638 0 0
0.517876 1.02332 0 0
0.491136 1.03026 0 0
0.457627 1.03719 0 0
0.464339 1.04413 0 0
0.458689 1.05107 0 0
0.464365 1.05801 0 0
0.486112 1.06495 0 0
0.486115 1.07189 0 0
0.485763 1.07883 0 0
0.512244 1.08577 0 0
0.531958 1.0927 0 0
0.551653 1.09964 0 0
0.560134 1.10658 0 0
0.632393 1.10995 0 0
0.64393 1.11689 0 0
0.0611343 1.12536 0 0
0.254941 1.13492 0 0
0.403066 1.14452 0 0
0.733626 1.15383 0 0
0.554574 1.16816 0 0
0.626122 1.18301 0 0
0.829439 1.19791 0 0
0.740064 1.21286 0 0
0.806868 1.2277 0 0
0.12351 1.2276 0 0
0.0503671 1.24272 0 0
0.0687843 1.25788 0 0
0.0773414 1.27316 0 0
0.0833586 1.28872 0 0
0.124491 1.30459 0 0
0.201447 1.32097 0 0
0.22801 1.33719 0 0
0.328773 1.35413 0 0
0.37328 1.37321 0 0
0.567977 1.39587 0 0
0.634446 1.41495 0 0
0.682879 1.43454 0 0
0.717633 1.45413 0 0
0.770253 1.47321 0 0
0.774509 1.5023 0 0
0.848873 1.53495 0 0
0.911476 1.5676 0 0
0.910064 1.59668 0 0
0.917291 1.62577 0 0
0.921724 1.65485 0 0
0.94556 1.68393 0 0
0.896425 1.71301 0 0
0.933897 1.74209 0 0
0.952214 1.77117 0 0
0.920143 1.80026 0 0
0.93133 1.82934 0 0
0.91584 1.85842 0 0
0.931839 1.8875 0 0
0.938433 1.91709 0 0
0 0 0 0
-0.125677 0.738265 0 0
-0.274577 1.05485 0 0
-0.241155 1.375 0 0
-0.119742 1.69515 0 0
-0.0926286 0.136735 0 0
-0.0963166 0.140816 0 0
-0.0930543 0.145204 0 0
-0.0939373 0.148776 0 0
-0.0839003 0.152041 0 0
-0.0816261 0.155101 0 0
-0.075407 0.160306 0 0
-0.194053 0.141603 0 0
-0.127096 0.13938 0 0
-0.105639 0.135769 0 0
-0.0850191 0.132175 0 0
-0.0614509 0.128586 0 0
-0.0281381 0.125 0 0
0.000861429 0.121439 0 0
0.0162396 0.117883 0 0
0.0271276 0.107194 0 0
0.0269169 0.103673 0 0
0.0323713 0.100153 0 0
0.0356449 0.0966327 0 0
0.0381066 0.0931633 0 0
0.0412951 0.0897959 0 0
0.0404477 0.0867347 0 0
0.0355993 0.0836734 0 0
0.0277301 0.0811224 0 0
0.027014 0.0780613 0 0
0.020283 0.075 0 0
0.0164076 0.0719387 0 0
0.0157221 0.0688776 0 0
0.0180749 0.0658163 0 0
0.0188606 0.0627551 0 0
0.017998 0.0596939 0 0
0.015793 0.0566327 0 0
0.0296533 0.0535714 0 0
0.0361261 0.0505101 0 0
0.0415404 0.047449 0 0
0.0528851 0.0443877 0 0
0.057799 0.0413266 0 0
0.071785 0.0382653 0 0
0.0822397 0.0352041 0 0
0.0937344 0.0321429 0 0
0.107254 0.0290816 0 0
0.138293 0.022449 0 0
0.14977 0.0193877 0 0
-0.434069 0.0178571 0 0
-0.269861 0.0174184 0 0
-0.156257 0.0170153 0 0
0.146853 0.0163266 0 0
-0.0750541 0.0156633 0 0
-0.0186184 0.0155101 0 0
0.135143 0.0154081 0 0
0.041397 0.0153571 0 0
0.0830253 0.0152041 0 0
-0.641391 0.000102041 0 0
-0.749514 0.00022449 0 0
-0.763351 0.000382653 0 0
-0.785477 0.000663266 0 0
-0.7992 0.00122449 0 0
-0.78684 0.00209184 0 0
-0.723779 0.00346939 0 0
-0.707003 0.00469387 0 0
-0.630436 0.00663266 0 0
-0.604051 0.0107143 0 0
-0.396393 0.0183673 0 0
-0.355459 0.022449 0 0
-0.314607 0.0270409 0 0
-0.281871 0.0316327 0 0
-0.235899 0.0357143 0 0
-0.22828 0.0397959 0 0
-0.176196 0.047449 0 0
-0.11793 0.055102 0 0
-0.0978679 0.0591837 0 0
-0.0891866 0.0632653 0 0
-0.0892673 0.067347 0 0
-0.0849447 0.0714286 0 0
-0.0842303 0.0755101 0 0
-0.0846826 0.0795919 0 0
-0.0843141 0.0836734 0 0
-0.08419 0.0877551 0 0
-0.0859154 0.0918367 0 0
-0.0862369 0.0959184 0 0
-0.0878967 0.1 0 0
-0.0906227 0.104592 0 0
-0.0906809 0.109184 0 0
-0.091783 0.113265 0 0
-0.0927494 0.117347 0 0
-0.0931997 0.125 0 0
-0.0934724 0.132653 0 0
-0.0926286 0.136735 0 0
-0.0963166 0.140816 0 0
-0.0930543 0.145204 0 0
-0.0939373 0.148776 0 0
-0.0839003 0.152041 0 0
-0.0816261 0.155101 0 0
-0.075407 0.160306 0 0
-0.194053 0.141603 0 0
-0.127096 0.13938 0 0
-0.105639 0.135769 0 0
-0.0850191 0.132175 0 0
-0.0614509 0.128586 0 0
-0.0281381 0.125 0 0
0.000861429 0.121439 0 0
0.0162396 0.117883 0 0
0.0271276 0.107194 0 0
0.0269169 0.103673 0 0
0.0323713 0.100153 0 0
0.0356449 0.0966327 0 0
0.0381066 0.0931633 0 0
0.0412951 0.0897959 0 0
0.0404477 0.0867347 0 0
0.0355993 0.0836734 0 0
0.0277301 0.0811224 0 0
0.027014 0.0780613 0 0
0.020283 0.075 0 0
0.0164076 0.0719387 0 0
0.0157221 0.0688776 0 0
0.0180749 0.0658163 0 0
0.0188606 0.0627551 0 0
0.017998 0.0596939 0 0
0.015793 0.0566327 0 0
0.0296533 0.0535714 0 0
0.0361261 0.0505101 0 0
0.0415404 0.047449 0 0
0.0528851 0.0443877 0 0
0.057799 0.0413266 0 0
0.071785 0.0382653 0 0
0.0822397 0.0352041 0 0
0.0937344 0.0321429 0 0
0.107254 0.0290816 0 0
0.138293 0.022449 0 0
0.14977 0.0193877 0 0
-0.434069 0.0178571 0 0
-0.269861 0.0174184 0 0
-0.156257 0.0170153 0 0
0.146853 0.0163266 0 0
-0.0750541 0.0156633 0 0
-0.0186184 0.0155101 0 0
0.135143 0.0154081 0 0
0.041397 0.0153571 0 0
0.0830253 0.0152041 0 0
-0.641391 0.000102041 0 0
-0.749514 0.00022449 0 0
-0.763351 0.000382653 0 0
-0.785477 0.000663266 0 0
-0.7992 0.00122449 0 0
-0.78684 0.00209184 0 0
-0.723779 0.00346939 0 0
-0.707003 0.00469387 0 0
-0.630436 0.00663266 0 0
-0.604051 0.0107143 0 0
-0.396393 0.0183673 0 0
-0.355459 0.022449 0 0
-0.314607 0.0270409 0 0
-0.281871 0.0316327 0 0
-0.235899 0.0357143 0 0
-0.22828 0.0397959 0 0
-0.176196 0.047449 0 0
-0.11793 0.055102 0 0
-0.0978679 0.0591837 0 0
-0.0891866 0.0632653 0 0
-0.0892673 0.067347 0 0
-0.0849447 0.0714286 0 0
-0.0842303 0.0755101 0 0
-0.0846826 0.0795919 0 0
-0.0843141 0.0836734 0 0
-0.08419 0.0877551 0 0
-0.0859154 0.0918367 0 0
-0.0862369 0.0959184 0 0
-0.0878967 0.1 0 0
-0.0906227 0.104592 0 0
-0.0906809 0.109184 0 0
-0.091783 0.113265 0 0
-0.0927494 0.117347 0 0
-0.0931997 0.125 0 0
-0.0934724 0.132653 0 0
-0.0926286 0.136735 0 0
-0.0963166 0.140816 0 0
-0.0930543 0.145204 0 0
-0.0939373 0.148776 0 0
-0.0839003 0.152041 0 0
-0.0816261 0.155101 0 0
-0.075407 0.160306 0 0
-0.194053 0.141603 0 0
-0.127096 0.13938 0 0
-0.105639 0.135769 0 0
-0.0850191 0.132175 0 0
-0.0614509 0.128586 0 0
-0.0281381 0.125 0 0
0.000861429 0.121439 0 0
0.0162396 0.117883 0 0
0.0271276 0.107194 0 0
0.0269169 0.103673 0 0
0.0323713 0.100153 0 0
0.0356449 0.0966327 0 0
0.0381066 0.0931633 0 0
0.0412951 0.0897959 0 0
0.0404477 0.0867347 0 0
0.0355993 0.0836734 0 0
0.0277301 0.0811224 0 0
0.027014 0.0780613 0 0
0.020283 0.075 0 0
0.0164076 0.0719387 0 0
0.0157221 0.0688776 0 0
0.0180749 0.0658163 0 0
0.0188606 0.0627551 0 0
0.017998 0.0596939 0 0
0.015793 0.0566327 0 0
0.0296533 0.0535714 0 0
0.0361261 0.0505101 0 0
0.0415404 0.047449 0 0
0.0528851 0.0443877 0 0
0.057799 0.0413266 0 0
0.071785 0.0382653 0 0
0.0822397 0.0352041 0 0
0.0937344 0.0321429 0 0
0.107254 0.0290816 0 0
0.138293 0.022449 0 0
0.14977 0.0193877 0 0
-0.434069 0.0178571 0 0
-0.269861 0.0174184 0 0
-0.156257 0.0170153 0 0
0.146853 0.0163266 0 0
-0.0750541 0.0156633 0 0
-0.0186184 0.0155101 0 0
0.135143 0.0154081 0 0
0.041397 0.0153571 0 0
0.0830253 0.0152041 0 0
7
