0.956095 0 0 0
0.781645 0.0005 0 0
0.635909 0.00125 0 0
0.471938 0.0025 0 0
0.218067 0.005 0 0
0.103679 0.0075 0 0
-0.100809 0.01 0 0
-0.34067 0.015 0 0
-0.380779 0.025 0 0
-0.507667 0.05 0 0
-0.714518 0.1 0 0
-0.802453 0.125 0 0
-0.86837 0.15 0 0
-0.941535 0.175 0 0
-0.905704 0.2 0 0
-1.03793 0.225 0 0
-1.11014 0.275 0 0
-1.1311 0.325 0 0
-1.1306 0.35 0 0
-1.10591 0.375 0 0
-1.11745 0.4 0 0
-1.06499 0.425 0 0
-1.01465 0.45 0 0
-0.972928 0.475 0 0
-0.926011 0.5 0 0
-0.897792 0.525 0 0
-0.890841 0.55 0 0
-0.626541 0.575 0 0
-0.596605 0.6 0 0
-0.557151 0.625 0 0
-0.529079 0.65 0 0
-0.47849 0.675 0 0
-0.426788 0.7 0 0
-0.331951 0.75 0 0
-0.240294 0.8 0 0
-0.196349 0.825 0 0
-0.180126 0.85 0 0
-0.121318 0.875 0 0
-0.0950137 0.9 0 0
-0.0496575 0.925 0 0
-0.012825 0.95 0 0
0.107511 0.99 0 0
0.166318 0.99 0 0
0.271176 0.975 0 0
0.296121 0.95 0 0
0.344554 0.925 0 0
0.359614 0.9 0 0
0.35584 0.875 0 0
0.364605 0.85 0 0
0.340419 0.825 0 0
0.278489 0.75 0 0
0.24336 0.725 0 0
0.195997 0.7 0 0
0.140166 0.675 0 0
0.0831712 0.65 0 0
0.0632662 0.625 0 0
0.0188725 0.6 0 0
-0.0298062 0.575 0 0
-0.0625575 0.55 0 0
-0.183704 0.525 0 0
-0.3056 0.5 0 0
-0.327015 0.475 0 0
-0.343035 0.45 0 0
-0.35886 0.425 0 0
-0.393731 0.4 0 0
-0.445229 0.375 0 0
-0.50681 0.35 0 0
-0.445483 0.325 0 0
-0.455058 0.3 0 0
-0.479953 0.275 0 0
-0.462621 0.25 0 0
-0.463874 0.225 0 0
-0.413333 0.2 0 0
-0.387075 0.175 0 0
-0.360421 0.15 0 0
-0.310385 0.125 0 0
-0.159114 0.075 0 0
-0.0296563 0.05 0 0
0.0875988 0.025 0 0
0.220182 0.015 0 0
0.418879 0.01 0 0
0.561732 0.0075 0 0
0.728074 0.005 0 0
0.822055 0.0025 0 0
0.93095 0.00125 0 0
1.01067 0.0005 0 0
1.02695 0 0 0
0.983353 0.000625 0 0
0.794605 0.0014375 0 0
0.623308 0.0025 0 0
0.429354 0.004375 0 0
0.17047 0.008125 0 0
0.0402204 0.01375 0 0
-0.190124 0.0225 0 0
-0.440977 0.030625 0 0
-0.489325 0.04375 0 0
-0.625359 0.071875 0 0
-0.827731 0.125 0 0
-0.932194 0.153125 0 0
-1.00714 0.184375 0 0
-1.08292 0.215625 0 0
-1.04703 0.24375 0 0
-1.17617 0.271875 0 0
-1.24982 0.325 0 0
-1.26423 0.378125 0 0
-1.25743 0.40625 0 0
-1.22753 0.434375 0 0
-1.2332 0.4625 0 0
-1.17722 0.490625 0 0
-1.126 0.51875 0 0
-1.05125 0.546875 0 0
-1.00059 0.575 0 0
-0.967436 0.603125 0 0
-0.956976 0.63125 0 0
-0.686353 0.659375 0 0
-0.649953 0.6875 0 0
-0.598645 0.71875 0 0
-0.559115 0.75 0 0
-0.503034 0.778125 0 0
-0.449303 0.80625 0 0
-0.347116 0.859375 0 0
-0.25217 0.9125 0 0
-0.202556 0.940625 0 0
-0.181729 0.96875 0 0
-0.107879 0.99875 0 0
-0.074224 1.02375 0 0
-0.0157605 1.04688 0 0
0.0241901 1.06875 0 0
0.150581 1.10563 0 0
0.166318 0.99 0 0
0.271176 0.975 0 0
0.296121 0.95 0 0
0.344554 0.925 0 0
0.359614 0.9 0 0
0.484209 0.875 0 0
0.490939 0.850062 0 0
0.456787 0.825156 0 0
0.381246 0.750312 0 0
0.334369 0.725625 0 0
0.266214 0.700938 0 0
0.192526 0.67625 0 0
0.110694 0.651875 0 0
0.0742161 0.628125 0 0
0.0151655 0.60625 0 0
-0.0496955 0.584375 0 0
-0.101356 0.565625 0 0
-0.228756 0.54375 0 0
-0.353984 0.521875 0 0
-0.378682 0.5 0 0
-0.401019 0.478125 0 0
-0.416688 0.45625 0 0
-0.453725 0.434375 0 0
-0.502111 0.4125 0 0
-0.562495 0.390625 0 0
-0.508834 0.36875 0 0
-0.510711 0.346875 0 0
-0.529169 0.325 0 0
-0.507479 0.303125 0 0
-0.506753 0.28125 0 0
-0.454209 0.259375 0 0
-0.425275 0.2375 0 0
-0.383384 0.215625 0 0
-0.318205 0.19375 0 0
-0.16284 0.146875 0 0
-0.0272972 0.125 0 0
1.07143 0.109375 0 0
1.05625 0.10675 0 0
0.973502 0.104375 0 0
0.095507 0.103125 0 0
0.856866 0.09625 0 0
0.230579 0.09625 0 0
0.758494 0.095625 0 0
0.586232 0.095 0 0
0.4364 0.094375 0 0
0.983353 0.000625 0 0
0.794605 0.0014375 0 0
0.623308 0.0025 0 0
0.429354 0.004375 0 0
0.17047 0.008125 0 0
0.0402204 0.01375 0 0
-0.190124 0.0225 0 0
-0.440977 0.030625 0 0
-0.489325 0.04375 0 0
-0.625359 0.071875 0 0
-0.827731 0.125 0 0
-0.932194 0.153125 0 0
-1.00714 0.184375 0 0
-1.08292 0.215625 0 0
-1.04703 0.24375 0 0
-1.17617 0.271875 0 0
-1.24982 0.325 0 0
-1.26423 0.378125 0 0
-1.25743 0.40625 0 0
-1.22753 0.434375 0 0
-1.2332 0.4625 0 0
-1.17722 0.490625 0 0
-1.126 0.51875 0 0
-1.05125 0.546875 0 0
-1.00059 0.575 0 0
-0.967436 0.603125 0 0
-0.956976 0.63125 0 0
-0.686353 0.659375 0 0
-0.649953 0.6875 0 0
-0.598645 0.71875 0 0
-0.559115 0.75 0 0
-0.503034 0.778125 0 0
-0.449303 0.80625 0 0
-0.347116 0.859375 0 0
-0.25217 0.9125 0 0
-0.202556 0.940625 0 0
-0.181729 0.96875 0 0
-0.107879 0.99875 0 0
-0.074224 1.02375 0 0
-0.0157605 1.04688 0 0
0.0241901 1.06875 0 0
0.150581 1.10563 0 0
0.187626 0.991016 0 0
0.324846 0.975547 0 0
0.374035 0.950313 0 0
0.443879 0.92518 0 0
0.482533 0.900078 0 0
0.484209 0.875 0 0
0.490939 0.850062 0 0
0.456787 0.825156 0 0
0.381246 0.750312 0 0
0.334369 0.725625 0 0
0.266214 0.700938 0 0
0.192526 0.67625 0 0
0.110694 0.651875 0 0
0.0742161 0.628125 0 0
0.0151655 0.60625 0 0
-0.0496955 0.584375 0 0
-0.101356 0.565625 0 0
-0.228756 0.54375 0 0
-0.353984 0.521875 0 0
-0.378682 0.5 0 0
-0.401019 0.478125 0 0
-0.416688 0.45625 0 0
-0.453725 0.434375 0 0
-0.502111 0.4125 0 0
-0.562495 0.390625 0 0
-0.508834 0.36875 0 0
-0.510711 0.346875 0 0
-0.529169 0.325 0 0
-0.507479 0.303125 0 0
-0.506753 0.28125 0 0
-0.454209 0.259375 0 0
-0.425275 0.2375 0 0
-0.383384 0.215625 0 0
-0.318205 0.19375 0 0
-0.16284 0.146875 0 0
-0.0272972 0.125 0 0
1.07143 0.109375 0 0
1.05625 0.10675 0 0
0.973502 0.104375 0 0
0.095507 0.103125 0 0
0.856866 0.09625 0 0
0.230579 0.09625 0 0
0.758494 0.095625 0 0
0.586232 0.095 0 0
0.4364 0.094375 0 0
0.983353 0.000625 0 0
0.794605 0.0014375 0 0
0.623308 0.0025 0 0
0.429354 0.004375 0 0
0.17047 0.008125 0 0
0.0402204 0.01375 0 0
-0.190124 0.0225 0 0
-0.440977 0.030625 0 0
-0.489325 0.04375 0 0
-0.625359 0.071875 0 0
-0.827731 0.125 0 0
-0.932194 0.153125 0 0
-1.00714 0.184375 0 0
-1.08292 0.215625 0 0
-1.04703 0.24375 0 0
-1.17617 0.271875 0 0
-1.24982 0.325 0 0
-1.26423 0.378125 0 0
-1.25743 0.40625 0 0
-1.22753 0.434375 0 0
-1.2332 0.4625 0 0
-1.17722 0.490625 0 0
-1.126 0.51875 0 0
-1.05125 0.546875 0 0
-1.00059 0.575 0 0
-0.967436 0.603125 0 0
-0.956976 0.63125 0 0
-0.686353 0.659375 0 0
-0.649953 0.6875 0 0
-0.598645 0.71875 0 0
-0.559115 0.75 0 0
-0.503034 0.778125 0 0
-0.449303 0.80625 0 0
-0.347116 0.859375 0 0
-0.25217 0.9125 0 0
-0.202556 0.940625 0 0
-0.181729 0.96875 0 0
-0.107879 0.99875 0 0
-0.074224 1.02375 0 0
-0.0157605 1.04688 0 0
0.0241901 1.06875 0 0
0.150581 1.10563 0 0
0.187626 0.991016 0 0
0.324846 0.975547 0 0
0.374035 0.950313 0 0
0.443879 0.92518 0 0
0.482533 0.900078 0 0
0.484209 0.875 0 0
0.490939 0.850062 0 0
0.456787 0.825156 0 0
0.381246 0.750312 0 0
0.334369 0.725625 0 0
0.266214 0.700938 0 0
0.192526 0.67625 0 0
0.110694 0.651875 0 0
0.0742161 0.628125 0 0
0.0151655 0.60625 0 0
-0.0496955 0.584375 0 0
-0.101356 0.565625 0 0
-0.228756 0.54375 0 0
-0.353984 0.521875 0 0
-0.378682 0.5 0 0
-0.401019 0.478125 0 0
-0.416688 0.45625 0 0
-0.453725 0.434375 0 0
-0.502111 0.4125 0 0
-0.562495 0.390625 0 0
-0.508834 0.36875 0 0
-0.510711 0.346875 0 0
-0.529169 0.325 0 0
-0.507479 0.303125 0 0
-0.506753 0.28125 0 0
-0.454209 0.259375 0 0
-0.425275 0.2375 0 0
-0.383384 0.215625 0 0
-0.318205 0.19375 0 0
-0.16284 0.146875 0 0
-0.0272972 0.125 0 0
1.07143 0.109375 0 0
1.05625 0.10675 0 0
0.973502 0.104375 0 0
0.095507 0.103125 0 0
0.856866 0.09625 0 0
0.230579 0.09625 0 0
0.758494 0.095625 0 0
0.586232 0.095 0 0
0.4364 0.094375 0 0
0.983353 0.000625 0 0
0.794605 0.0014375 0 0
0.623308 0.0025 0 0
0.429354 0.004375 0 0
0.17047 0.008125 0 0
0.0402204 0.01375 0 0
-0.190124 0.0225 0 0
-0.440977 0.030625 0 0
-0.489325 0.04375 0 0
-0.625359 0.071875 0 0
-0.827731 0.125 0 0
-0.932194 0.153125 0 0
-1.00714 0.184375 0 0
-1.08292 0.215625 0 0
-1.04703 0.24375 0 0
-1.17617 0.271875 0 0
-1.24982 0.325 0 0
-1.26423 0.378125 0 0
-1.25743 0.40625 0 0
-1.22753 0.434375 0 0
-1.2332 0.4625 0 0
-1.17722 0.490625 0 0
-1.126 0.51875 0 0
-1.05125 0.546875 0 0
-1.00059 0.575 0 0
-0.967436 0.603125 0 0
-0.956976 0.63125 0 0
-0.686353 0.659375 0 0
-0.649953 0.6875 0 0
-0.598645 0.71875 0 0
-0.559115 0.75 0 0
-0.503034 0.778125 0 0
-0.449303 0.80625 0 0
-0.347116 0.859375 0 0
-0.25217 0.9125 0 0
-0.202556 0.940625 0 0
-0.181729 0.96875 0 0
-0.107879 0.99875 0 0
-0.074224 1.02375 0 0
-0.0157605 1.04688 0 0
0.0241901 1.06875 0 0
0.150581 1.10563 0 0
0.187626 0.991016 0 0
0.324846 0.975547 0 0
0.374035 0.950313 0 0
0.443879 0.92518 0 0
0.482533 0.900078 0 0
0.484209 0.875 0 0
0.490939 0.850062 0 0
0.456787 0.825156 0 0
0.381246 0.750312 0 0
0.334369 0.725625 0 0
0.266214 0.700938 0 0
0.192526 0.67625 0 0
0.110694 0.651875 0 0
0.0742161 0.628125 0 0
0.0151655 0.60625 0 0
-0.0496955 0.584375 0 0
-0.101356 0.565625 0 0
-0.228756 0.54375 0 0
-0.353984 0.521875 0 0
-0.378682 0.5 0 0
-0.401019 0.478125 0 0
-0.416688 0.45625 0 0
-0.453725 0.434375 0 0
-0.502111 0.4125 0 0
-0.562495 0.390625 0 0
-0.508834 0.36875 0 0
-0.510711 0.346875 0 0
-0.529169 0.325 0 0
-0.507479 0.303125 0 0
-0.506753 0.28125 0 0
-0.454209 0.259375 0 0
-0.425275 0.2375 0 0
-0.383384 0.215625 0 0
-0.318205 0.19375 0 0
-0.16284 0.146875 0 0
-0.0272972 0.125 0 0
1.07143 0.109375 0 0
1.05625 0.10675 0 0
0.973502 0.104375 0 0
0.095507 0.103125 0 0
0.856866 0.09625 0 0
0.230579 0.09625 0 0
0.758494 0.095625 0 0
0.586232 0.095 0 0
0.4364 0.094375 0 0
0.983353 0.000625 0 0
0.794605 0.0014375 0 0
0.623308 0.0025 0 0
0.429354 0.004375 0 0
0.17047 0.008125 0 0
0.0402204 0.01375 0 0
-0.190124 0.0225 0 0
-0.440977 0.030625 0 0
-0.489325 0.04375 0 0
-0.625359 0.071875 0 0
-0.827731 0.125 0 0
-0.932194 0.153125 0 0
-1.00714 0.184375 0 0
-1.08292 0.215625 0 0
-1.04703 0.24375 0 0
-1.17617 0.271875 0 0
-1.24982 0.325 0 0
-1.26423 0.378125 0 0
-1.25743 0.40625 0 0
-1.22753 0.434375 0 0
-1.2332 0.4625 0 0
-1.17722 0.490625 0 0
-1.126 0.51875 0 0
-1.05125 0.546875 0 0
-1.00059 0.575 0 0
-0.967436 0.603125 0 0
-0.956976 0.63125 0 0
-0.686353 0.659375 0 0
-0.649953 0.6875 0 0
-0.598645 0.71875 0 0
-0.559115 0.75 0 0
-0.503034 0.778125 0 0
-0.449303 0.80625 0 0
-0.347116 0.859375 0 0
-0.25217 0.9125 0 0
-0.202556 0.940625 0 0
-0.181729 0.96875 0 0
-0.107879 0.99875 0 0
-0.074224 1.02375 0 0
-0.0157605 1.04688 0 0
0.0241901 1.06875 0 0
0.150581 1.10563 0 0
0.187626 0.991016 0 0
0.324846 0.975547 0 0
0.374035 0.950313 0 0
0.443879 0.92518 0 0
0.482533 0.900078 0 0
0.484209 0.875 0 0
0.490939 0.850062 0 0
0.456787 0.825156 0 0
0.381246 0.750312 0 0
0.334369 0.725625 0 0
0.266214 0.700938 0 0
0.192526 0.67625 0 0
0.110694 0.651875 0 0
0.0742161 0.628125 0 0
0.0151655 0.60625 0 0
-0.0496955 0.584375 0 0
-0.101356 0.565625 0 0
-0.228756 0.54375 0 0
-0.353984 0.521875 0 0
-0.378682 0.5 0 0
-0.401019 0.478125 0 0
-0.416688 0.45625 0 0
-0.453725 0.434375 0 0
-0.502111 0.4125 0 0
-0.562495 0.390625 0 0
-0.508834 0.36875 0 0
-0.510711 0.346875 0 0
-0.529169 0.325 0 0
-0.507479 0.303125 0 0
-0.506753 0.28125 0 0
-0.454209 0.259375 0 0
-0.425275 0.2375 0 0
-0.383384 0.215625 0 0
-0.318205 0.19375 0 0
-0.16284 0.146875 0 0
-0.0272972 0.125 0 0
1.07143 0.109375 0 0
1.05625 0.10675 0 0
0.973502 0.104375 0 0
0.095507 0.103125 0 0
0.856866 0.09625 0 0
0.230579 0.09625 0 0
0.758494 0.095625 0 0
0.586232 0.095 0 0
0.4364 0.094375 0 0
