0 0 0 0
0 0 0 0
0.0977056 0.56255 0 0.00725
0.0794886 0.00015625 0 0
0 0 0 0
0.983353 0.000625 0 0
0.794605 0.0014375 0 0
0.623308 0.0025 0 0
0.429354 0.004375 0 0
0.17047 0.008125 0 0
0.0402204 0.01375 0 0
-0.190124 0.0225 0 0
-0.440977 0.030625 0 0
-0.489325 0.04375 0 0
-0.625359 0.071875 0 0
-0.827731 0.125 0 0
-0.932194 0.153125 0 0
-1.00714 0.184375 0 0
-1.08292 0.215625 0 0
-1.04703 0.24375 0 0
-1.17617 0.271875 0 0
-1.24982 0.325 0 0
-1.26423 0.378125 0 0
-1.25743 0.40625 0 0
-1.22753 0.434375 0 0
-1.2332 0.4625 0 0
-1.17722 0.490625 0 0
-1.126 0.51875 0 0
-1.05125 0.546875 0 0
-1.00059 0.575 0 0
-0.967436 0.603125 0 0
-0.956976 0.63125 0 0
-0.686353 0.659375 0 0
-0.649953 0.6875 0 0
-0.598645 0.71875 0 0
-0.559115 0.75 0 0
-0.503034 0.778125 0 0
-0.449303 0.80625 0 0
-0.347116 0.859375 0 0
-0.25217 0.9125 0 0
-0.202556 0.940625 0 0
-0.181729 0.96875 0 0
-0.107879 0.99875 0 0
-0.074224 1.02375 0 0
-0.0157605 1.04688 0 0
0.0241901 1.06875 0 0
0.150581 1.10563 0 0
0 0 0 0
1.07143 0.109375 0 0
1.05625 0.10675 0 0
0.973502 0.104375 0 0
0.856866 0.09625 0 0
0.758494 0.095625 0 0
0.586232 0.095 0 0
0.4364 0.094375 0 0
0.230579 0.09625 0 0
0.095507 0.103125 0 0
-0.0272972 0.125 0 0
-0.16284 0.146875 0 0
-0.318205 0.19375 0 0
-0.383384 0.215625 0 0
-0.425275 0.2375 0 0
-0.454209 0.259375 0 0
-0.506753 0.28125 0 0
-0.507479 0.303125 0 0
-0.529169 0.325 0 0
-0.510711 0.346875 0 0
-0.508834 0.36875 0 0
-0.562495 0.390625 0 0
-0.502111 0.4125 0 0
-0.453725 0.434375 0 0
-0.416688 0.45625 0 0
-0.401019 0.478125 0 0
-0.378682 0.5 0 0
-0.353984 0.521875 0 0
-0.228756 0.54375 0 0
-0.101356 0.565625 0 0
-0.0496955 0.584375 0 0
0.0151655 0.60625 0 0
0.0742161 0.628125 0 0
0.110694 0.651875 0 0
0.192526 0.67625 0 0
0.266214 0.700938 0 0
0.334369 0.725625 0 0
0.381246 0.750312 0 0
0.456787 0.825156 0 0
0.490939 0.850062 0 0
0.484209 0.875 0 0
0.482533 0.900078 0 0
0.443879 0.92518 0 0
0.374035 0.950313 0 0
0.324846 0.975547 0 0
0.187626 0.991016 0 0
0 0 0 0
0.986356 0.0653125 0 0
0.957912 0.0913281 0 0
0.947079 0.117969 0 0
0.947319 0.146484 0 0
0.907659 0.178125 0 0
0.881 0.206641 0 0
0.894855 0.235547 0 0
0.883324 0.264453 0 0
0.880093 0.292969 0 0
0.874381 0.321484 0 0
0.849005 0.353125 0 0
0.859744 0.384766 0 0
0.858785 0.413281 0 0
0.871287 0.441797 0 0
0.870931 0.470313 0 0
0.86427 0.498828 0 0
0.877628 0.517344 0 0
0.883903 0.535859 0 0
0.885546 0.554375 0 0
0.902392 0.572891 0 0
0.888329 0.591406 0 0
0.930167 0.609922 0 0
0.879485 0.628437 0 0
0.954583 0.647344 0 0
0.946828 0.66625 0 0
0.960192 0.684766 0 0
0.960703 0.703281 0 0
0.981338 0.724922 0 0
0.992048 0.746563 0 0
0.984239 0.765078 0 0
0.998238 0.783594 0 0
0.998041 0.802344 0 0
1.00824 0.820469 0 0
0.992976 0.83836 0 0
1.01521 0.856094 0 0
1.0303 0.875704 0 0
0.982133 0.87125 0 0
1.04129 0.879375 0 0
1.04401 0.88625 0 0
1.03812 0.893125 0 0
1.05527 0.9 0 0
1.06711 0.906875 0 0
1.08796 0.913758 0 0
1.07946 0.920644 0 0
1.04397 0.921289 0 0
1.04314 0.928203 0 0
1.05463 0.935117 0 0
1.03478 0.942031 0 0
1.02239 0.948984 0 0
1.02267 0.956016 0 0
1.02159 0.963281 0 0
1.00748 0.970547 0 0
1.00354 0.978203 0 0
0.986759 0.985469 0 0
0.955251 0.992734 0 0
0.960462 1 0 0
0.956808 1.00727 0 0
0.986243 1.01453 0 0
0.923109 1.0218 0 0
0.845069 1.02906 0 0
0.777298 1.03633 0 0
0.74359 1.04359 0 0
0.775857 1.05086 0 0
0.823841 1.05812 0 0
0.867168 1.06539 0 0
0.910792 1.07266 0 0
0.955055 1.07992 0 0
0.952822 1.08719 0 0
0.961132 1.09445 0 0
0.970489 1.10172 0 0
1.00336 1.10586 0 0
1.0068 1.11312 0 0
1.12868 1.12117 0 0
1.13162 1.13084 0 0
1.12898 1.14055 0 0
1.01943 1.15039 0 0
1.12992 1.16453 0 0
1.0407 1.17953 0 0
1.10533 1.19445 0 0
1.07352 1.20937 0 0
1.05378 1.2243 0 0
1.13828 1.22758 0 0
1.11357 1.24268 0 0
1.0912 1.25781 0 0
1.07377 1.27305 0 0
1.0227 1.28852 0 0
1.02089 1.30422 0 0
0.993912 1.32031 0 0
0.9558 1.33633 0 0
0.955549 1.35297 0 0
0.939456 1.37148 0 0
0.895765 1.39312 0 0
0.895096 1.41164 0 0
0.888759 1.43055 0 0
0.877065 1.44945 0 0
0.886496 1.46797 0 0
0.86057 1.49648 0 0
0.865983 1.52813 0 0
0.86645 1.55977 0 0
0.847039 1.58828 0 0
0.846952 1.6168 0 0
0.850979 1.64531 0 0
0.876113 1.67383 0 0
0.835251 1.70234 0 0
0.878861 1.73086 0 0
0.903034 1.75937 0 0
0.879761 1.78789 0 0
0.890795 1.81641 0 0
0.908853 1.84492 0 0
0.932746 1.87344 0 0
0.950306 1.90234 0 0
0 0 0 0
-0.060583 0.722266 0 0
-0.0813279 1.03828 0 0
-0.088167 1.35742 0 0
-0.01386 1.67656 0 0
-0.0253195 0.117578 0 0
-0.0227161 0.121094 0 0
-0.0134849 0.124844 0 0
-0.009278 0.127969 0 0
-0.00197006 0.13086 0 0
0.00302376 0.133594 0 0
0.0188226 0.138204 0 0
0.0234532 0.123877 0 0
0.0406058 0.121943 0 0
0.0467544 0.118789 0 0
0.0554849 0.115648 0 0
0.0603166 0.11251 0 0
0.0605261 0.109375 0 0
0.0613674 0.106258 0 0
0.0570984 0.103145 0 0
0.0476557 0.093789 0 0
0.0417961 0.0907031 0 0
0.0332768 0.0876172 0 0
0.0240658 0.0845313 0 0
0.0138368 0.0814844 0 0
0.00927701 0.0785156 0 0
0.00189569 0.0757812 0 0
-0.00621194 0.0730469 0 0
-0.0126695 0.0707031 0 0
-0.0285945 0.0679687 0 0
-0.044248 0.0652344 0 0
-0.0473353 0.0625 0 0
-0.0501274 0.0597656 0 0
-0.052086 0.0570312 0 0
-0.0567156 0.0542969 0 0
-0.0627639 0.0515625 0 0
-0.0703119 0.0488281 0 0
-0.0636043 0.0460938 0 0
-0.0638389 0.0433594 0 0
-0.0661461 0.040625 0 0
-0.0634349 0.0378906 0 0
-0.0633441 0.0351562 0 0
-0.0567761 0.0324219 0 0
-0.0531594 0.0296875 0 0
-0.047923 0.0269531 0 0
-0.0397756 0.0242188 0 0
-0.020355 0.0183594 0 0
-0.00341215 0.015625 0 0
0.133929 0.0136719 0 0
0.132031 0.0133437 0 0
0.121688 0.0130469 0 0
0.0119384 0.0128906 0 0
0.107108 0.0120313 0 0
0.0288224 0.0120313 0 0
0.0948118 0.0119531 0 0
0.073279 0.011875 0 0
0.05455 0.0117969 0 0
0.122919 7.8125e-05 0 0
0.0993256 0.000179687 0 0
0.0779135 0.0003125 0 0
0.0536693 0.000546875 0 0
0.0213088 0.00101563 0 0
0.00502755 0.00171875 0 0
-0.0237655 0.0028125 0 0
-0.0551221 0.00382812 0 0
-0.0611656 0.00546875 0 0
-0.0781699 0.00898437 0 0
-0.103466 0.015625 0 0
-0.116524 0.0191406 0 0
-0.125892 0.0230469 0 0
-0.135365 0.0269531 0 0
-0.130879 0.0304687 0 0
-0.147021 0.0339844 0 0
-0.156227 0.040625 0 0
-0.158029 0.0472656 0 0
-0.157179 0.0507812 0 0
-0.153441 0.0542969 0 0
-0.15415 0.0578125 0 0
-0.147152 0.0613281 0 0
-0.14075 0.0648438 0 0
-0.131406 0.0683594 0 0
-0.125074 0.071875 0 0
-0.120929 0.0753906 0 0
-0.119622 0.0789062 0 0
-0.0857941 0.0824219 0 0
-0.0812441 0.0859375 0 0
-0.0748306 0.0898438 0 0
-0.0698894 0.09375 0 0
-0.0628792 0.0972656 0 0
-0.0561629 0.100781 0 0
-0.0433895 0.107422 0 0
-0.0315213 0.114062 0 0
-0.0253195 0.117578 0 0
-0.0227161 0.121094 0 0
-0.0134849 0.124844 0 0
-0.009278 0.127969 0 0
-0.00197006 0.13086 0 0
0.00302376 0.133594 0 0
0.0188226 0.138204 0 0
0.0234532 0.123877 0 0
0.0406058 0.121943 0 0
0.0467544 0.118789 0 0
0.0554849 0.115648 0 0
0.0603166 0.11251 0 0
0.0605261 0.109375 0 0
0.0613674 0.106258 0 0
0.0570984 0.103145 0 0
0.0476557 0.093789 0 0
0.0417961 0.0907031 0 0
0.0332768 0.0876172 0 0
0.0240658 0.0845313 0 0
0.0138368 0.0814844 0 0
0.00927701 0.0785156 0 0
0.00189569 0.0757812 0 0
-0.00621194 0.0730469 0 0
-0.0126695 0.0707031 0 0
-0.0285945 0.0679687 0 0
-0.044248 0.0652344 0 0
-0.0473353 0.0625 0 0
-0.0501274 0.0597656 0 0
-0.052086 0.0570312 0 0
-0.0567156 0.0542969 0 0
-0.0627639 0.0515625 0 0
-0.0703119 0.0488281 0 0
-0.0636043 0.0460938 0 0
-0.0638389 0.0433594 0 0
-0.0661461 0.040625 0 0
-0.0634349 0.0378906 0 0
-0.0633441 0.0351562 0 0
-0.0567761 0.0324219 0 0
-0.0531594 0.0296875 0 0
-0.047923 0.0269531 0 0
-0.0397756 0.0242188 0 0
-0.020355 0.0183594 0 0
-0.00341215 0.015625 0 0
0.133929 0.0136719 0 0
0.132031 0.0133437 0 0
0.121688 0.0130469 0 0
0.0119384 0.0128906 0 0
0.107108 0.0120313 0 0
0.0288224 0.0120313 0 0
0.0948118 0.0119531 0 0
0.073279 0.011875 0 0
0.05455 0.0117969 0 0
0.122919 7.8125e-05 0 0
0.0993256 0.000179687 0 0
0.0779135 0.0003125 0 0
0.0536693 0.000546875 0 0
0.0213088 0.00101563 0 0
0.00502755 0.00171875 0 0
-0.0237655 0.0028125 0 0
-0.0551221 0.00382812 0 0
-0.0611656 0.00546875 0 0
-0.0781699 0.00898437 0 0
-0.103466 0.015625 0 0
-0.116524 0.0191406 0 0
-0.125892 0.0230469 0 0
-0.135365 0.0269531 0 0
-0.130879 0.0304687 0 0
-0.147021 0.0339844 0 0
-0.156227 0.040625 0 0
-0.158029 0.0472656 0 0
-0.157179 0.0507812 0 0
-0.153441 0.0542969 0 0
-0.15415 0.0578125 0 0
-0.147152 0.0613281 0 0
-0.14075 0.0648438 0 0
-0.131406 0.0683594 0 0
-0.125074 0.071875 0 0
-0.120929 0.0753906 0 0
-0.119622 0.0789062 0 0
-0.0857941 0.0824219 0 0
-0.0812441 0.0859375 0 0
-0.0748306 0.0898438 0 0
-0.0698894 0.09375 0 0
-0.0628792 0.0972656 0 0
-0.0561629 0.100781 0 0
-0.0433895 0.107422 0 0
-0.0315213 0.114062 0 0
-0.0253195 0.117578 0 0
-0.0227161 0.121094 0 0
-0.0134849 0.124844 0 0
-0.009278 0.127969 0 0
-0.00197006 0.13086 0 0
0.00302376 0.133594 0 0
0.0188226 0.138204 0 0
0.0234532 0.123877 0 0
0.0406058 0.121943 0 0
0.0467544 0.118789 0 0
0.0554849 0.115648 0 0
0.0603166 0.11251 0 0
0.0605261 0.109375 0 0
0.0613674 0.106258 0 0
0.0570984 0.103145 0 0
0.0476557 0.093789 0 0
0.0417961 0.0907031 0 0
0.0332768 0.0876172 0 0
0.0240658 0.0845313 0 0
0.0138368 0.0814844 0 0
0.00927701 0.0785156 0 0
0.00189569 0.0757812 0 0
-0.00621194 0.0730469 0 0
-0.0126695 0.0707031 0 0
-0.0285945 0.0679687 0 0
-0.044248 0.0652344 0 0
-0.0473353 0.0625 0 0
-0.0501274 0.0597656 0 0
-0.052086 0.0570312 0 0
-0.0567156 0.0542969 0 0
-0.0627639 0.0515625 0 0
-0.0703119 0.0488281 0 0
-0.0636043 0.0460938 0 0
-0.0638389 0.0433594 0 0
-0.0661461 0.040625 0 0
-0.0634349 0.0378906 0 0
-0.0633441 0.0351562 0 0
-0.0567761 0.0324219 0 0
-0.0531594 0.0296875 0 0
-0.047923 0.0269531 0 0
-0.0397756 0.0242188 0 0
-0.020355 0.0183594 0 0
-0.00341215 0.015625 0 0
0.133929 0.0136719 0 0
0.132031 0.0133437 0 0
0.121688 0.0130469 0 0
0.0119384 0.0128906 0 0
0.107108 0.0120313 0 0
0.0288224 0.0120313 0 0
0.0948118 0.0119531 0 0
0.073279 0.011875 0 0
0.05455 0.0117969 0 0
8
