0.972042 0 0 0
1.02341 0.0005 0 0
0.98658 0.00125 0 0
0.930208 0.0025 0 0
0.802614 0.005 0 0
0.722504 0.0075 0 0
0.554688 0.01 0 0
0.308132 0.015 0 0
0.247726 0.025 0 0
0.078296 0.05 0 0
-0.23327 0.1 0 0
-0.364582 0.125 0 0
-0.464804 0.15 0 0
-0.559292 0.175 0 0
-0.578024 0.2 0 0
-0.702314 0.225 0 0
-0.80964 0.275 0 0
-0.867948 0.325 0 0
-0.883776 0.35 0 0
-0.872794 0.375 0 0
-0.905578 0.4 0 0
-0.868354 0.425 0 0
-0.829668 0.45 0 0
-0.800434 0.475 0 0
-0.750282 0.5 0 0
-0.707158 0.525 0 0
-0.69343 0.55 0 0
-0.674854 0.575 0 0
-0.557272 0.6 0 0
-0.442188 0.625 0 0
-0.432662 0.65 0 0
-0.397692 0.675 0 0
-0.35586 0.7 0 0
-0.278334 0.75 0 0
-0.200966 0.8 0 0
-0.161882 0.825 0 0
-0.152028 0.85 0 0
-0.098 0.875 0 0
-0.080156 0.9 0 0
-0.040098 0.925 0 0
-0.008844 0.95 0 0
0.10559 0.99 0 0
0.171248 0.99 0 0
0.257092 0.975 0 0
0.27591 0.95 0 0
0.321056 0.925 0 0
0.329934 0.9 0 0
0.323556 0.875 0 0
0.33058 0.85 0 0
0.303204 0.825 0 0
0.232376 0.75 0 0
0.19176 0.725 0 0
0.141444 0.7 0 0
0.0812 0.675 0 0
0.014902 0.65 0 0
-0.013208 0.625 0 0
-0.069654 0.6 0 0
-0.13386 0.575 0 0
-0.196122 0.55 0 0
-0.23101 0.525 0 0
-0.309992 0.5 0 0
-0.487412 0.475 0 0
-0.539586 0.45 0 0
-0.551294 0.425 0 0
-0.584732 0.4 0 0
-0.63908 0.375 0 0
-0.710146 0.35 0 0
-0.665166 0.325 0 0
-0.691734 0.3 0 0
-0.732028 0.275 0 0
-0.736718 0.25 0 0
-0.755612 0.225 0 0
-0.728558 0.2 0 0
-0.720162 0.175 0 0
-0.717012 0.15 0 0
-0.699648 0.125 0 0
-0.64433 0.075 0 0
-0.587234 0.05 0 0
-0.537246 0.025 0 0
-0.452046 0.015 0 0
-0.301032 0.01 0 0
-0.159378 0.0075 0 0
0.063592 0.005 0 0
0.21897 0.0025 0 0
0.422726 0.00125 0 0
0.62244 0.0005 0 0
0.876182 0 0 0
1.13256 0.001 0 0
1.16791 0.002 0 0
1.09752 0.00325 0 0
0.991834 0.0055 0 0
0.852159 0.01 0 0
0.738163 0.0175 0 0
0.508034 0.03 0 0
0.235216 0.04 0 0
0.154765 0.055 0 0
-0.0335624 0.085 0 0
-0.348875 0.14 0 0
-0.505045 0.17 0 0
-0.626732 0.205 0 0
-0.732882 0.24 0 0
-0.754779 0.27 0 0
-0.876873 0.3 0 0
-0.990756 0.355 0 0
-1.04162 0.41 0 0
-1.04971 0.44 0 0
-1.03288 0.47 0 0
-1.05563 0.5 0 0
-1.00979 0.53 0 0
-0.968354 0.56 0 0
-0.935405 0.59 0 0
-0.861736 0.62 0 0
-0.795596 0.65 0 0
-0.779962 0.68 0 0
-0.754392 0.71 0 0
-0.628444 0.74 0 0
-0.497855 0.775 0 0
-0.472855 0.81 0 0
-0.430068 0.84 0 0
-0.386266 0.87 0 0
-0.297934 0.925 0 0
-0.216997 0.98 0 0
-0.169902 1.01 0 0
-0.153797 1.04 0 0
-0.076882 1.073 0 0
-0.0459064 1.098 0 0
0.0113204 1.12 0 0
0.046338 1.14 0 0
0.169801 1.175 0 0
0.171248 0.99 0 0
0.257092 0.975 0 0
0.27591 0.95 0 0
0.321056 0.925 0 0
0.329934 0.9 0 0
0.498792 0.875 0 0
0.455068 0.8501 0 0
0.387749 0.82525 0 0
0.27617 0.7505 0 0
0.204478 0.726 0 0
0.109568 0.7015 0 0
0.0209936 0.677 0 0
-0.0755072 0.653 0 0
-0.120657 0.63 0 0
-0.187101 0.61 0 0
-0.262726 0.59 0 0
-0.336052 0.575 0 0
-0.374412 0.555 0 0
-0.454024 0.535 0 0
-0.633124 0.515 0 0
-0.690708 0.495 0 0
-0.698638 0.475 0 0
-0.731138 0.455 0 0
-0.777427 0.435 0 0
-0.843179 0.415 0 0
-0.807195 0.395 0 0
-0.81955 0.375 0 0
-0.848974 0.355 0 0
-0.846977 0.335 0 0
-0.863529 0.315 0 0
-0.82604 0.295 0 0
-0.78216 0.275 0 0
-0.763214 0.255 0 0
-0.738872 0.235 0 0
-0.671102 0.19 0 0
0.940893 0.175 0 0
0.688556 0.1705 0 0
-0.601165 0.17 0 0
0.483367 0.16625 0 0
0.265445 0.1525 0 0
-0.539888 0.15 0 0
0.101944 0.15 0 0
-0.131089 0.1475 0 0
-0.449066 0.145 0 0
-0.284792 0.145 0 0
1.13256 0.001 0 0
1.16791 0.002 0 0
1.09752 0.00325 0 0
0.991834 0.0055 0 0
0.852159 0.01 0 0
0.738163 0.0175 0 0
0.508034 0.03 0 0
0.235216 0.04 0 0
0.154765 0.055 0 0
-0.0335624 0.085 0 0
-0.348875 0.14 0 0
-0.505045 0.17 0 0
-0.626732 0.205 0 0
-0.732882 0.24 0 0
-0.754779 0.27 0 0
-0.876873 0.3 0 0
-0.990756 0.355 0 0
-1.04162 0.41 0 0
-1.04971 0.44 0 0
-1.03288 0.47 0 0
-1.05563 0.5 0 0
-1.00979 0.53 0 0
-0.968354 0.56 0 0
-0.935405 0.59 0 0
-0.861736 0.62 0 0
-0.795596 0.65 0 0
-0.779962 0.68 0 0
-0.754392 0.71 0 0
-0.628444 0.74 0 0
-0.497855 0.775 0 0
-0.472855 0.81 0 0
-0.430068 0.84 0 0
-0.386266 0.87 0 0
-0.297934 0.925 0 0
-0.216997 0.98 0 0
-0.169902 1.01 0 0
-0.153797 1.04 0 0
-0.076882 1.073 0 0
-0.0459064 1.098 0 0
0.0113204 1.12 0 0
0.046338 1.14 0 0
0.169801 1.175 0 0
0.34168 0.992 0 0
0.455459 0.9761 0 0
0.495414 0.95065 0 0
0.554638 0.9254 0 0
0.556446 0.9002 0 0
0.498792 0.875 0 0
0.455068 0.8501 0 0
0.387749 0.82525 0 0
0.27617 0.7505 0 0
0.204478 0.726 0 0
0.109568 0.7015 0 0
0.0209936 0.677 0 0
-0.0755072 0.653 0 0
-0.120657 0.63 0 0
-0.187101 0.61 0 0
-0.262726 0.59 0 0
-0.336052 0.575 0 0
-0.374412 0.555 0 0
-0.454024 0.535 0 0
-0.633124 0.515 0 0
-0.690708 0.495 0 0
-0.698638 0.475 0 0
-0.731138 0.455 0 0
-0.777427 0.435 0 0
-0.843179 0.415 0 0
-0.807195 0.395 0 0
-0.81955 0.375 0 0
-0.848974 0.355 0 0
-0.846977 0.335 0 0
-0.863529 0.315 0 0
-0.82604 0.295 0 0
-0.78216 0.275 0 0
-0.763214 0.255 0 0
-0.738872 0.235 0 0
-0.671102 0.19 0 0
0.940893 0.175 0 0
0.688556 0.1705 0 0
-0.601165 0.17 0 0
0.483367 0.16625 0 0
0.265445 0.1525 0 0
-0.539888 0.15 0 0
0.101944 0.15 0 0
-0.131089 0.1475 0 0
-0.449066 0.145 0 0
-0.284792 0.145 0 0
1.13256 0.001 0 0
1.16791 0.002 0 0
1.09752 0.00325 0 0
0.991834 0.0055 0 0
0.852159 0.01 0 0
0.738163 0.0175 0 0
0.508034 0.03 0 0
0.235216 0.04 0 0
0.154765 0.055 0 0
-0.0335624 0.085 0 0
-0.348875 0.14 0 0
-0.505045 0.17 0 0
-0.626732 0.205 0 0
-0.732882 0.24 0 0
-0.754779 0.27 0 0
-0.876873 0.3 0 0
-0.990756 0.355 0 0
-1.04162 0.41 0 0
-1.04971 0.44 0 0
-1.03288 0.47 0 0
-1.05563 0.5 0 0
-1.00979 0.53 0 0
-0.968354 0.56 0 0
-0.935405 0.59 0 0
-0.861736 0.62 0 0
-0.795596 0.65 0 0
-0.779962 0.68 0 0
-0.754392 0.71 0 0
-0.628444 0.74 0 0
-0.497855 0.775 0 0
-0.472855 0.81 0 0
-0.430068 0.84 0 0
-0.386266 0.87 0 0
-0.297934 0.925 0 0
-0.216997 0.98 0 0
-0.169902 1.01 0 0
-0.153797 1.04 0 0
-0.076882 1.073 0 0
-0.0459064 1.098 0 0
0.0113204 1.12 0 0
0.046338 1.14 0 0
0.169801 1.175 0 0
0.34168 0.992 0 0
0.455459 0.9761 0 0
0.495414 0.95065 0 0
0.554638 0.9254 0 0
0.556446 0.9002 0 0
0.498792 0.875 0 0
0.455068 0.8501 0 0
0.387749 0.82525 0 0
0.27617 0.7505 0 0
0.204478 0.726 0 0
0.109568 0.7015 0 0
0.0209936 0.677 0 0
-0.0755072 0.653 0 0
-0.120657 0.63 0 0
-0.187101 0.61 0 0
-0.262726 0.59 0 0
-0.336052 0.575 0 0
-0.374412 0.555 0 0
-0.454024 0.535 0 0
-0.633124 0.515 0 0
-0.690708 0.495 0 0
-0.698638 0.475 0 0
-0.731138 0.455 0 0
-0.777427 0.435 0 0
-0.843179 0.415 0 0
-0.807195 0.395 0 0
-0.81955 0.375 0 0
-0.848974 0.355 0 0
-0.846977 0.335 0 0
-0.863529 0.315 0 0
-0.82604 0.295 0 0
-0.78216 0.275 0 0
-0.763214 0.255 0 0
-0.738872 0.235 0 0
-0.671102 0.19 0 0
0.940893 0.175 0 0
0.688556 0.1705 0 0
-0.601165 0.17 0 0
0.483367 0.16625 0 0
0.265445 0.1525 0 0
-0.539888 0.15 0 0
0.101944 0.15 0 0
-0.131089 0.1475 0 0
-0.449066 0.145 0 0
-0.284792 0.145 0 0
1.13256 0.001 0 0
1.16791 0.002 0 0
1.09752 0.00325 0 0
0.991834 0.0055 0 0
0.852159 0.01 0 0
0.738163 0.0175 0 0
0.508034 0.03 0 0
0.235216 0.04 0 0
0.154765 0.055 0 0
-0.0335624 0.085 0 0
-0.348875 0.14 0 0
-0.505045 0.17 0 0
-0.626732 0.205 0 0
-0.732882 0.24 0 0
-0.754779 0.27 0 0
-0.876873 0.3 0 0
-0.990756 0.355 0 0
-1.04162 0.41 0 0
-1.04971 0.44 0 0
-1.03288 0.47 0 0
-1.05563 0.5 0 0
-1.00979 0.53 0 0
-0.968354 0.56 0 0
-0.935405 0.59 0 0
-0.861736 0.62 0 0
-0.795596 0.65 0 0
-0.779962 0.68 0 0
-0.754392 0.71 0 0
-0.628444 0.74 0 0
-0.497855 0.775 0 0
-0.472855 0.81 0 0
-0.430068 0.84 0 0
-0.386266 0.87 0 0
-0.297934 0.925 0 0
-0.216997 0.98 0 0
-0.169902 1.01 0 0
-0.153797 1.04 0 0
-0.076882 1.073 0 0
-0.0459064 1.098 0 0
0.0113204 1.12 0 0
0.046338 1.14 0 0
0.169801 1.175 0 0
0.34168 0.992 0 0
0.455459 0.9761 0 0
0.495414 0.95065 0 0
0.554638 0.9254 0 0
0.556446 0.9002 0 0
0.498792 0.875 0 0
0.455068 0.8501 0 0
0.387749 0.82525 0 0
0.27617 0.7505 0 0
0.204478 0.726 0 0
0.109568 0.7015 0 0
0.0209936 0.677 0 0
-0.0755072 0.653 0 0
-0.120657 0.63 0 0
-0.187101 0.61 0 0
-0.262726 0.59 0 0
-0.336052 0.575 0 0
-0.374412 0.555 0 0
-0.454024 0.535 0 0
-0.633124 0.515 0 0
-0.690708 0.495 0 0
-0.698638 0.475 0 0
-0.731138 0.455 0 0
-0.777427 0.435 0 0
-0.843179 0.415 0 0
-0.807195 0.395 0 0
-0.81955 0.375 0 0
-0.848974 0.355 0 0
-0.846977 0.335 0 0
-0.863529 0.315 0 0
-0.82604 0.295 0 0
-0.78216 0.275 0 0
-0.763214 0.255 0 0
-0.738872 0.235 0 0
-0.671102 0.19 0 0
0.940893 0.175 0 0
0.688556 0.1705 0 0
-0.601165 0.17 0 0
0.483367 0.16625 0 0
0.265445 0.1525 0 0
-0.539888 0.15 0 0
0.101944 0.15 0 0
-0.131089 0.1475 0 0
-0.449066 0.145 0 0
-0.284792 0.145 0 0
1.13256 0.001 0 0
1.16791 0.002 0 0
1.09752 0.00325 0 0
0.991834 0.0055 0 0
0.852159 0.01 0 0
0.738163 0.0175 0 0
0.508034 0.03 0 0
0.235216 0.04 0 0
0.154765 0.055 0 0
-0.0335624 0.085 0 0
-0.348875 0.14 0 0
-0.505045 0.17 0 0
-0.626732 0.205 0 0
-0.732882 0.24 0 0
-0.754779 0.27 0 0
-0.876873 0.3 0 0
-0.990756 0.355 0 0
-1.04162 0.41 0 0
-1.04971 0.44 0 0
-1.03288 0.47 0 0
-1.05563 0.5 0 0
-1.00979 0.53 0 0
-0.968354 0.56 0 0
-0.935405 0.59 0 0
-0.861736 0.62 0 0
-0.795596 0.65 0 0
-0.779962 0.68 0 0
-0.754392 0.71 0 0
-0.628444 0.74 0 0
-0.497855 0.775 0 0
-0.472855 0.81 0 0
-0.430068 0.84 0 0
-0.386266 0.87 0 0
-0.297934 0.925 0 0
-0.216997 0.98 0 0
-0.169902 1.01 0 0
-0.153797 1.04 0 0
-0.076882 1.073 0 0
-0.0459064 1.098 0 0
0.0113204 1.12 0 0
0.046338 1.14 0 0
0.169801 1.175 0 0
0.34168 0.992 0 0
0.455459 0.9761 0 0
0.495414 0.95065 0 0
0.554638 0.9254 0 0
0.556446 0.9002 0 0
0.498792 0.875 0 0
0.455068 0.8501 0 0
0.387749 0.82525 0 0
0.27617 0.7505 0 0
0.204478 0.726 0 0
0.109568 0.7015 0 0
0.0209936 0.677 0 0
-0.0755072 0.653 0 0
-0.120657 0.63 0 0
-0.187101 0.61 0 0
-0.262726 0.59 0 0
-0.336052 0.575 0 0
-0.374412 0.555 0 0
-0.454024 0.535 0 0
-0.633124 0.515 0 0
-0.690708 0.495 0 0
-0.698638 0.475 0 0
-0.731138 0.455 0 0
-0.777427 0.435 0 0
-0.843179 0.415 0 0
-0.807195 0.395 0 0
-0.81955 0.375 0 0
-0.848974 0.355 0 0
-0.846977 0.335 0 0
-0.863529 0.315 0 0
-0.82604 0.295 0 0
-0.78216 0.275 0 0
-0.763214 0.255 0 0
-0.738872 0.235 0 0
-0.671102 0.19 0 0
0.940893 0.175 0 0
0.688556 0.1705 0 0
-0.601165 0.17 0 0
0.483367 0.16625 0 0
0.265445 0.1525 0 0
-0.539888 0.15 0 0
0.101944 0.15 0 0
-0.131089 0.1475 0 0
-0.449066 0.145 0 0
-0.284792 0.145 0 0
