0 0 0 0
0 -0.111111 0 0
0 0.433722 0 0.00765556
0 0 0 0
0 0 0 0
1.00979 0 0 0
0.917712 0.0005 0 0
0.815854 0.00125 0 0
0.681091 0.0025 0 0
0.457408 0.005 0 0
0.349136 0.0075 0 0
0.154174 0.01 0 0
0.0302444 0.015 0 0
-0.146922 0.025 0 0
-0.29243 0.05 0 0
-0.548381 0.1 0 0
-0.646294 0.125 0 0
-0.729684 0.15 0 0
-0.816234 0.175 0 0
-0.832576 0.2 0 0
-0.933014 0.225 0 0
-1.01687 0.275 0 0
-1.05401 0.325 0 0
-1.06849 0.35 0 0
-1.04531 0.375 0 0
-1.04956 0.4 0 0
-1.01816 0.425 0 0
-0.975297 0.45 0 0
-0.937261 0.475 0 0
-0.893432 0.5 0 0
-0.852017 0.525 0 0
-0.691752 0.55 0 0
-0.652699 0.575 0 0
-0.609429 0.6 0 0
-0.543681 0.625 0 0
-0.516034 0.65 0 0
-0.462146 0.675 0 0
-0.411233 0.7 0 0
-0.321681 0.75 0 0
-0.23793 0.8 0 0
-0.197686 0.825 0 0
-0.164936 0.85 0 0
-0.121857 0.875 0 0
-0.0953 0.9 0 0
-0.0512011 0.925 0 0
-0.00896444 0.95 0 0
0.110894 0.99 0 0
0 0 0 0
1.01264 0 0 0
0.918072 0.0005 0 0
0.796597 0.00125 0 0
0.651413 0.0025 0 0
0.524742 0.005 0 0
0.336978 0.0075 0 0
0.202528 0.01 0 0
-0.00572778 0.015 0 0
-0.117393 0.025 0 0
-0.224184 0.05 0 0
-0.332054 0.075 0 0
-0.449071 0.125 0 0
-0.485564 0.15 0 0
-0.517404 0.175 0 0
-0.53614 0.2 0 0
-0.57579 0.225 0 0
-0.593163 0.25 0 0
-0.580893 0.275 0 0
-0.549481 0.3 0 0
-0.534657 0.325 0 0
-0.554234 0.35 0 0
-0.513112 0.375 0 0
-0.474406 0.4 0 0
-0.445251 0.425 0 0
-0.417549 0.45 0 0
-0.328203 0.475 0 0
-0.266378 0.5 0 0
-0.191944 0.525 0 0
-0.141751 0.55 0 0
-0.0877811 0.575 0 0
-0.0303756 0.6 0 0
0.0296644 0.625 0 0
0.0723478 0.65 0 0
0.121159 0.675 0 0
0.177362 0.7 0 0
0.222171 0.725 0 0
0.256238 0.75 0 0
0.329457 0.825 0 0
0.350403 0.85 0 0
0.349496 0.875 0 0
0.349191 0.9 0 0
0.337748 0.925 0 0
0.300123 0.95 0 0
0.272511 0.975 0 0
0.18487 0.99 0 0
0 0 0 0
1.01559 0.0625 0 0
1.0159 0.0875 0 0
1.01464 0.1125 0 0
1.01685 0.1375 0 0
1.01702 0.1625 0 0
1.01167 0.1875 0 0
1.01852 0.2125 0 0
1.01756 0.2375 0 0
1.01584 0.2625 0 0
1.01812 0.2875 0 0
1.01257 0.3125 0 0
1.01671 0.3375 0 0
1.01733 0.3625 0 0
1.01966 0.3875 0 0
1.01928 0.4125 0 0
1.01542 0.4375 0 0
1.01785 0.4525 0 0
1.01613 0.4675 0 0
1.01479 0.4825 0 0
1.01887 0.4975 0 0
1.01483 0.5125 0 0
1.01537 0.5275 0 0
1.00187 0.5425 0 0
1.01986 0.5575 0 0
1.0139 0.5725 0 0
1.01864 0.5875 0 0
1.01738 0.6025 0 0
1.01753 0.6175 0 0
1.01722 0.6325 0 0
1.01329 0.6475 0 0
1.01552 0.6625 0 0
1.01431 0.6775 0 0
1.01615 0.6925 0 0
1.00638 0.7075 0 0
1.01327 0.7225 0 0
1.01412 0.7375 0 0
1.00055 0.7475 0 0
1.0115 0.7575 0 0
1.01314 0.7675 0 0
1.00589 0.7775 0 0
1.01089 0.7875 0 0
1.01138 0.7975 0 0
1.01755 0.8075 0 0
1.0152 0.8175 0 0
1.00932 0.8275 0 0
1.01147 0.8375 0 0
1.01723 0.8475 0 0
1.01412 0.8575 0 0
1.01087 0.8675 0 0
1.01479 0.8775 0 0
1.01504 0.8875 0 0
1.0118 0.8975 0 0
1.01446 0.9075 0 0
1.01378 0.9175 0 0
1.00859 0.9275 0 0
1.0124 0.9375 0 0
1.0125 0.9475 0 0
1.02292 0.9575 0 0
1.01656 0.9675 0 0
1.00704 0.9775 0 0
0.984128 0.9875 0 0
0.925674 0.9975 0 0
0.874276 1.0075 0 0
0.837828 1.0175 0 0
0.847041 1.0275 0 0
0.90889 1.0375 0 0
0.966082 1.0475 0 0
0.996271 1.0575 0 0
1.00922 1.0675 0 0
1.01022 1.0775 0 0
1.01567 1.0875 0 0
1.01148 1.0975 0 0
1.00742 1.1075 0 0
1.0067 1.1175 0 0
1.00917 1.1275 0 0
1.00822 1.1375 0 0
1.0127 1.1525 0 0
1.01034 1.1675 0 0
1.00984 1.1825 0 0
1.00856 1.1975 0 0
1.00794 1.2125 0 0
1.01076 1.2275 0 0
1.01124 1.2425 0 0
1.01235 1.2575 0 0
1.01293 1.2725 0 0
1.00964 1.2875 0 0
1.01109 1.3025 0 0
1.01214 1.3175 0 0
1.01085 1.3325 0 0
1.01146 1.3475 0 0
1.01208 1.3625 0 0
1.00586 1.3775 0 0
1.01061 1.3925 0 0
1.01082 1.4075 0 0
1.01044 1.4225 0 0
1.01182 1.4375 0 0
1.01089 1.4625 0 0
1.01757 1.4875 0 0
1.01757 1.5125 0 0
1.01211 1.5375 0 0
1.01091 1.5625 0 0
1.01204 1.5875 0 0
1.01677 1.6125 0 0
0.992294 1.6375 0 0
1.01445 1.6625 0 0
1.01767 1.6875 0 0
1.0064 1.7125 0 0
1.01053 1.7375 0 0
1.00766 1.7625 0 0
1.01329 1.7875 0 0
1.01567 1.8125 0 0
0 0 0 0
0.00166556 0.625 0 0
-0.0285011 0.9375 0 0
-0.0415344 1.25 0 0
0.0130189 1.5625 0 0
9
