-0.814565 0 0 0
-0.15714 0.0005 0 0
0.220268 0.00125 0 0
0.541835 0.0025 0 0
0.802355 0.005 0 0
0.90107 0.0075 0 0
0.993965 0.01 0 0
0.854315 0.015 0 0
0.979777 0.025 0 0
0.881675 0.05 0 0
0.571233 0.1 0 0
0.408105 0.125 0 0
0.27886 0.15 0 0
0.161465 0.175 0 0
0.0514175 0.2 0 0
-0.0356575 0.225 0 0
-0.19726 0.275 0 0
-0.3119 0.325 0 0
-0.354675 0.35 0 0
-0.377848 0.375 0 0
-0.438795 0.4 0 0
-0.42879 0.425 0 0
-0.423377 0.45 0 0
-0.429198 0.475 0 0
-0.408475 0.5 0 0
-0.37703 0.525 0 0
-0.353657 0.55 0 0
-0.331195 0.575 0 0
-0.314048 0.6 0 0
-0.300875 0.625 0 0
-0.274537 0.65 0 0
-0.25933 0.675 0 0
-0.240745 0.7 0 0
-0.162555 0.75 0 0
-0.098645 0.8 0 0
-0.0810875 0.825 0 0
-0.0930325 0.85 0 0
-0.06006 0.875 0 0
-0.0644525 0.9 0 0
-0.04597 0.925 0 0
-0.0420925 0.95 0 0
0.001595 0.99 0 0
0.01997 0.99 0 0
-0.006975 0.975 0 0
-0.03954 0.95 0 0
-0.04872 0.925 0 0
-0.063425 0.9 0 0
-0.0858775 0.875 0 0
-0.0851675 0.85 0 0
-0.099865 0.825 0 0
-0.101398 0.75 0 0
-0.11273 0.725 0 0
-0.123345 0.7 0 0
-0.12998 0.675 0 0
-0.150193 0.65 0 0
-0.130798 0.625 0 0
-0.122832 0.6 0 0
-0.14193 0.575 0 0
-0.186438 0.55 0 0
-0.230745 0.525 0 0
-0.344975 0.5 0 0
-0.472593 0.475 0 0
-0.589675 0.45 0 0
-0.693802 0.425 0 0
-0.796705 0.4 0 0
-0.916758 0.375 0 0
-1.06141 0.35 0 0
-1.05171 0.325 0 0
-1.13216 0.3 0 0
-1.2373 0.275 0 0
-1.30335 0.25 0 0
-1.37767 0.225 0 0
-1.35368 0.2 0 0
-1.47577 0.175 0 0
-1.54396 0.15 0 0
-1.60573 0.125 0 0
-1.97466 0.075 0 0
-2.18618 0.05 0 0
-2.41842 0.025 0 0
-2.5885 0.015 0 0
-2.85636 0.01 0 0
-2.88087 0.0075 0 0
-2.68874 0.005 0 0
-2.52122 0.0025 0 0
-2.26836 0.00125 0 0
-1.97701 0.0005 0 0
-1.2227 0 0 0
-0.613976 0.00125 0 0
0.0681275 0.002375 0 0
0.468759 0.00375 0 0
0.755414 0.00625 0 0
1.0473 0.01125 0 0
1.12149 0.02 0 0
1.13677 0.035 0 0
0.956341 0.04625 0 0
1.04949 0.0625 0 0
0.922041 0.09375 0 0
0.584087 0.15 0 0
0.399191 0.18125 0 0
0.229545 0.21875 0 0
0.08349 0.25625 0 0
-0.0372513 0.2875 0 0
-0.130119 0.31875 0 0
-0.306959 0.375 0 0
-0.419098 0.43125 0 0
-0.460519 0.4625 0 0
-0.485147 0.49375 0 0
-0.540914 0.525 0 0
-0.523047 0.55625 0 0
-0.511792 0.5875 0 0
-0.511996 0.61875 0 0
-0.486987 0.65 0 0
-0.452249 0.68125 0 0
-0.422292 0.7125 0 0
-0.396027 0.74375 0 0
-0.374234 0.775 0 0
-0.341514 0.8125 0 0
-0.299199 0.85 0 0
-0.279602 0.88125 0 0
-0.264003 0.9125 0 0
-0.17757 0.96875 0 0
-0.114758 1.025 0 0
-0.09258 1.05625 0 0
-0.103556 1.0875 0 0
-0.0596612 1.1225 0 0
-0.05946 1.1475 0 0
-0.0477137 1.16875 0 0
-0.0519775 1.1875 0 0
-0.010585 1.22125 0 0
0.01997 0.99 0 0
-0.006975 0.975 0 0
-0.03954 0.95 0 0
-0.04872 0.925 0 0
-0.063425 0.9 0 0
-0.391553 0.875 0 0
-0.57942 0.850125 0 0
-0.666955 0.825312 0 0
-0.731703 0.750625 0 0
-0.784915 0.72625 0 0
-0.843562 0.701875 0 0
-0.84407 0.6775 0 0
-0.797318 0.65375 0 0
-0.735402 0.63125 0 0
-0.669377 0.6125 0 0
-0.635595 0.59375 0 0
-0.58787 0.58125 0 0
-0.616735 0.5625 0 0
-0.713917 0.54375 0 0
-0.811012 0.525 0 0
-0.934093 0.50625 0 0
-1.01964 0.4875 0 0
-1.10603 0.46875 0 0
-1.1998 0.45 0 0
-1.32434 0.43125 0 0
-1.31707 0.4125 0 0
-1.36134 0.39375 0 0
-1.43647 0.375 0 0
-1.4768 0.35625 0 0
-1.52509 0.3375 0 0
-1.47183 0.31875 0 0
-1.56201 0.3 0 0
-1.60165 0.28125 0 0
-1.65234 0.2625 0 0
-2.01014 0.21875 0 0
-1.24417 0.21875 0 0
-1.9983 0.213 0 0
-2.29333 0.2075 0 0
-2.21689 0.2 0 0
-2.54657 0.19 0 0
-2.71692 0.18625 0 0
-2.9117 0.1825 0 0
-2.45112 0.18125 0 0
-2.88885 0.17875 0 0
-2.62605 0.1775 0 0
-0.613976 0.00125 0 0
0.0681275 0.002375 0 0
0.468759 0.00375 0 0
0.755414 0.00625 0 0
1.0473 0.01125 0 0
1.12149 0.02 0 0
1.13677 0.035 0 0
0.956341 0.04625 0 0
1.04949 0.0625 0 0
0.922041 0.09375 0 0
0.584087 0.15 0 0
0.399191 0.18125 0 0
0.229545 0.21875 0 0
0.08349 0.25625 0 0
-0.0372513 0.2875 0 0
-0.130119 0.31875 0 0
-0.306959 0.375 0 0
-0.419098 0.43125 0 0
-0.460519 0.4625 0 0
-0.485147 0.49375 0 0
-0.540914 0.525 0 0
-0.523047 0.55625 0 0
-0.511792 0.5875 0 0
-0.511996 0.61875 0 0
-0.486987 0.65 0 0
-0.452249 0.68125 0 0
-0.422292 0.7125 0 0
-0.396027 0.74375 0 0
-0.374234 0.775 0 0
-0.341514 0.8125 0 0
-0.299199 0.85 0 0
-0.279602 0.88125 0 0
-0.264003 0.9125 0 0
-0.17757 0.96875 0 0
-0.114758 1.025 0 0
-0.09258 1.05625 0 0
-0.103556 1.0875 0 0
-0.0596612 1.1225 0 0
-0.05946 1.1475 0 0
-0.0477137 1.16875 0 0
-0.0519775 1.1875 0 0
-0.010585 1.22125 0 0
0.281795 0.992813 0 0
0.181878 0.976562 0 0
0.0776498 0.950937 0 0
-0.0316881 0.925594 0 0
-0.216919 0.900312 0 0
-0.391553 0.875 0 0
-0.57942 0.850125 0 0
-0.666955 0.825312 0 0
-0.731703 0.750625 0 0
-0.784915 0.72625 0 0
-0.843562 0.701875 0 0
-0.84407 0.6775 0 0
-0.797318 0.65375 0 0
-0.735402 0.63125 0 0
-0.669377 0.6125 0 0
-0.635595 0.59375 0 0
-0.58787 0.58125 0 0
-0.616735 0.5625 0 0
-0.713917 0.54375 0 0
-0.811012 0.525 0 0
-0.934093 0.50625 0 0
-1.01964 0.4875 0 0
-1.10603 0.46875 0 0
-1.1998 0.45 0 0
-1.32434 0.43125 0 0
-1.31707 0.4125 0 0
-1.36134 0.39375 0 0
-1.43647 0.375 0 0
-1.4768 0.35625 0 0
-1.52509 0.3375 0 0
-1.47183 0.31875 0 0
-1.56201 0.3 0 0
-1.60165 0.28125 0 0
-1.65234 0.2625 0 0
-2.01014 0.21875 0 0
-1.24417 0.21875 0 0
-1.9983 0.213 0 0
-2.29333 0.2075 0 0
-2.21689 0.2 0 0
-2.54657 0.19 0 0
-2.71692 0.18625 0 0
-2.9117 0.1825 0 0
-2.45112 0.18125 0 0
-2.88885 0.17875 0 0
-2.62605 0.1775 0 0
-0.613976 0.00125 0 0
0.0681275 0.002375 0 0
0.468759 0.00375 0 0
0.755414 0.00625 0 0
1.0473 0.01125 0 0
1.12149 0.02 0 0
1.13677 0.035 0 0
0.956341 0.04625 0 0
1.04949 0.0625 0 0
0.922041 0.09375 0 0
0.584087 0.15 0 0
0.399191 0.18125 0 0
0.229545 0.21875 0 0
0.08349 0.25625 0 0
-0.0372513 0.2875 0 0
-0.130119 0.31875 0 0
-0.306959 0.375 0 0
-0.419098 0.43125 0 0
-0.460519 0.4625 0 0
-0.485147 0.49375 0 0
-0.540914 0.525 0 0
-0.523047 0.55625 0 0
-0.511792 0.5875 0 0
-0.511996 0.61875 0 0
-0.486987 0.65 0 0
-0.452249 0.68125 0 0
-0.422292 0.7125 0 0
-0.396027 0.74375 0 0
-0.374234 0.775 0 0
-0.341514 0.8125 0 0
-0.299199 0.85 0 0
-0.279602 0.88125 0 0
-0.264003 0.9125 0 0
-0.17757 0.96875 0 0
-0.114758 1.025 0 0
-0.09258 1.05625 0 0
-0.103556 1.0875 0 0
-0.0596612 1.1225 0 0
-0.05946 1.1475 0 0
-0.0477137 1.16875 0 0
-0.0519775 1.1875 0 0
-0.010585 1.22125 0 0
0.281795 0.992813 0 0
0.181878 0.976562 0 0
0.0776498 0.950937 0 0
-0.0316881 0.925594 0 0
-0.216919 0.900312 0 0
-0.391553 0.875 0 0
-0.57942 0.850125 0 0
-0.666955 0.825312 0 0
-0.731703 0.750625 0 0
-0.784915 0.72625 0 0
-0.843562 0.701875 0 0
-0.84407 0.6775 0 0
-0.797318 0.65375 0 0
-0.735402 0.63125 0 0
-0.669377 0.6125 0 0
-0.635595 0.59375 0 0
-0.58787 0.58125 0 0
-0.616735 0.5625 0 0
-0.713917 0.54375 0 0
-0.811012 0.525 0 0
-0.934093 0.50625 0 0
-1.01964 0.4875 0 0
-1.10603 0.46875 0 0
-1.1998 0.45 0 0
-1.32434 0.43125 0 0
-1.31707 0.4125 0 0
-1.36134 0.39375 0 0
-1.43647 0.375 0 0
-1.4768 0.35625 0 0
-1.52509 0.3375 0 0
-1.47183 0.31875 0 0
-1.56201 0.3 0 0
-1.60165 0.28125 0 0
-1.65234 0.2625 0 0
-2.01014 0.21875 0 0
-1.24417 0.21875 0 0
-1.9983 0.213 0 0
-2.29333 0.2075 0 0
-2.21689 0.2 0 0
-2.54657 0.19 0 0
-2.71692 0.18625 0 0
-2.9117 0.1825 0 0
-2.45112 0.18125 0 0
-2.88885 0.17875 0 0
-2.62605 0.1775 0 0
-0.613976 0.00125 0 0
0.0681275 0.002375 0 0
0.468759 0.00375 0 0
0.755414 0.00625 0 0
1.0473 0.01125 0 0
1.12149 0.02 0 0
1.13677 0.035 0 0
0.956341 0.04625 0 0
1.04949 0.0625 0 0
0.922041 0.09375 0 0
0.584087 0.15 0 0
0.399191 0.18125 0 0
0.229545 0.21875 0 0
0.08349 0.25625 0 0
-0.0372513 0.2875 0 0
-0.130119 0.31875 0 0
-0.306959 0.375 0 0
-0.419098 0.43125 0 0
-0.460519 0.4625 0 0
-0.485147 0.49375 0 0
-0.540914 0.525 0 0
-0.523047 0.55625 0 0
-0.511792 0.5875 0 0
-0.511996 0.61875 0 0
-0.486987 0.65 0 0
-0.452249 0.68125 0 0
-0.422292 0.7125 0 0
-0.396027 0.74375 0 0
-0.374234 0.775 0 0
-0.341514 0.8125 0 0
-0.299199 0.85 0 0
-0.279602 0.88125 0 0
-0.264003 0.9125 0 0
-0.17757 0.96875 0 0
-0.114758 1.025 0 0
-0.09258 1.05625 0 0
-0.103556 1.0875 0 0
-0.0596612 1.1225 0 0
-0.05946 1.1475 0 0
-0.0477137 1.16875 0 0
-0.0519775 1.1875 0 0
-0.010585 1.22125 0 0
0.281795 0.992813 0 0
0.181878 0.976562 0 0
0.0776498 0.950937 0 0
-0.0316881 0.925594 0 0
-0.216919 0.900312 0 0
-0.391553 0.875 0 0
-0.57942 0.850125 0 0
-0.666955 0.825312 0 0
-0.731703 0.750625 0 0
-0.784915 0.72625 0 0
-0.843562 0.701875 0 0
-0.84407 0.6775 0 0
-0.797318 0.65375 0 0
-0.735402 0.63125 0 0
-0.669377 0.6125 0 0
-0.635595 0.59375 0 0
-0.58787 0.58125 0 0
-0.616735 0.5625 0 0
-0.713917 0.54375 0 0
-0.811012 0.525 0 0
-0.934093 0.50625 0 0
-1.01964 0.4875 0 0
-1.10603 0.46875 0 0
-1.1998 0.45 0 0
-1.32434 0.43125 0 0
-1.31707 0.4125 0 0
-1.36134 0.39375 0 0
-1.43647 0.375 0 0
-1.4768 0.35625 0 0
-1.52509 0.3375 0 0
-1.47183 0.31875 0 0
-1.56201 0.3 0 0
-1.60165 0.28125 0 0
-1.65234 0.2625 0 0
-2.01014 0.21875 0 0
-1.24417 0.21875 0 0
-1.9983 0.213 0 0
-2.29333 0.2075 0 0
-2.21689 0.2 0 0
-2.54657 0.19 0 0
-2.71692 0.18625 0 0
-2.9117 0.1825 0 0
-2.45112 0.18125 0 0
-2.88885 0.17875 0 0
-2.62605 0.1775 0 0
-0.613976 0.00125 0 0
0.0681275 0.002375 0 0
0.468759 0.00375 0 0
0.755414 0.00625 0 0
1.0473 0.01125 0 0
1.12149 0.02 0 0
1.13677 0.035 0 0
0.956341 0.04625 0 0
1.04949 0.0625 0 0
0.922041 0.09375 0 0
0.584087 0.15 0 0
0.399191 0.18125 0 0
0.229545 0.21875 0 0
0.08349 0.25625 0 0
-0.0372513 0.2875 0 0
-0.130119 0.31875 0 0
-0.306959 0.375 0 0
-0.419098 0.43125 0 0
-0.460519 0.4625 0 0
-0.485147 0.49375 0 0
-0.540914 0.525 0 0
-0.523047 0.55625 0 0
-0.511792 0.5875 0 0
-0.511996 0.61875 0 0
-0.486987 0.65 0 0
-0.452249 0.68125 0 0
-0.422292 0.7125 0 0
-0.396027 0.74375 0 0
-0.374234 0.775 0 0
-0.341514 0.8125 0 0
-0.299199 0.85 0 0
-0.279602 0.88125 0 0
-0.264003 0.9125 0 0
-0.17757 0.96875 0 0
-0.114758 1.025 0 0
-0.09258 1.05625 0 0
-0.103556 1.0875 0 0
-0.0596612 1.1225 0 0
-0.05946 1.1475 0 0
-0.0477137 1.16875 0 0
-0.0519775 1.1875 0 0
-0.010585 1.22125 0 0
0.281795 0.992813 0 0
0.181878 0.976562 0 0
0.0776498 0.950937 0 0
-0.0316881 0.925594 0 0
-0.216919 0.900312 0 0
-0.391553 0.875 0 0
-0.57942 0.850125 0 0
-0.666955 0.825312 0 0
-0.731703 0.750625 0 0
-0.784915 0.72625 0 0
-0.843562 0.701875 0 0
-0.84407 0.6775 0 0
-0.797318 0.65375 0 0
-0.735402 0.63125 0 0
-0.669377 0.6125 0 0
-0.635595 0.59375 0 0
-0.58787 0.58125 0 0
-0.616735 0.5625 0 0
-0.713917 0.54375 0 0
-0.811012 0.525 0 0
-0.934093 0.50625 0 0
-1.01964 0.4875 0 0
-1.10603 0.46875 0 0
-1.1998 0.45 0 0
-1.32434 0.43125 0 0
-1.31707 0.4125 0 0
-1.36134 0.39375 0 0
-1.43647 0.375 0 0
-1.4768 0.35625 0 0
-1.52509 0.3375 0 0
-1.47183 0.31875 0 0
-1.56201 0.3 0 0
-1.60165 0.28125 0 0
-1.65234 0.2625 0 0
-2.01014 0.21875 0 0
-1.24417 0.21875 0 0
-1.9983 0.213 0 0
-2.29333 0.2075 0 0
-2.21689 0.2 0 0
-2.54657 0.19 0 0
-2.71692 0.18625 0 0
-2.9117 0.1825 0 0
-2.45112 0.18125 0 0
-2.88885 0.17875 0 0
-2.62605 0.1775 0 0
