0 0 0 0
0 2.5 0 0
0 1.29982 0 0.135267
0 0 0 0
0 0 0 0
-2.58269 0 0 0
-2.62205 0.0005 0 0
-2.59708 0.00125 0 0
-2.59029 0.0025 0 0
-2.60458 0.005 0 0
-2.57951 0.0075 0 0
-2.55084 0.01 0 0
-2.77197 0.015 0 0
-2.55186 0.025 0 0
-2.62965 0.05 0 0
-2.49699 0.1 0 0
-2.26908 0.125 0 0
-2.0882 0.15 0 0
-1.97287 0.175 0 0
-1.86448 0.2 0 0
-1.72706 0.225 0 0
-1.48488 0.275 0 0
-1.18374 0.325 0 0
-1.02912 0.35 0 0
-0.834845 0.375 0 0
-0.68025 0.4 0 0
-0.557963 0.425 0 0
-0.50401 0.45 0 0
-0.484337 0.475 0 0
-0.476668 0.5 0 0
-0.473552 0.525 0 0
-0.476617 0.55 0 0
-0.47826 0.575 0 0
-0.482407 0.6 0 0
-0.488108 0.625 0 0
-0.49054 0.65 0 0
-0.494617 0.675 0 0
-0.498147 0.7 0 0
-0.506588 0.75 0 0
-0.512053 0.8 0 0
-0.514858 0.825 0 0
-0.525578 0.85 0 0
-0.523492 0.875 0 0
-0.527222 0.9 0 0
-0.527428 0.925 0 0
-0.526863 0.95 0 0
-0.510385 0.99 0 0
0 0 0 0
-2.2743 0 0 0
-1.26495 0.0005 0 0
-0.57958 0.00125 0 0
-0.109238 0.0025 0 0
0.211507 0.005 0 0
0.542567 0.0075 0 0
0.76559 0.01 0 0
0.990128 0.015 0 0
1.02068 0.025 0 0
0.988138 0.05 0 0
0.877213 0.075 0 0
0.648038 0.125 0 0
0.553832 0.15 0 0
0.466213 0.175 0 0
0.400488 0.2 0 0
0.307648 0.225 0 0
0.24574 0.25 0 0
0.191313 0.275 0 0
0.159222 0.3 0 0
0.122262 0.325 0 0
0.05275 0.35 0 0
0.0447 0.375 0 0
0.0362583 0.4 0 0
0.0204517 0.425 0 0
0.013995 0.45 0 0
0.016445 0.475 0 0
0.0330033 0.5 0 0
0.0610917 0.525 0 0
0.0739867 0.55 0 0
0.0928567 0.575 0 0
0.112467 0.6 0 0
0.128958 0.625 0 0
0.164598 0.65 0 0
0.199585 0.675 0 0
0.231763 0.7 0 0
0.255895 0.725 0 0
0.268945 0.75 0 0
0.28602 0.825 0 0
0.290438 0.85 0 0
0.260057 0.875 0 0
0.228308 0.9 0 0
0.176208 0.925 0 0
0.0620517 0.95 0 0
-0.0660983 0.975 0 0
-0.503655 0.99 0 0
0 0 0 0
1.02063 0.0625 0 0
1.02071 0.0875 0 0
1.0196 0.1125 0 0
1.02184 0.1375 0 0
1.02164 0.1625 0 0
1.01643 0.1875 0 0
1.02393 0.2125 0 0
1.02239 0.2375 0 0
1.02076 0.2625 0 0
1.02285 0.2875 0 0
1.01799 0.3125 0 0
1.02164 0.3375 0 0
1.0223 0.3625 0 0
1.02549 0.3875 0 0
1.02438 0.4125 0 0
1.02073 0.4375 0 0
1.02275 0.4525 0 0
1.02095 0.4675 0 0
1.02004 0.4825 0 0
1.0242 0.4975 0 0
1.01992 0.5125 0 0
1.02016 0.5275 0 0
1.00624 0.5425 0 0
1.02436 0.5575 0 0
1.01857 0.5725 0 0
1.02345 0.5875 0 0
1.02171 0.6025 0 0
1.02068 0.6175 0 0
1.01939 0.6325 0 0
1.01112 0.6475 0 0
1.00865 0.6625 0 0
0.996542 0.6775 0 0
0.990167 0.6925 0 0
0.972455 0.7075 0 0
0.966122 0.7225 0 0
0.949977 0.7375 0 0
0.922543 0.7475 0 0
0.914765 0.7575 0 0
0.890925 0.7675 0 0
0.863328 0.7775 0 0
0.845865 0.7875 0 0
0.817388 0.7975 0 0
0.803223 0.8075 0 0
0.782588 0.8175 0 0
0.748813 0.8275 0 0
0.744858 0.8375 0 0
0.725677 0.8475 0 0
0.702202 0.8575 0 0
0.68526 0.8675 0 0
0.673957 0.8775 0 0
0.664638 0.8875 0 0
0.645637 0.8975 0 0
0.643868 0.9075 0 0
0.629342 0.9175 0 0
0.613083 0.9275 0 0
0.605333 0.9375 0 0
0.603973 0.9475 0 0
0.606765 0.9575 0 0
0.599992 0.9675 0 0
0.594443 0.9775 0 0
0.603638 0.9875 0 0
0.604423 0.9975 0 0
0.60175 1.0075 0 0
0.61264 1.0175 0 0
0.612137 1.0275 0 0
0.627362 1.0375 0 0
0.637412 1.0475 0 0
0.659342 1.0575 0 0
0.665335 1.0675 0 0
0.673315 1.0775 0 0
0.703133 1.0875 0 0
0.715822 1.0975 0 0
0.727577 1.1075 0 0
0.742852 1.1175 0 0
0.76248 1.1275 0 0
0.777927 1.1375 0 0
0.801617 1.1525 0 0
0.828973 1.1675 0 0
0.852305 1.1825 0 0
0.870955 1.1975 0 0
0.896802 1.2125 0 0
0.919035 1.2275 0 0
0.931728 1.2425 0 0
0.942178 1.2575 0 0
0.951092 1.2725 0 0
0.961377 1.2875 0 0
0.972838 1.3025 0 0
0.982585 1.3175 0 0
0.985012 1.3325 0 0
0.995018 1.3475 0 0
1.00408 1.3625 0 0
1.00348 1.3775 0 0
1.01117 1.3925 0 0
1.01391 1.4075 0 0
1.01472 1.4225 0 0
1.01686 1.4375 0 0
1.01629 1.4625 0 0
1.02244 1.4875 0 0
1.02265 1.5125 0 0
1.01652 1.5375 0 0
1.01567 1.5625 0 0
1.01681 1.5875 0 0
1.02191 1.6125 0 0
0.996375 1.6375 0 0
1.01967 1.6625 0 0
1.02304 1.6875 0 0
1.01075 1.7125 0 0
1.01547 1.7375 0 0
1.01213 1.7625 0 0
1.01804 1.7875 0 0
1.021 1.8125 0 0
0 0 0 0
-0.00206833 0.625 0 0
-0.160732 0.9375 0 0
-0.093125 1.25 0 0
-0.016115 1.5625 0 0
6
