0 0 0 0
0 2.09091 0 0
-0.489042 1.33587 0 0.283882
-0.493527 0.000113636 0 0
0 0 0 0
-5.18251 0.000454545 0 0
-5.86454 0.00118182 0 0
-5.88025 0.00215909 0 0
-5.93536 0.00386364 0 0
-5.91825 0.00727273 0 0
-5.62013 0.0120455 0 0
-5.16294 0.0190909 0 0
-5.09877 0.0263636 0 0
-4.76448 0.0386364 0 0
-3.22112 0.0659091 0 0
-2.23354 0.118182 0 0
-1.80955 0.145455 0 0
-1.41181 0.175 0 0
-1.09794 0.204545 0 0
-0.785843 0.231818 0 0
-0.746499 0.259091 0 0
-0.718083 0.311364 0 0
-0.711942 0.363636 0 0
-0.704561 0.390909 0 0
-0.709832 0.418182 0 0
-0.737248 0.445455 0 0
-0.720609 0.472727 0 0
-0.723932 0.5 0 0
-0.732731 0.527273 0 0
-0.734975 0.554545 0 0
-0.738621 0.581818 0 0
-0.753542 0.609091 0 0
-0.758645 0.636364 0 0
-0.769959 0.663636 0 0
-0.789893 0.693182 0 0
-0.788207 0.722727 0 0
-0.794481 0.75 0 0
-0.798421 0.777273 0 0
-0.798525 0.829545 0 0
-0.793198 0.881818 0 0
-0.789402 0.909091 0 0
-0.811478 0.936364 0 0
-0.788687 0.965 0 0
-0.791946 0.99 0 0
-0.737402 1.01364 0 0
-0.7232 1.03636 0 0
-0.684168 1.07409 0 0
0 0 0 0
-3.9618 0.0795455 0 0
-2.7093 0.0777727 0 0
-1.80173 0.07625 0 0
-1.13622 0.0706818 0 0
-0.658114 0.0709091 0 0
-0.12892 0.0711364 0 0
0.265304 0.0713636 0 0
0.792865 0.0740909 0 0
0.956188 0.0818182 0 0
1.04405 0.104545 0 0
1.01947 0.127273 0 0
0.844015 0.175 0 0
0.758566 0.197727 0 0
0.682179 0.220455 0 0
0.609819 0.243182 0 0
0.511889 0.265909 0 0
0.472759 0.288636 0 0
0.388831 0.311364 0 0
0.341829 0.334091 0 0
0.291992 0.356818 0 0
0.18412 0.379545 0 0
0.190524 0.402273 0 0
0.187414 0.425 0 0
0.169944 0.447727 0 0
0.142502 0.470455 0 0
0.134841 0.493182 0 0
0.150132 0.515909 0 0
0.186207 0.538636 0 0
0.17842 0.561364 0 0
0.212805 0.581818 0 0
0.232471 0.604545 0 0
0.228836 0.627273 0 0
0.205202 0.651364 0 0
0.189725 0.675909 0 0
0.173831 0.700682 0 0
0.14517 0.725455 0 0
0.117115 0.750227 0 0
0.0731745 0.825114 0 0
0.000143636 0.850045 0 0
-0.152685 0.875 0 0
-0.300997 0.900041 0 0
-0.429159 0.925107 0 0
-0.575345 0.950196 0 0
-0.727804 0.975351 0 0
-1.25789 0.990661 0 0
0 0 0 0
0.542406 0.0642355 0 0
0.556666 0.0898967 0 0
0.579618 0.116012 0 0
0.736332 0.143492 0 0
0.813476 0.173244 0 0
0.840325 0.200723 0 0
0.896128 0.228409 0 0
0.920456 0.256095 0 0
0.945592 0.283574 0 0
0.957698 0.311054 0 0
0.950652 0.340806 0 0
0.958146 0.370558 0 0
0.956825 0.398037 0 0
0.965428 0.425517 0 0
0.962026 0.452996 0 0
0.950093 0.480475 0 0
0.951556 0.497955 0 0
0.946471 0.515434 0 0
0.944415 0.532913 0 0
0.95581 0.550393 0 0
0.938766 0.567872 0 0
0.937742 0.585351 0 0
0.880535 0.602831 0 0
0.941821 0.620517 0 0
0.926079 0.638202 0 0
0.925094 0.655682 0 0
0.90988 0.673161 0 0
0.906174 0.692913 0 0
0.891402 0.712665 0 0
0.867582 0.730145 0 0
0.858951 0.747624 0 0
0.821546 0.765227 0 0
0.800109 0.7825 0 0
0.756683 0.799649 0 0
0.731579 0.816715 0 0
0.691805 0.835145 0 0
0.622215 0.8375 0 0
0.694506 0.846136 0 0
0.668623 0.853864 0 0
0.653029 0.861591 0 0
0.662529 0.869318 0 0
0.594882 0.877045 0 0
0.586392 0.884777 0 0
0.57726 0.89251 0 0
0.501994 0.895702 0 0
0.505838 0.90345 0 0
0.480804 0.911198 0 0
0.438644 0.918946 0 0
0.435255 0.926715 0 0
0.357857 0.934525 0 0
0.352651 0.942459 0 0
0.327966 0.950393 0 0
0.318115 0.958533 0 0
0.285034 0.966467 0 0
0.239517 0.974401 0 0
0.233715 0.982335 0 0
0.192526 0.990269 0 0
0.228388 0.998202 0 0
0.213646 1.00614 0 0
0.158763 1.01407 0 0
0.154791 1.022 0 0
0.133272 1.02994 0 0
0.164765 1.03787 0 0
0.159891 1.04581 0 0
0.192098 1.05374 0 0
0.166289 1.06167 0 0
0.185394 1.06961 0 0
0.157466 1.07754 0 0
0.176593 1.08548 0 0
0.184447 1.09341 0 0
0.221327 1.09907 0 0
0.215033 1.107 0 0
0.207006 1.11494 0 0
-0.230227 1.12473 0 0
-0.0998927 1.13457 0 0
0.00315364 1.14443 0 0
0.274964 1.15924 0 0
0.231164 1.17399 0 0
0.236174 1.18897 0 0
0.205486 1.20395 0 0
0.219199 1.21893 0 0
-0.100469 1.22754 0 0
-0.135193 1.24261 0 0
-0.103702 1.2577 0 0
-0.0715536 1.27285 0 0
-0.0302482 1.28816 0 0
0.05207 1.3036 0 0
0.155037 1.31924 0 0
0.198975 1.3349 0 0
0.297988 1.35101 0 0
0.486478 1.36849 0 0
0.58632 1.38824 0 0
0.696192 1.40572 0 0
0.769319 1.42341 0 0
0.816219 1.44109 0 0
0.875426 1.45857 0 0
0.897239 1.48605 0 0
0.929501 1.51581 0 0
0.943092 1.54556 0 0
0.932494 1.57304 0 0
0.934306 1.60052 0 0
0.938559 1.628 0 0
0.963311 1.65548 0 0
0.91087 1.68295 0 0
0.950126 1.71043 0 0
0.966653 1.73791 0 0
0.937787 1.76539 0 0
0.946085 1.79287 0 0
0.934405 1.82035 0 0
0.948481 1.84783 0 0
0.957091 1.87552 0 0
0 0 0 0
-0.15908 0.693182 0 0
-0.342515 1.00816 0 0
-0.3551 1.32541 0 0
-0.17608 1.64267 0 0
-0.0717638 0.0826446 0 0
-0.0737707 0.085124 0 0
-0.0716988 0.0877273 0 0
-0.0719951 0.09 0 0
-0.0670365 0.0921491 0 0
-0.0657455 0.0942145 0 0
-0.0621971 0.0976445 0 0
-0.114354 0.0900601 0 0
-0.066164 0.0886683 0 0
-0.0523041 0.0863815 0 0
-0.0390145 0.0841006 0 0
-0.0273634 0.0818219 0 0
-0.0138805 0.0795455 0 0
1.30578e-05 0.0772768 0 0
0.00665223 0.0750104 0 0
0.0106468 0.0682025 0 0
0.0131973 0.0659505 0 0
0.0158028 0.0636984 0 0
0.0172477 0.0614463 0 0
0.0186547 0.0592149 0 0
0.0208033 0.0570248 0 0
0.0211337 0.0549586 0 0
0.0193459 0.0528925 0 0
0.01622 0.0510331 0 0
0.0169279 0.0489669 0 0
0.0136484 0.0469008 0 0
0.0122583 0.0448347 0 0
0.0129547 0.0427686 0 0
0.0154495 0.0407025 0 0
0.0170376 0.0386364 0 0
0.0173204 0.0365703 0 0
0.0167382 0.0345041 0 0
0.0265447 0.032438 0 0
0.0310754 0.0303719 0 0
0.0353483 0.0283058 0 0
0.0429781 0.0262396 0 0
0.0465354 0.0241735 0 0
0.0554381 0.0221075 0 0
0.0620163 0.0200414 0 0
0.0689605 0.0179752 0 0
0.0767286 0.0159091 0 0
0.0926791 0.0115703 0 0
0.0949136 0.00950409 0 0
0.0869262 0.00743802 0 0
-0.360164 0.00723141 0 0
-0.2463 0.00707025 0 0
-0.163794 0.00693182 0 0
0.0720786 0.00673554 0 0
0.0241185 0.0064876 0 0
-0.01172 0.00646695 0 0
-0.0598285 0.00644628 0 0
-0.103293 0.00642562 0 0
-0.471137 4.13223e-05 0 0
-0.53314 0.000107438 0 0
-0.534568 0.000196281 0 0
-0.539578 0.00035124 0 0
-0.538023 0.000661157 0 0
-0.510921 0.00109505 0 0
-0.469358 0.00173554 0 0
-0.463525 0.00239669 0 0
-0.433135 0.0035124 0 0
-0.292829 0.00599174 0 0
-0.203049 0.0107438 0 0
-0.164505 0.0132232 0 0
-0.128346 0.0159091 0 0
-0.0998127 0.018595 0 0
-0.0714403 0.0210744 0 0
-0.0678635 0.0235537 0 0
-0.0652803 0.0283058 0 0
-0.064722 0.0330578 0 0
-0.064051 0.0355372 0 0
-0.0645302 0.0380165 0 0
-0.0670225 0.0404959 0 0
-0.0655099 0.0429752 0 0
-0.065812 0.0454545 0 0
-0.0666119 0.0479339 0 0
-0.0668159 0.0504132 0 0
-0.0671474 0.0528925 0 0
-0.0685038 0.0553719 0 0
-0.0689677 0.0578513 0 0
-0.0699963 0.0603305 0 0
-0.0718085 0.0630165 0 0
-0.0716552 0.0657025 0 0
-0.0722255 0.0681818 0 0
-0.0725837 0.0706612 0 0
-0.0725932 0.0754132 0 0
-0.0721089 0.0801653 0 0
-0.0717638 0.0826446 0 0
-0.0737707 0.085124 0 0
-0.0716988 0.0877273 0 0
-0.0719951 0.09 0 0
-0.0670365 0.0921491 0 0
-0.0657455 0.0942145 0 0
-0.0621971 0.0976445 0 0
-0.114354 0.0900601 0 0
-0.066164 0.0886683 0 0
-0.0523041 0.0863815 0 0
-0.0390145 0.0841006 0 0
-0.0273634 0.0818219 0 0
-0.0138805 0.0795455 0 0
1.30578e-05 0.0772768 0 0
0.00665223 0.0750104 0 0
0.0106468 0.0682025 0 0
0.0131973 0.0659505 0 0
0.0158028 0.0636984 0 0
0.0172477 0.0614463 0 0
0.0186547 0.0592149 0 0
0.0208033 0.0570248 0 0
0.0211337 0.0549586 0 0
0.0193459 0.0528925 0 0
0.01622 0.0510331 0 0
0.0169279 0.0489669 0 0
0.0136484 0.0469008 0 0
0.0122583 0.0448347 0 0
0.0129547 0.0427686 0 0
0.0154495 0.0407025 0 0
0.0170376 0.0386364 0 0
0.0173204 0.0365703 0 0
0.0167382 0.0345041 0 0
0.0265447 0.032438 0 0
0.0310754 0.0303719 0 0
0.0353483 0.0283058 0 0
0.0429781 0.0262396 0 0
0.0465354 0.0241735 0 0
0.0554381 0.0221075 0 0
0.0620163 0.0200414 0 0
0.0689605 0.0179752 0 0
0.0767286 0.0159091 0 0
0.0926791 0.0115703 0 0
0.0949136 0.00950409 0 0
0.0869262 0.00743802 0 0
-0.360164 0.00723141 0 0
-0.2463 0.00707025 0 0
-0.163794 0.00693182 0 0
0.0720786 0.00673554 0 0
0.0241185 0.0064876 0 0
-0.01172 0.00646695 0 0
-0.0598285 0.00644628 0 0
-0.103293 0.00642562 0 0
-0.471137 4.13223e-05 0 0
-0.53314 0.000107438 0 0
-0.534568 0.000196281 0 0
-0.539578 0.00035124 0 0
-0.538023 0.000661157 0 0
-0.510921 0.00109505 0 0
-0.469358 0.00173554 0 0
-0.463525 0.00239669 0 0
-0.433135 0.0035124 0 0
-0.292829 0.00599174 0 0
-0.203049 0.0107438 0 0
-0.164505 0.0132232 0 0
-0.128346 0.0159091 0 0
-0.0998127 0.018595 0 0
-0.0714403 0.0210744 0 0
-0.0678635 0.0235537 0 0
-0.0652803 0.0283058 0 0
-0.064722 0.0330578 0 0
-0.064051 0.0355372 0 0
-0.0645302 0.0380165 0 0
-0.0670225 0.0404959 0 0
-0.0655099 0.0429752 0 0
-0.065812 0.0454545 0 0
-0.0666119 0.0479339 0 0
-0.0668159 0.0504132 0 0
-0.0671474 0.0528925 0 0
-0.0685038 0.0553719 0 0
-0.0689677 0.0578513 0 0
-0.0699963 0.0603305 0 0
-0.0718085 0.0630165 0 0
-0.0716552 0.0657025 0 0
-0.0722255 0.0681818 0 0
-0.0725837 0.0706612 0 0
-0.0725932 0.0754132 0 0
-0.0721089 0.0801653 0 0
-0.0717638 0.0826446 0 0
-0.0737707 0.085124 0 0
-0.0716988 0.0877273 0 0
-0.0719951 0.09 0 0
-0.0670365 0.0921491 0 0
-0.0657455 0.0942145 0 0
-0.0621971 0.0976445 0 0
-0.114354 0.0900601 0 0
-0.066164 0.0886683 0 0
-0.0523041 0.0863815 0 0
-0.0390145 0.0841006 0 0
-0.0273634 0.0818219 0 0
-0.0138805 0.0795455 0 0
1.30578e-05 0.0772768 0 0
0.00665223 0.0750104 0 0
0.0106468 0.0682025 0 0
0.0131973 0.0659505 0 0
0.0158028 0.0636984 0 0
0.0172477 0.0614463 0 0
0.0186547 0.0592149 0 0
0.0208033 0.0570248 0 0
0.0211337 0.0549586 0 0
0.0193459 0.0528925 0 0
0.01622 0.0510331 0 0
0.0169279 0.0489669 0 0
0.0136484 0.0469008 0 0
0.0122583 0.0448347 0 0
0.0129547 0.0427686 0 0
0.0154495 0.0407025 0 0
0.0170376 0.0386364 0 0
0.0173204 0.0365703 0 0
0.0167382 0.0345041 0 0
0.0265447 0.032438 0 0
0.0310754 0.0303719 0 0
0.0353483 0.0283058 0 0
0.0429781 0.0262396 0 0
0.0465354 0.0241735 0 0
0.0554381 0.0221075 0 0
0.0620163 0.0200414 0 0
0.0689605 0.0179752 0 0
0.0767286 0.0159091 0 0
0.0926791 0.0115703 0 0
0.0949136 0.00950409 0 0
0.0869262 0.00743802 0 0
-0.360164 0.00723141 0 0
-0.2463 0.00707025 0 0
-0.163794 0.00693182 0 0
0.0720786 0.00673554 0 0
0.0241185 0.0064876 0 0
-0.01172 0.00646695 0 0
-0.0598285 0.00644628 0 0
-0.103293 0.00642562 0 0
11
