0 0 0 0
0 -1.33333 0 0
0.0656028 -0.441783 0 0.00808333
0.107551 0.000208333 0 0
0 0 0 0
0.074362 0.000833333 0 0
0.562283 0.00175 0 0
0.814292 0.00291667 0 0
0.977865 0.005 0 0
1.12215 0.00916667 0 0
1.1347 0.0158333 0 0
1.07979 0.0266667 0 0
0.862655 0.0358333 0 0
0.89283 0.05 0 0
0.734135 0.0791667 0 0
0.37846 0.133333 0 0
0.196886 0.1625 0 0
0.0457667 0.195833 0 0
-0.0876972 0.229167 0 0
-0.18273 0.258333 0 0
-0.284568 0.2875 0 0
-0.441373 0.341667 0 0
-0.542931 0.395833 0 0
-0.575237 0.425 0 0
-0.589844 0.454167 0 0
-0.636458 0.483333 0 0
-0.616098 0.5125 0 0
-0.597012 0.541667 0 0
-0.58856 0.570833 0 0
-0.554534 0.6 0 0
-0.5158 0.629167 0 0
-0.484505 0.658333 0 0
-0.448439 0.6875 0 0
-0.414093 0.716667 0 0
-0.39539 0.75 0 0
-0.358931 0.783333 0 0
-0.327517 0.8125 0 0
-0.24383 0.841667 0 0
-0.173261 0.895833 0 0
-0.125682 0.95 0 0
-0.0916639 0.979167 0 0
-0.0871867 1.00833 0 0
-0.0287692 1.04 0 0
-0.00957 1.065 0 0
0.0268228 1.0875 0 0
0.0490597 1.10833 0 0
0.150402 1.14417 0 0
0 0 0 0
-0.384073 0.145833 0 0
-1.02174 0.142167 0 0
-1.31721 0.13875 0 0
-1.59129 0.1275 0 0
-1.78041 0.125833 0 0
-2.01265 0.124167 0 0
-2.06569 0.1225 0 0
-1.96379 0.123333 0 0
-1.88874 0.129167 0 0
-1.75227 0.15 0 0
-1.62889 0.170833 0 0
-1.47168 0.216667 0 0
-1.43507 0.2375 0 0
-1.39455 0.258333 0 0
-1.38496 0.279167 0 0
-1.38171 0.3 0 0
-1.34316 0.320833 0 0
-1.29178 0.341667 0 0
-1.20751 0.3625 0 0
-1.17019 0.383333 0 0
-1.21267 0.404167 0 0
-1.09979 0.425 0 0
-1.02136 0.445833 0 0
-0.965645 0.466667 0 0
-0.908638 0.4875 0 0
-0.833128 0.508333 0 0
-0.739623 0.529167 0 0
-0.637665 0.55 0 0
-0.58205 0.570833 0 0
-0.524445 0.5875 0 0
-0.467323 0.608333 0 0
-0.429925 0.629167 0 0
-0.405823 0.6525 0 0
-0.353135 0.676667 0 0
-0.29119 0.70125 0 0
-0.209432 0.725833 0 0
-0.139133 0.750417 0 0
-0.0365967 0.825208 0 0
0.0368983 0.850083 0 0
0.149157 0.875 0 0
0.248285 0.900139 0 0
0.336035 0.925292 0 0
0.356934 0.950486 0 0
0.385074 0.975833 0 0
0.368835 0.991528 0 0
0 0 0 0
1.18892 0.0669445 0 0
1.15652 0.0934722 0 0
1.15377 0.120833 0 0
1.14443 0.150694 0 0
1.07149 0.184722 0 0
1.0325 0.214583 0 0
1.02734 0.245139 0 0
1.00178 0.275695 0 0
0.979182 0.305555 0 0
0.97161 0.335417 0 0
0.93187 0.369445 0 0
0.926848 0.403472 0 0
0.920191 0.433333 0 0
0.924576 0.463195 0 0
0.917349 0.493056 0 0
0.907694 0.522917 0 0
0.916891 0.542778 0 0
0.914037 0.562639 0 0
0.918703 0.5825 0 0
0.93509 0.602361 0 0
0.927194 0.622222 0 0
0.936645 0.642083 0 0
0.890731 0.661945 0 0
0.960097 0.6825 0 0
0.956241 0.703055 0 0
0.963092 0.722917 0 0
0.976305 0.742778 0 0
0.993335 0.766806 0 0
1.0012 0.790833 0 0
0.992664 0.810694 0 0
1.00572 0.830555 0 0
1.00673 0.850833 0 0
1.01054 0.87 0 0
0.997685 0.88875 0 0
1.0174 0.907222 0 0
1.0347 0.928195 0 0
0.987807 0.9125 0 0
1.04435 0.92 0 0
1.04293 0.925833 0 0
1.03333 0.931667 0 0
1.04685 0.9375 0 0
1.02733 0.943333 0 0
1.03066 0.949181 0 0
1.01489 0.955035 0 0
0.969609 0.952569 0 0
0.970335 0.958472 0 0
0.971445 0.964375 0 0
0.949632 0.970278 0 0
0.939088 0.97625 0 0
0.938388 0.982361 0 0
0.940131 0.988889 0 0
0.920939 0.995417 0 0
0.914242 1.00264 0 0
0.905724 1.00917 0 0
0.875071 1.01569 0 0
0.867805 1.02222 0 0
0.855489 1.02875 0 0
0.886213 1.03528 0 0
0.851913 1.04181 0 0
0.818298 1.04833 0 0
0.810493 1.05486 0 0
0.797225 1.06139 0 0
0.812638 1.06792 0 0
0.800358 1.07444 0 0
0.78104 1.08097 0 0
0.76839 1.0875 0 0
0.783402 1.09403 0 0
0.769975 1.10056 0 0
0.768897 1.10708 0 0
0.762865 1.11361 0 0
0.74532 1.11597 0 0
0.692032 1.1225 0 0
0.876538 1.13181 0 0
0.732043 1.14119 0 0
0.652113 1.15062 0 0
0.522582 1.15903 0 0
0.583987 1.17375 0 0
0.593978 1.18847 0 0
0.622348 1.20319 0 0
0.662868 1.21806 0 0
0.652235 1.23292 0 0
1.02291 1.22764 0 0
1.10897 1.24279 0 0
1.1467 1.25799 0 0
1.18329 1.27333 0 0
1.18759 1.28903 0 0
1.20537 1.30514 0 0
1.19447 1.32194 0 0
1.15125 1.33847 0 0
1.16344 1.35583 0 0
1.1395 1.37569 0 0
1.05648 1.39972 0 0
1.04116 1.41958 0 0
1.01936 1.44014 0 0
0.995419 1.46069 0 0
0.984187 1.48056 0 0
0.95713 1.51042 0 0
0.946759 1.54444 0 0
0.931653 1.57847 0 0
0.905712 1.60833 0 0
0.901453 1.63819 0 0
0.897337 1.66806 0 0
0.917565 1.69792 0 0
0.87254 1.72778 0 0
0.912218 1.75764 0 0
0.931406 1.7875 0 0
0.91062 1.81736 0 0
0.926444 1.84722 0 0
0.919887 1.87708 0 0
0.938514 1.90694 0 0
0.953672 1.9375 0 0
0 0 0 0
-0.0898595 0.760417 0 0
-0.0871333 1.07778 0 0
-0.0723252 1.39931 0 0
0.007193 1.72083 0 0
-0.0152773 0.163194 0 0
-0.0145311 0.168055 0 0
-0.00479487 0.173333 0 0
-0.001595 0.1775 0 0
0.00447047 0.18125 0 0
0.00817662 0.184722 0 0
0.025067 0.190695 0 0
0.0614725 0.165255 0 0
0.064179 0.162639 0 0
0.059489 0.158414 0 0
0.0560058 0.154215 0 0
0.0413808 0.150023 0 0
0.0248595 0.145833 0 0
0.00614972 0.141681 0 0
-0.00609945 0.137535 0 0
-0.0231888 0.12507 0 0
-0.0349053 0.120972 0 0
-0.0485317 0.116875 0 0
-0.0588558 0.112778 0 0
-0.0676372 0.10875 0 0
-0.0716542 0.104861 0 0
-0.0778872 0.101389 0 0
-0.0874075 0.0979167 0 0
-0.0970083 0.0951388 0 0
-0.106278 0.0916667 0 0
-0.123271 0.0881945 0 0
-0.138855 0.0847222 0 0
-0.15144 0.08125 0 0
-0.160941 0.0777778 0 0
-0.170227 0.0743055 0 0
-0.183298 0.0708333 0 0
-0.202112 0.0673612 0 0
-0.195032 0.0638888 0 0
-0.201252 0.0604167 0 0
-0.215297 0.0569445 0 0
-0.22386 0.0534722 0 0
-0.230285 0.05 0 0
-0.230827 0.0465278 0 0
-0.232425 0.0430555 0 0
-0.239178 0.0395833 0 0
-0.24528 0.0361112 0 0
-0.271482 0.0284722 0 0
-0.292045 0.025 0 0
-0.0640122 0.0243055 0 0
-0.17029 0.0236945 0 0
-0.219535 0.023125 0 0
-0.31479 0.0215278 0 0
-0.265215 0.02125 0 0
-0.296735 0.0209722 0 0
-0.335442 0.0206945 0 0
-0.327298 0.0205555 0 0
-0.344282 0.0204167 0 0
0.0123937 0.000138889 0 0
0.0937138 0.000291667 0 0
0.135715 0.000486112 0 0
0.162977 0.000833333 0 0
0.187025 0.00152778 0 0
0.189117 0.00263888 0 0
0.179965 0.00444445 0 0
0.143776 0.00597222 0 0
0.148805 0.00833333 0 0
0.122356 0.0131945 0 0
0.0630767 0.0222222 0 0
0.0328143 0.0270833 0 0
0.00762778 0.0326388 0 0
-0.0146162 0.0381945 0 0
-0.030455 0.0430555 0 0
-0.047428 0.0479167 0 0
-0.0735622 0.0569445 0 0
-0.0904885 0.0659722 0 0
-0.0958728 0.0708333 0 0
-0.0983073 0.0756945 0 0
-0.106076 0.0805555 0 0
-0.102683 0.0854167 0 0
-0.099502 0.0902778 0 0
-0.0980933 0.0951388 0 0
-0.0924223 0.1 0 0
-0.0859667 0.104861 0 0
-0.0807508 0.109722 0 0
-0.0747398 0.114583 0 0
-0.0690155 0.119445 0 0
-0.0658983 0.125 0 0
-0.0598218 0.130555 0 0
-0.0545862 0.135417 0 0
-0.0406383 0.140278 0 0
-0.0288768 0.149306 0 0
-0.020947 0.158333 0 0
-0.0152773 0.163194 0 0
-0.0145311 0.168055 0 0
-0.00479487 0.173333 0 0
-0.001595 0.1775 0 0
0.00447047 0.18125 0 0
0.00817662 0.184722 0 0
0.025067 0.190695 0 0
0.0614725 0.165255 0 0
0.064179 0.162639 0 0
0.059489 0.158414 0 0
0.0560058 0.154215 0 0
0.0413808 0.150023 0 0
0.0248595 0.145833 0 0
0.00614972 0.141681 0 0
-0.00609945 0.137535 0 0
-0.0231888 0.12507 0 0
-0.0349053 0.120972 0 0
-0.0485317 0.116875 0 0
-0.0588558 0.112778 0 0
-0.0676372 0.10875 0 0
-0.0716542 0.104861 0 0
-0.0778872 0.101389 0 0
-0.0874075 0.0979167 0 0
-0.0970083 0.0951388 0 0
-0.106278 0.0916667 0 0
-0.123271 0.0881945 0 0
-0.138855 0.0847222 0 0
-0.15144 0.08125 0 0
-0.160941 0.0777778 0 0
-0.170227 0.0743055 0 0
-0.183298 0.0708333 0 0
-0.202112 0.0673612 0 0
-0.195032 0.0638888 0 0
-0.201252 0.0604167 0 0
-0.215297 0.0569445 0 0
-0.22386 0.0534722 0 0
-0.230285 0.05 0 0
-0.230827 0.0465278 0 0
-0.232425 0.0430555 0 0
-0.239178 0.0395833 0 0
-0.24528 0.0361112 0 0
-0.271482 0.0284722 0 0
-0.292045 0.025 0 0
-0.0640122 0.0243055 0 0
-0.17029 0.0236945 0 0
-0.219535 0.023125 0 0
-0.31479 0.0215278 0 0
-0.265215 0.02125 0 0
-0.296735 0.0209722 0 0
-0.335442 0.0206945 0 0
-0.327298 0.0205555 0 0
-0.344282 0.0204167 0 0
0.0123937 0.000138889 0 0
0.0937138 0.000291667 0 0
0.135715 0.000486112 0 0
0.162977 0.000833333 0 0
0.187025 0.00152778 0 0
0.189117 0.00263888 0 0
0.179965 0.00444445 0 0
0.143776 0.00597222 0 0
0.148805 0.00833333 0 0
0.122356 0.0131945 0 0
0.0630767 0.0222222 0 0
0.0328143 0.0270833 0 0
0.00762778 0.0326388 0 0
-0.0146162 0.0381945 0 0
-0.030455 0.0430555 0 0
-0.047428 0.0479167 0 0
-0.0735622 0.0569445 0 0
-0.0904885 0.0659722 0 0
-0.0958728 0.0708333 0 0
-0.0983073 0.0756945 0 0
-0.106076 0.0805555 0 0
-0.102683 0.0854167 0 0
-0.099502 0.0902778 0 0
-0.0980933 0.0951388 0 0
-0.0924223 0.1 0 0
-0.0859667 0.104861 0 0
-0.0807508 0.109722 0 0
-0.0747398 0.114583 0 0
-0.0690155 0.119445 0 0
-0.0658983 0.125 0 0
-0.0598218 0.130555 0 0
-0.0545862 0.135417 0 0
-0.0406383 0.140278 0 0
-0.0288768 0.149306 0 0
-0.020947 0.158333 0 0
-0.0152773 0.163194 0 0
-0.0145311 0.168055 0 0
-0.00479487 0.173333 0 0
-0.001595 0.1775 0 0
0.00447047 0.18125 0 0
0.00817662 0.184722 0 0
0.025067 0.190695 0 0
0.0614725 0.165255 0 0
0.064179 0.162639 0 0
0.059489 0.158414 0 0
0.0560058 0.154215 0 0
0.0413808 0.150023 0 0
0.0248595 0.145833 0 0
0.00614972 0.141681 0 0
-0.00609945 0.137535 0 0
-0.0231888 0.12507 0 0
-0.0349053 0.120972 0 0
-0.0485317 0.116875 0 0
-0.0588558 0.112778 0 0
-0.0676372 0.10875 0 0
-0.0716542 0.104861 0 0
-0.0778872 0.101389 0 0
-0.0874075 0.0979167 0 0
-0.0970083 0.0951388 0 0
-0.106278 0.0916667 0 0
-0.123271 0.0881945 0 0
-0.138855 0.0847222 0 0
-0.15144 0.08125 0 0
-0.160941 0.0777778 0 0
-0.170227 0.0743055 0 0
-0.183298 0.0708333 0 0
-0.202112 0.0673612 0 0
-0.195032 0.0638888 0 0
-0.201252 0.0604167 0 0
-0.215297 0.0569445 0 0
-0.22386 0.0534722 0 0
-0.230285 0.05 0 0
-0.230827 0.0465278 0 0
-0.232425 0.0430555 0 0
-0.239178 0.0395833 0 0
-0.24528 0.0361112 0 0
-0.271482 0.0284722 0 0
-0.292045 0.025 0 0
-0.0640122 0.0243055 0 0
-0.17029 0.0236945 0 0
-0.219535 0.023125 0 0
-0.31479 0.0215278 0 0
-0.265215 0.02125 0 0
-0.296735 0.0209722 0 0
-0.335442 0.0206945 0 0
-0.327298 0.0205555 0 0
-0.344282 0.0204167 0 0
6
