0 0 0 0
0 0.3 0 0
0 0.93443 0 0.00855
0 0 0 0
0 0 0 0
0.461141 0 0 0
0.080664 0.0005 0 0
-0.126235 0.00125 0 0
-0.364906 0.0025 0 0
-0.694145 0.005 0 0
-0.815197 0.0075 0 0
-1.00251 0.01 0 0
-1.20585 0.015 0 0
-1.16277 0.025 0 0
-1.20633 0.05 0 0
-1.25148 0.1 0 0
-1.27813 0.125 0 0
-1.3005 0.15 0 0
-1.34289 0.175 0 0
-1.25374 0.2 0 0
-1.38525 0.225 0 0
-1.41594 0.275 0 0
-1.39611 0.325 0 0
-1.37741 0.35 0 0
-1.33684 0.375 0 0
-1.32945 0.4 0 0
-1.26331 0.425 0 0
-1.21183 0.45 0 0
-1.17702 0.475 0 0
-1.14036 0.5 0 0
-1.06529 0.525 0 0
-0.792226 0.55 0 0
-0.7682 0.575 0 0
-0.719785 0.6 0 0
-0.654255 0.625 0 0
-0.611334 0.65 0 0
-0.550442 0.675 0 0
-0.489994 0.7 0 0
-0.377826 0.75 0 0
-0.274461 0.8 0 0
-0.22298 0.825 0 0
-0.202228 0.85 0 0
-0.135889 0.875 0 0
-0.106974 0.9 0 0
-0.055212 0.925 0 0
-0.014105 0.95 0 0
0.108361 0.99 0 0
0 0 0 0
0.71015 0 0 0
0.938484 0.0005 0 0
1.00882 0.00125 0 0
1.01912 0.0025 0 0
1.01274 0.005 0 0
0.94264 0.0075 0 0
0.842991 0.01 0 0
0.680752 0.015 0 0
0.540318 0.025 0 0
0.399483 0.05 0 0
0.23474 0.075 0 0
0.023888 0.125 0 0
-0.046774 0.15 0 0
-0.095954 0.175 0 0
-0.13641 0.2 0 0
-0.200976 0.225 0 0
-0.213854 0.25 0 0
-0.246806 0.275 0 0
-0.238366 0.3 0 0
-0.242963 0.325 0 0
-0.317145 0.35 0 0
-0.269576 0.375 0 0
-0.228876 0.4 0 0
-0.204327 0.425 0 0
-0.186723 0.45 0 0
-0.163507 0.475 0 0
-0.135282 0.5 0 0
-0.111417 0.525 0 0
-0.117554 0.55 0 0
0.087929 0.575 0 0
0.11155 0.6 0 0
0.138079 0.625 0 0
0.148981 0.65 0 0
0.199935 0.675 0 0
0.248872 0.7 0 0
0.291794 0.725 0 0
0.322479 0.75 0 0
0.372589 0.825 0 0
0.396572 0.85 0 0
0.38535 0.875 0 0
0.384664 0.9 0 0
0.36811 0.925 0 0
0.312104 0.95 0 0
0.283072 0.975 0 0
0.157418 0.99 0 0
0 0 0 0
1.01068 0.0625 0 0
1.01908 0.0875 0 0
1.0087 0.1125 0 0
1.02792 0.1375 0 0
1.01363 0.1625 0 0
1.00414 0.1875 0 0
1.02561 0.2125 0 0
1.02 0.2375 0 0
1.01702 0.2625 0 0
1.02506 0.2875 0 0
1.01193 0.3125 0 0
1.01992 0.3375 0 0
1.02045 0.3625 0 0
1.02828 0.3875 0 0
1.02651 0.4125 0 0
1.01431 0.4375 0 0
1.02287 0.4525 0 0
1.01839 0.4675 0 0
1.01508 0.4825 0 0
1.02683 0.4975 0 0
1.01398 0.5125 0 0
1.01794 0.5275 0 0
0.963518 0.5425 0 0
1.03018 0.5575 0 0
1.01884 0.5725 0 0
1.02622 0.5875 0 0
1.01811 0.6025 0 0
1.02751 0.6175 0 0
1.02541 0.6325 0 0
1.01104 0.6475 0 0
1.02639 0.6625 0 0
1.01452 0.6775 0 0
1.02085 0.6925 0 0
0.997598 0.7075 0 0
1.01435 0.7225 0 0
1.0127 0.7375 0 0
0.963152 0.7475 0 0
1.00745 0.7575 0 0
1.00983 0.7675 0 0
0.998079 0.7775 0 0
1.01351 0.7875 0 0
1.00999 0.7975 0 0
1.02921 0.8075 0 0
1.02687 0.8175 0 0
1.00131 0.8275 0 0
1.00931 0.8375 0 0
1.02457 0.8475 0 0
1.01318 0.8575 0 0
1.01201 0.8675 0 0
1.01479 0.8775 0 0
1.02118 0.8875 0 0
1.00826 0.8975 0 0
0.986497 0.9075 0 0
0.930451 0.9175 0 0
0.852685 0.9275 0 0
0.821591 0.9375 0 0
0.822186 0.9475 0 0
0.898143 0.9575 0 0
0.920394 0.9675 0 0
0.956533 0.9775 0 0
0.998404 0.9875 0 0
0.993399 0.9975 0 0
1.01984 1.0075 0 0
1.02247 1.0175 0 0
1.0089 1.0275 0 0
1.00066 1.0375 0 0
1.02057 1.0475 0 0
1.00842 1.0575 0 0
1.01221 1.0675 0 0
1.01185 1.0775 0 0
1.02884 1.0875 0 0
1.01395 1.0975 0 0
0.996913 1.1075 0 0
1.00188 1.1175 0 0
1.00906 1.1275 0 0
1.00821 1.1375 0 0
1.02744 1.1525 0 0
1.01165 1.1675 0 0
1.01302 1.1825 0 0
1.00265 1.1975 0 0
1.00123 1.2125 0 0
1.01427 1.2275 0 0
1.01536 1.2425 0 0
1.01325 1.2575 0 0
1.02122 1.2725 0 0
1.00857 1.2875 0 0
1.01858 1.3025 0 0
1.01532 1.3175 0 0
1.01463 1.3325 0 0
1.01932 1.3475 0 0
1.02037 1.3625 0 0
0.998123 1.3775 0 0
1.01383 1.3925 0 0
1.01609 1.4075 0 0
1.0131 1.4225 0 0
1.01791 1.4375 0 0
1.00866 1.4625 0 0
1.02541 1.4875 0 0
1.02622 1.5125 0 0
1.00498 1.5375 0 0
1.0047 1.5625 0 0
1.00858 1.5875 0 0
1.02428 1.6125 0 0
0.976038 1.6375 0 0
1.01806 1.6625 0 0
1.02921 1.6875 0 0
1.00232 1.7125 0 0
1.00949 1.7375 0 0
0.998723 1.7625 0 0
1.01674 1.7875 0 0
1.02594 1.8125 0 0
0 0 0 0
0.009109 0.625 0 0
-0.014795 0.9375 0 0
-0.044872 1.25 0 0
0.011695 1.5625 0 0
10
