0 0 0 0
0 -1.75 0 0
0.154529 -0.317375 0 0.00815
0.201185 0.0003125 0 0
0 0 0 0
0.481858 0.00125 0 0
0.872585 0.002375 0 0
1.05027 0.00375 0 0
1.13143 0.00625 0 0
1.20966 0.01125 0 0
1.17654 0.02 0 0
1.05365 0.035 0 0
0.801322 0.04625 0 0
0.78848 0.0625 0 0
0.606266 0.09375 0 0
0.238397 0.15 0 0
0.0493583 0.18125 0 0
-0.108711 0.21875 0 0
-0.246605 0.25625 0 0
-0.33159 0.2875 0 0
-0.437524 0.31875 0 0
-0.594089 0.375 0 0
-0.683677 0.43125 0 0
-0.709619 0.4625 0 0
-0.719216 0.49375 0 0
-0.760639 0.525 0 0
-0.731653 0.55625 0 0
-0.703578 0.5875 0 0
-0.688447 0.61875 0 0
-0.649077 0.65 0 0
-0.605614 0.68125 0 0
-0.569188 0.7125 0 0
-0.518215 0.74375 0 0
-0.483722 0.775 0 0
-0.464073 0.8125 0 0
-0.412539 0.85 0 0
-0.322503 0.88125 0 0
-0.267873 0.9125 0 0
-0.207381 0.96875 0 0
-0.149431 1.025 0 0
-0.110035 1.05625 0 0
-0.100947 1.0875 0 0
-0.0305282 1.1225 0 0
-0.003345 1.1475 0 0
0.0401433 1.16875 0 0
0.0671793 1.1875 0 0
0.177858 1.22125 0 0
0 0 0 0
0.00503075 0.21875 0 0
-0.562539 0.213 0 0
-0.850361 0.2075 0 0
-1.1306 0.19 0 0
-1.32652 0.18625 0 0
-1.5741 0.1825 0 0
-1.66104 0.17875 0 0
-1.63606 0.1775 0 0
-1.60171 0.18125 0 0
-1.51921 0.2 0 0
-1.44872 0.21875 0 0
-1.34908 0.2625 0 0
-1.33255 0.28125 0 0
-1.31017 0.3 0 0
-1.31289 0.31875 0 0
-1.31887 0.3375 0 0
-1.28575 0.35625 0 0
-1.27503 0.375 0 0
-1.24298 0.39375 0 0
-1.23206 0.4125 0 0
-1.22848 0.43125 0 0
-1.11032 0.45 0 0
-1.03599 0.46875 0 0
-0.987452 0.4875 0 0
-0.946327 0.50625 0 0
-0.876298 0.525 0 0
-0.791563 0.54375 0 0
-0.69454 0.5625 0 0
-0.642987 0.58125 0 0
-0.594498 0.59375 0 0
-0.536825 0.6125 0 0
-0.496337 0.63125 0 0
-0.473415 0.65375 0 0
-0.40922 0.6775 0 0
-0.330275 0.701875 0 0
-0.221065 0.72625 0 0
-0.131152 0.750625 0 0
0.004017 0.825312 0 0
0.102818 0.850125 0 0
0.245376 0.875 0 0
0.393245 0.900312 0 0
0.489506 0.925594 0 0
0.504685 0.950937 0 0
0.51675 0.976562 0 0
0.480965 0.992813 0 0
0 0 0 0
1.26991 0.07125 0 0
1.2117 0.0990625 0 0
1.20199 0.128125 0 0
1.17329 0.160938 0 0
1.06843 0.2 0 0
1.00909 0.232813 0 0
0.99069 0.267188 0 0
0.949921 0.301563 0 0
0.92431 0.334375 0 0
0.907977 0.367188 0 0
0.854118 0.40625 0 0
0.844206 0.445312 0 0
0.833765 0.478125 0 0
0.841928 0.510938 0 0
0.830858 0.54375 0 0
0.826324 0.576562 0 0
0.839538 0.599375 0 0
0.837633 0.622188 0 0
0.846056 0.645 0 0
0.868302 0.667813 0 0
0.866845 0.690625 0 0
0.880499 0.713437 0 0
0.837029 0.73625 0 0
0.909267 0.760625 0 0
0.907123 0.785 0 0
0.937959 0.807812 0 0
0.946127 0.830625 0 0
0.968972 0.859688 0 0
0.980005 0.88875 0 0
0.980611 0.911562 0 0
0.991413 0.934375 0 0
1.00141 0.958125 0 0
1.01368 0.979375 0 0
0.998971 0.999688 0 0
1.02339 1.01938 0 0
1.05137 1.04281 0 0
0.998648 0.995 0 0
1.06091 1.00125 0 0
1.06388 1.005 0 0
1.05646 1.00875 0 0
1.07439 1.0125 0 0
1.06256 1.01625 0 0
1.04773 1.02003 0 0
1.01989 1.02383 0 0
0.962334 1.01516 0 0
0.950011 1.01906 0 0
0.934391 1.02297 0 0
0.904295 1.02687 0 0
0.887734 1.03094 0 0
0.883431 1.03531 0 0
0.880009 1.04063 0 0
0.857671 1.04594 0 0
0.849911 1.05281 0 0
0.835403 1.05812 0 0
0.796022 1.06344 0 0
0.784071 1.06875 0 0
0.768596 1.07406 0 0
0.80096 1.07937 0 0
0.763443 1.08469 0 0
0.726885 1.09 0 0
0.705972 1.09531 0 0
0.680918 1.10062 0 0
0.70022 1.10594 0 0
0.694545 1.11125 0 0
0.681508 1.11656 0 0
0.663578 1.12188 0 0
0.684368 1.12719 0 0
0.672762 1.1325 0 0
0.67428 1.13781 0 0
0.663747 1.14312 0 0
0.638735 1.14219 0 0
0.945818 1.15219 0 0
0.737118 1.16075 0 0
0.627282 1.16937 0 0
0.444223 1.1775 0 0
0.56351 1.185 0 0
0.594243 1.19906 0 0
0.594085 1.21313 0 0
0.60445 1.22781 0 0
0.57997 1.24219 0 0
0.58459 1.25687 0 0
1.12849 1.22781 0 0
1.22962 1.24309 0 0
1.27242 1.25844 0 0
1.29982 1.27406 0 0
1.30221 1.29031 0 0
1.30459 1.3075 0 0
1.27509 1.32625 0 0
1.20632 1.34406 0 0
1.20981 1.36312 0 0
1.16548 1.38594 0 0
1.05229 1.415 0 0
1.02015 1.43781 0 0
0.983175 1.46219 0 0
0.947889 1.48656 0 0
0.929185 1.50937 0 0
0.889807 1.54219 0 0
0.869553 1.58125 0 0
0.849491 1.62031 0 0
0.819653 1.65313 0 0
0.817661 1.68594 0 0
0.81126 1.71875 0 0
0.837494 1.75156 0 0
0.797806 1.78438 0 0
0.836216 1.81719 0 0
0.859358 1.85 0 0
0.846974 1.88281 0 0
0.863188 1.91562 0 0
0.864656 1.94844 0 0
0.888815 1.98125 0 0
0.902764 2.01562 0 0
0 0 0 0
-0.111548 0.845313 0 0
-0.110891 1.16562 0 0
-0.0938328 1.49219 0 0
-0.0131428 1.81875 0 0
-0.0275087 0.264062 0 0
-0.0252367 0.271875 0 0
-0.00763205 0.280625 0 0
-0.00083625 0.286875 0 0
0.0100358 0.292187 0 0
0.0167948 0.296875 0 0
0.0444645 0.305312 0 0
0.120241 0.248203 0 0
0.129188 0.244141 0 0
0.126171 0.237734 0 0
0.122376 0.231399 0 0
0.0983113 0.225078 0 0
0.061344 0.21875 0 0
0.0257045 0.212531 0 0
0.00100425 0.206328 0 0
-0.032788 0.187656 0 0
-0.0552663 0.181562 0 0
-0.0825687 0.175469 0 0
-0.102305 0.169375 0 0
-0.118354 0.163438 0 0
-0.124084 0.157812 0 0
-0.134206 0.153125 0 0
-0.148624 0.148438 0 0
-0.160747 0.145313 0 0
-0.173635 0.140625 0 0
-0.197891 0.135937 0 0
-0.219075 0.13125 0 0
-0.236582 0.126562 0 0
-0.246863 0.121875 0 0
-0.258997 0.117188 0 0
-0.27758 0.1125 0 0
-0.30712 0.107813 0 0
-0.308015 0.103125 0 0
-0.310745 0.0984375 0 0
-0.318758 0.09375 0 0
-0.321437 0.0890625 0 0
-0.329717 0.084375 0 0
-0.328222 0.0796875 0 0
-0.327543 0.075 0 0
-0.333137 0.0703125 0 0
-0.33727 0.065625 0 0
-0.36218 0.0546875 0 0
0.00125769 0.0546875 0 0
-0.140635 0.05325 0 0
-0.21259 0.051875 0 0
-0.379802 0.05 0 0
-0.28265 0.0475 0 0
-0.33163 0.0465625 0 0
-0.393525 0.045625 0 0
-0.400427 0.0453125 0 0
-0.41526 0.0446875 0 0
-0.409015 0.044375 0 0
0.120465 0.0003125 0 0
0.218146 0.00059375 0 0
0.262568 0.0009375 0 0
0.282857 0.0015625 0 0
0.302415 0.0028125 0 0
0.294135 0.005 0 0
0.263412 0.00875 0 0
0.20033 0.0115625 0 0
0.19712 0.015625 0 0
0.151566 0.0234375 0 0
0.0595992 0.0375 0 0
0.0123396 0.0453125 0 0
-0.0271778 0.0546875 0 0
-0.0616512 0.0640625 0 0
-0.0828975 0.071875 0 0
-0.109381 0.0796875 0 0
-0.148522 0.09375 0 0
-0.170919 0.107813 0 0
-0.177405 0.115625 0 0
-0.179804 0.123438 0 0
-0.19016 0.13125 0 0
-0.182913 0.139063 0 0
-0.175895 0.146875 0 0
-0.172112 0.154688 0 0
-0.162269 0.1625 0 0
-0.151403 0.170313 0 0
-0.142297 0.178125 0 0
-0.129554 0.185938 0 0
-0.12093 0.19375 0 0
-0.116018 0.203125 0 0
-0.103135 0.2125 0 0
-0.0806257 0.220312 0 0
-0.0669683 0.228125 0 0
-0.0518453 0.242188 0 0
-0.0373578 0.25625 0 0
-0.0275087 0.264062 0 0
-0.0252367 0.271875 0 0
-0.00763205 0.280625 0 0
-0.00083625 0.286875 0 0
0.0100358 0.292187 0 0
0.0167948 0.296875 0 0
0.0444645 0.305312 0 0
0.120241 0.248203 0 0
0.129188 0.244141 0 0
0.126171 0.237734 0 0
0.122376 0.231399 0 0
0.0983113 0.225078 0 0
0.061344 0.21875 0 0
0.0257045 0.212531 0 0
0.00100425 0.206328 0 0
-0.032788 0.187656 0 0
-0.0552663 0.181562 0 0
-0.0825687 0.175469 0 0
-0.102305 0.169375 0 0
-0.118354 0.163438 0 0
-0.124084 0.157812 0 0
-0.134206 0.153125 0 0
-0.148624 0.148438 0 0
-0.160747 0.145313 0 0
-0.173635 0.140625 0 0
-0.197891 0.135937 0 0
-0.219075 0.13125 0 0
-0.236582 0.126562 0 0
-0.246863 0.121875 0 0
-0.258997 0.117188 0 0
-0.27758 0.1125 0 0
-0.30712 0.107813 0 0
-0.308015 0.103125 0 0
-0.310745 0.0984375 0 0
-0.318758 0.09375 0 0
-0.321437 0.0890625 0 0
-0.329717 0.084375 0 0
-0.328222 0.0796875 0 0
-0.327543 0.075 0 0
-0.333137 0.0703125 0 0
-0.33727 0.065625 0 0
-0.36218 0.0546875 0 0
0.00125769 0.0546875 0 0
-0.140635 0.05325 0 0
-0.21259 0.051875 0 0
-0.379802 0.05 0 0
-0.28265 0.0475 0 0
-0.33163 0.0465625 0 0
-0.393525 0.045625 0 0
-0.400427 0.0453125 0 0
-0.41526 0.0446875 0 0
-0.409015 0.044375 0 0
0.120465 0.0003125 0 0
0.218146 0.00059375 0 0
0.262568 0.0009375 0 0
0.282857 0.0015625 0 0
0.302415 0.0028125 0 0
0.294135 0.005 0 0
0.263412 0.00875 0 0
0.20033 0.0115625 0 0
0.19712 0.015625 0 0
0.151566 0.0234375 0 0
0.0595992 0.0375 0 0
0.0123396 0.0453125 0 0
-0.0271778 0.0546875 0 0
-0.0616512 0.0640625 0 0
-0.0828975 0.071875 0 0
-0.109381 0.0796875 0 0
-0.148522 0.09375 0 0
-0.170919 0.107813 0 0
-0.177405 0.115625 0 0
-0.179804 0.123438 0 0
-0.19016 0.13125 0 0
-0.182913 0.139063 0 0
-0.175895 0.146875 0 0
-0.172112 0.154688 0 0
-0.162269 0.1625 0 0
-0.151403 0.170313 0 0
-0.142297 0.178125 0 0
-0.129554 0.185938 0 0
-0.12093 0.19375 0 0
-0.116018 0.203125 0 0
-0.103135 0.2125 0 0
-0.0806257 0.220312 0 0
-0.0669683 0.228125 0 0
-0.0518453 0.242188 0 0
-0.0373578 0.25625 0 0
-0.0275087 0.264062 0 0
-0.0252367 0.271875 0 0
-0.00763205 0.280625 0 0
-0.00083625 0.286875 0 0
0.0100358 0.292187 0 0
0.0167948 0.296875 0 0
0.0444645 0.305312 0 0
0.120241 0.248203 0 0
0.129188 0.244141 0 0
0.126171 0.237734 0 0
0.122376 0.231399 0 0
0.0983113 0.225078 0 0
0.061344 0.21875 0 0
0.0257045 0.212531 0 0
0.00100425 0.206328 0 0
-0.032788 0.187656 0 0
-0.0552663 0.181562 0 0
-0.0825687 0.175469 0 0
-0.102305 0.169375 0 0
-0.118354 0.163438 0 0
-0.124084 0.157812 0 0
-0.134206 0.153125 0 0
-0.148624 0.148438 0 0
-0.160747 0.145313 0 0
-0.173635 0.140625 0 0
-0.197891 0.135937 0 0
-0.219075 0.13125 0 0
-0.236582 0.126562 0 0
-0.246863 0.121875 0 0
-0.258997 0.117188 0 0
-0.27758 0.1125 0 0
-0.30712 0.107813 0 0
-0.308015 0.103125 0 0
-0.310745 0.0984375 0 0
-0.318758 0.09375 0 0
-0.321437 0.0890625 0 0
-0.329717 0.084375 0 0
-0.328222 0.0796875 0 0
-0.327543 0.075 0 0
-0.333137 0.0703125 0 0
-0.33727 0.065625 0 0
-0.36218 0.0546875 0 0
0.00125769 0.0546875 0 0
-0.140635 0.05325 0 0
-0.21259 0.051875 0 0
-0.379802 0.05 0 0
-0.28265 0.0475 0 0
-0.33163 0.0465625 0 0
-0.393525 0.045625 0 0
-0.400427 0.0453125 0 0
-0.41526 0.0446875 0 0
-0.409015 0.044375 0 0
4
