0 0 0 0
0 -0.428571 0 0
0 0.178371 0 0.00745714
0 0 0 0
0 0 0 0
0.964084 0 0 0
1.01777 0.0005 0 0
0.993541 0.00125 0 0
0.935876 0.0025 0 0
0.801683 0.005 0 0
0.721136 0.0075 0 0
0.556517 0.01 0 0
0.430993 0.015 0 0
0.249786 0.025 0 0
0.0829771 0.05 0 0
-0.235133 0.1 0 0
-0.3597 0.125 0 0
-0.463797 0.15 0 0
-0.56463 0.175 0 0
-0.593466 0.2 0 0
-0.70889 0.225 0 0
-0.815637 0.275 0 0
-0.875494 0.325 0 0
-0.899823 0.35 0 0
-0.887924 0.375 0 0
-0.903111 0.4 0 0
-0.88065 0.425 0 0
-0.846557 0.45 0 0
-0.817534 0.475 0 0
-0.776313 0.5 0 0
-0.734957 0.525 0 0
-0.698501 0.55 0 0
-0.560893 0.575 0 0
-0.531509 0.6 0 0
-0.476259 0.625 0 0
-0.455856 0.65 0 0
-0.408693 0.675 0 0
-0.363223 0.7 0 0
-0.284151 0.75 0 0
-0.208646 0.8 0 0
-0.172479 0.825 0 0
-0.144021 0.85 0 0
-0.104957 0.875 0 0
-0.0821643 0.9 0 0
-0.0422457 0.925 0 0
-0.00374429 0.95 0 0
0.111983 0.99 0 0
0 0 0 0
0.86154 0 0 0
0.602867 0.0005 0 0
0.40662 0.00125 0 0
0.204591 0.0025 0 0
0.0412586 0.005 0 0
-0.180666 0.0075 0 0
-0.311464 0.01 0 0
-0.474721 0.015 0 0
-0.549606 0.025 0 0
-0.606534 0.05 0 0
-0.662406 0.075 0 0
-0.71273 0.125 0 0
-0.727509 0.15 0 0
-0.740231 0.175 0 0
-0.746666 0.2 0 0
-0.770181 0.225 0 0
-0.77618 0.25 0 0
-0.749681 0.275 0 0
-0.707051 0.3 0 0
-0.680721 0.325 0 0
-0.688896 0.35 0 0
-0.643367 0.375 0 0
-0.603926 0.4 0 0
-0.55817 0.425 0 0
-0.468287 0.45 0 0
-0.413674 0.475 0 0
-0.353383 0.5 0 0
-0.266779 0.525 0 0
-0.206677 0.55 0 0
-0.145933 0.575 0 0
-0.0817871 0.6 0 0
-0.0164686 0.625 0 0
0.0305786 0.65 0 0
0.0834971 0.675 0 0
0.141891 0.7 0 0
0.188851 0.725 0 0
0.224773 0.75 0 0
0.302656 0.825 0 0
0.324187 0.85 0 0
0.32684 0.875 0 0
0.328954 0.9 0 0
0.321453 0.925 0 0
0.288197 0.95 0 0
0.265213 0.975 0 0
0.190056 0.99 0 0
0 0 0 0
1.01587 0.0625 0 0
1.01634 0.0875 0 0
1.01574 0.1125 0 0
1.01667 0.1375 0 0
1.01765 0.1625 0 0
1.01189 0.1875 0 0
1.01944 0.2125 0 0
1.0179 0.2375 0 0
1.01578 0.2625 0 0
1.01816 0.2875 0 0
1.01287 0.3125 0 0
1.01755 0.3375 0 0
1.01783 0.3625 0 0
1.02048 0.3875 0 0
1.01967 0.4125 0 0
1.01609 0.4375 0 0
1.01848 0.4525 0 0
1.01683 0.4675 0 0
1.01519 0.4825 0 0
1.01944 0.4975 0 0
1.0156 0.5125 0 0
1.01615 0.5275 0 0
1.00231 0.5425 0 0
1.01989 0.5575 0 0
1.01444 0.5725 0 0
1.0188 0.5875 0 0
1.01726 0.6025 0 0
1.01802 0.6175 0 0
1.01786 0.6325 0 0
1.01383 0.6475 0 0
1.0158 0.6625 0 0
1.01476 0.6775 0 0
1.0168 0.6925 0 0
1.00663 0.7075 0 0
1.014 0.7225 0 0
1.0139 0.7375 0 0
1.0003 0.7475 0 0
1.01245 0.7575 0 0
1.01341 0.7675 0 0
1.00618 0.7775 0 0
1.01183 0.7875 0 0
1.01152 0.7975 0 0
1.01832 0.8075 0 0
1.01607 0.8175 0 0
1.00973 0.8275 0 0
1.01229 0.8375 0 0
1.01749 0.8475 0 0
1.01523 0.8575 0 0
1.01023 0.8675 0 0
1.01515 0.8775 0 0
1.01538 0.8875 0 0
1.01186 0.8975 0 0
1.01476 0.9075 0 0
1.01438 0.9175 0 0
1.00915 0.9275 0 0
1.01265 0.9375 0 0
1.01347 0.9475 0 0
1.02371 0.9575 0 0
1.01734 0.9675 0 0
1.01111 0.9775 0 0
1.01358 0.9875 0 0
1.00913 0.9975 0 0
1.01503 1.0075 0 0
1.00871 1.0175 0 0
0.96972 1.0275 0 0
0.907863 1.0375 0 0
0.864933 1.0475 0 0
0.83733 1.0575 0 0
0.873417 1.0675 0 0
0.92383 1.0775 0 0
0.980667 1.0875 0 0
1.00714 1.0975 0 0
1.0074 1.1075 0 0
1.00683 1.1175 0 0
1.00983 1.1275 0 0
1.0089 1.1375 0 0
1.013 1.1525 0 0
1.01058 1.1675 0 0
1.01082 1.1825 0 0
1.00883 1.1975 0 0
1.00829 1.2125 0 0
1.01122 1.2275 0 0
1.01216 1.2425 0 0
1.01266 1.2575 0 0
1.0136 1.2725 0 0
1.01019 1.2875 0 0
1.01171 1.3025 0 0
1.01289 1.3175 0 0
1.01115 1.3325 0 0
1.01193 1.3475 0 0
1.01139 1.3625 0 0
1.00697 1.3775 0 0
1.01096 1.3925 0 0
1.01152 1.4075 0 0
1.01083 1.4225 0 0
1.01245 1.4375 0 0
1.01197 1.4625 0 0
1.01793 1.4875 0 0
1.01775 1.5125 0 0
1.01231 1.5375 0 0
1.01118 1.5625 0 0
1.01271 1.5875 0 0
1.01751 1.6125 0 0
0.992093 1.6375 0 0
1.01486 1.6625 0 0
1.01822 1.6875 0 0
1.00755 1.7125 0 0
1.0116 1.7375 0 0
1.00838 1.7625 0 0
1.01389 1.7875 0 0
1.01594 1.8125 0 0
0 0 0 0
-0.00665571 0.625 0 0
-0.0333314 0.9375 0 0
-0.0407186 1.25 0 0
0.0164857 1.5625 0 0
7
