0 0 0 0
0 0.75 0 0
0 1.29157 0 0.008975
0 0 0 0
0 0 0 0
-0.498741 0 0 0
-1.05949 0.0005 0 0
-1.28918 0.00125 0 0
-1.56134 0.0025 0 0
-1.91668 0.005 0 0
-2.01633 0.0075 0 0
-2.13659 0.01 0 0
-2.27852 0.015 0 0
-2.09183 0.025 0 0
-2.01298 0.05 0 0
-1.84027 0.1 0 0
-1.78843 0.125 0 0
-1.75577 0.15 0 0
-1.75806 0.175 0 0
-1.61577 0.2 0 0
-1.7372 0.225 0 0
-1.72001 0.275 0 0
-1.65769 0.325 0 0
-1.62111 0.35 0 0
-1.5678 0.375 0 0
-1.54974 0.4 0 0
-1.48463 0.425 0 0
-1.4305 0.45 0 0
-1.27468 0.475 0 0
-1.14648 0.5 0 0
-1.04373 0.525 0 0
-0.955363 0.55 0 0
-0.890502 0.575 0 0
-0.816839 0.6 0 0
-0.735754 0.625 0 0
-0.678114 0.65 0 0
-0.607047 0.675 0 0
-0.536593 0.7 0 0
-0.40982 0.75 0 0
-0.295005 0.8 0 0
-0.23772 0.825 0 0
-0.210355 0.85 0 0
-0.141218 0.875 0 0
-0.105151 0.9 0 0
-0.0509237 0.925 0 0
-0.00625875 0.95 0 0
0.104131 0.99 0 0
0 0 0 0
-0.0771712 0 0 0
0.435256 0.0005 0 0
0.70523 0.00125 0 0
0.870713 0.0025 0 0
0.967775 0.005 0 0
1.01829 0.0075 0 0
1.00125 0.01 0 0
0.948951 0.015 0 0
0.840595 0.025 0 0
0.716928 0.05 0 0
0.547169 0.075 0 0
0.306242 0.125 0 0
0.222816 0.15 0 0
0.161566 0.175 0 0
0.10978 0.2 0 0
0.0290025 0.225 0 0
0.013785 0.25 0 0
-0.0371375 0.275 0 0
-0.0423725 0.3 0 0
-0.0597237 0.325 0 0
-0.144475 0.35 0 0
-0.106475 0.375 0 0
-0.076865 0.4 0 0
-0.0644588 0.425 0 0
-0.0567712 0.45 0 0
-0.0370362 0.475 0 0
0.00020125 0.5 0 0
0.0319963 0.525 0 0
0.0197863 0.55 0 0
0.0377975 0.575 0 0
0.191885 0.6 0 0
0.21656 0.625 0 0
0.213354 0.65 0 0
0.255678 0.675 0 0
0.298258 0.7 0 0
0.335804 0.725 0 0
0.362711 0.75 0 0
0.403506 0.825 0 0
0.423658 0.85 0 0
0.408448 0.875 0 0
0.406816 0.9 0 0
0.388098 0.925 0 0
0.324556 0.95 0 0
0.285083 0.975 0 0
0.129009 0.99 0 0
0 0 0 0
1.01239 0.0625 0 0
1.019 0.0875 0 0
1.01071 0.1125 0 0
1.02867 0.1375 0 0
1.01437 0.1625 0 0
1.00374 0.1875 0 0
1.02424 0.2125 0 0
1.02332 0.2375 0 0
1.01671 0.2625 0 0
1.02241 0.2875 0 0
1.01193 0.3125 0 0
1.022 0.3375 0 0
1.02109 0.3625 0 0
1.02948 0.3875 0 0
1.02892 0.4125 0 0
1.01498 0.4375 0 0
1.02322 0.4525 0 0
1.01743 0.4675 0 0
1.01488 0.4825 0 0
1.02745 0.4975 0 0
1.0157 0.5125 0 0
1.01753 0.5275 0 0
0.962941 0.5425 0 0
1.03187 0.5575 0 0
1.02149 0.5725 0 0
1.02795 0.5875 0 0
1.02017 0.6025 0 0
1.02734 0.6175 0 0
1.0246 0.6325 0 0
1.01259 0.6475 0 0
1.0248 0.6625 0 0
1.01524 0.6775 0 0
1.02129 0.6925 0 0
0.996874 0.7075 0 0
1.01427 0.7225 0 0
1.01402 0.7375 0 0
0.961416 0.7475 0 0
1.00949 0.7575 0 0
1.01092 0.7675 0 0
0.997886 0.7775 0 0
1.01376 0.7875 0 0
1.00975 0.7975 0 0
1.03085 0.8075 0 0
1.02805 0.8175 0 0
0.999875 0.8275 0 0
1.00527 0.8375 0 0
0.998908 0.8475 0 0
0.950735 0.8575 0 0
0.893962 0.8675 0 0
0.842931 0.8775 0 0
0.829451 0.8875 0 0
0.830725 0.8975 0 0
0.86857 0.9075 0 0
0.920412 0.9175 0 0
0.950685 0.9275 0 0
0.991331 0.9375 0 0
1.00857 0.9475 0 0
1.0541 0.9575 0 0
1.02897 0.9675 0 0
1.01371 0.9775 0 0
1.01575 0.9875 0 0
0.99723 0.9975 0 0
1.02002 1.0075 0 0
1.02302 1.0175 0 0
1.0132 1.0275 0 0
1.00094 1.0375 0 0
1.02027 1.0475 0 0
1.00821 1.0575 0 0
1.01229 1.0675 0 0
1.01346 1.0775 0 0
1.03274 1.0875 0 0
1.01432 1.0975 0 0
0.997889 1.1075 0 0
1.00384 1.1175 0 0
1.01167 1.1275 0 0
1.00995 1.1375 0 0
1.02902 1.1525 0 0
1.0129 1.1675 0 0
1.01488 1.1825 0 0
1.00343 1.1975 0 0
1.00369 1.2125 0 0
1.01682 1.2275 0 0
1.01737 1.2425 0 0
1.01768 1.2575 0 0
1.02337 1.2725 0 0
1.00994 1.2875 0 0
1.01788 1.3025 0 0
1.02003 1.3175 0 0
1.01336 1.3325 0 0
1.019 1.3475 0 0
1.02037 1.3625 0 0
0.999213 1.3775 0 0
1.01478 1.3925 0 0
1.01824 1.4075 0 0
1.01503 1.4225 0 0
1.0219 1.4375 0 0
1.00939 1.4625 0 0
1.02719 1.4875 0 0
1.02795 1.5125 0 0
1.0067 1.5375 0 0
1.00491 1.5625 0 0
1.00771 1.5875 0 0
1.02724 1.6125 0 0
0.978916 1.6375 0 0
1.01549 1.6625 0 0
1.03233 1.6875 0 0
1.00298 1.7125 0 0
1.01305 1.7375 0 0
0.998086 1.7625 0 0
1.01666 1.7875 0 0
1.02602 1.8125 0 0
0 0 0 0
0.0172463 0.625 0 0
-0.0167925 0.9375 0 0
-0.0495 1.25 0 0
0.00534 1.5625 0 0
8
