0 0 0 0
0 -1.125 0 0
0 -0.580525 0 0.0165125
0 0 0 0
0 0 0 0
-0.490021 0 0 0
0.0944475 0.0005 0 0
0.42567 0.00125 0 0
0.687641 0.0025 0 0
0.886889 0.005 0 0
0.956164 0.0075 0 0
1.00937 0.01 0 0
0.965116 0.015 0 0
0.938655 0.025 0 0
0.823869 0.05 0 0
0.495518 0.1 0 0
0.340463 0.125 0 0
0.20871 0.15 0 0
0.0876625 0.175 0 0
-0.00208 0.2 0 0
-0.106436 0.225 0 0
-0.259379 0.275 0 0
-0.371124 0.325 0 0
-0.417368 0.35 0 0
-0.434377 0.375 0 0
-0.475814 0.4 0 0
-0.478761 0.425 0 0
-0.470999 0.45 0 0
-0.469691 0.475 0 0
-0.452874 0.5 0 0
-0.41952 0.525 0 0
-0.387277 0.55 0 0
-0.363235 0.575 0 0
-0.342549 0.6 0 0
-0.313767 0.625 0 0
-0.268103 0.65 0 0
-0.227945 0.675 0 0
-0.202877 0.7 0 0
-0.159108 0.75 0 0
-0.111241 0.8 0 0
-0.0881825 0.825 0 0
-0.0727225 0.85 0 0
-0.046925 0.875 0 0
-0.0382787 0.9 0 0
-0.0127125 0.925 0 0
0.0093825 0.95 0 0
0.0890325 0.99 0 0
0 0 0 0
-0.876769 0 0 0
-1.58848 0.0005 0 0
-1.87811 0.00125 0 0
-2.13901 0.0025 0 0
-2.32713 0.005 0 0
-2.47843 0.0075 0 0
-2.53101 0.01 0 0
-2.33766 0.015 0 0
-2.19829 0.025 0 0
-2.00444 0.05 0 0
-1.83108 0.075 0 0
-1.54595 0.125 0 0
-1.47722 0.15 0 0
-1.43337 0.175 0 0
-1.28777 0.2 0 0
-1.35285 0.225 0 0
-1.3077 0.25 0 0
-1.23619 0.275 0 0
-1.14349 0.3 0 0
-1.07011 0.325 0 0
-1.0593 0.35 0 0
-0.951674 0.375 0 0
-0.857769 0.4 0 0
-0.780209 0.425 0 0
-0.693375 0.45 0 0
-0.595015 0.475 0 0
-0.491567 0.5 0 0
-0.382984 0.525 0 0
-0.295189 0.55 0 0
-0.215542 0.575 0 0
-0.146679 0.6 0 0
-0.098955 0.625 0 0
-0.0721188 0.65 0 0
-0.0448887 0.675 0 0
-0.0278025 0.7 0 0
-0.0143513 0.725 0 0
-0.00128625 0.75 0 0
0.03286 0.825 0 0
0.0508438 0.85 0 0
0.0658275 0.875 0 0
0.0898588 0.9 0 0
0.113739 0.925 0 0
0.134374 0.95 0 0
0.157713 0.975 0 0
0.161646 0.99 0 0
0 0 0 0
1.01202 0.0625 0 0
1.01175 0.0875 0 0
1.01178 0.1125 0 0
1.01295 0.1375 0 0
1.01385 0.1625 0 0
1.0083 0.1875 0 0
1.01524 0.2125 0 0
1.01412 0.2375 0 0
1.01229 0.2625 0 0
1.01364 0.2875 0 0
1.00897 0.3125 0 0
1.01394 0.3375 0 0
1.01402 0.3625 0 0
1.01658 0.3875 0 0
1.01606 0.4125 0 0
1.01225 0.4375 0 0
1.01461 0.4525 0 0
1.01317 0.4675 0 0
1.01122 0.4825 0 0
1.01655 0.4975 0 0
1.01206 0.5125 0 0
1.01238 0.5275 0 0
0.998841 0.5425 0 0
1.01679 0.5575 0 0
1.01091 0.5725 0 0
1.01557 0.5875 0 0
1.01444 0.6025 0 0
1.01379 0.6175 0 0
1.0146 0.6325 0 0
1.01059 0.6475 0 0
1.01236 0.6625 0 0
1.01077 0.6775 0 0
1.01364 0.6925 0 0
1.00363 0.7075 0 0
1.0104 0.7225 0 0
1.00994 0.7375 0 0
0.997036 0.7475 0 0
1.009 0.7575 0 0
1.01001 0.7675 0 0
1.00106 0.7775 0 0
1.00777 0.7875 0 0
1.00767 0.7975 0 0
1.01452 0.8075 0 0
1.01161 0.8175 0 0
1.00642 0.8275 0 0
1.00851 0.8375 0 0
1.01427 0.8475 0 0
1.01138 0.8575 0 0
1.00758 0.8675 0 0
1.01073 0.8775 0 0
1.01172 0.8875 0 0
1.00724 0.8975 0 0
1.01119 0.9075 0 0
1.01118 0.9175 0 0
1.00489 0.9275 0 0
1.00928 0.9375 0 0
1.00965 0.9475 0 0
1.01972 0.9575 0 0
1.0132 0.9675 0 0
1.00614 0.9775 0 0
1.01001 0.9875 0 0
1.00457 0.9975 0 0
1.01101 1.0075 0 0
1.01102 1.0175 0 0
1.00235 1.0275 0 0
1.00045 1.0375 0 0
1.00223 1.0475 0 0
0.991319 1.0575 0 0
0.984397 1.0675 0 0
0.971974 1.0775 0 0
0.962045 1.0875 0 0
0.934605 1.0975 0 0
0.90745 1.1075 0 0
0.883833 1.1175 0 0
0.867455 1.1275 0 0
0.84686 1.1375 0 0
0.841292 1.1525 0 0
0.848991 1.1675 0 0
0.872971 1.1825 0 0
0.913729 1.1975 0 0
0.957159 1.2125 0 0
0.985669 1.2275 0 0
1.00222 1.2425 0 0
1.00748 1.2575 0 0
1.0103 1.2725 0 0
1.00616 1.2875 0 0
1.00841 1.3025 0 0
1.00956 1.3175 0 0
1.00759 1.3325 0 0
1.00821 1.3475 0 0
1.00799 1.3625 0 0
1.00308 1.3775 0 0
1.00777 1.3925 0 0
1.00712 1.4075 0 0
1.00728 1.4225 0 0
1.00886 1.4375 0 0
1.00689 1.4625 0 0
1.01461 1.4875 0 0
1.01435 1.5125 0 0
1.0086 1.5375 0 0
1.00736 1.5625 0 0
1.00837 1.5875 0 0
1.01293 1.6125 0 0
0.987686 1.6375 0 0
1.01096 1.6625 0 0
1.01388 1.6875 0 0
1.00307 1.7125 0 0
1.00808 1.7375 0 0
1.00487 1.7625 0 0
1.01041 1.7875 0 0
1.01247 1.8125 0 0
0 0 0 0
-0.0349612 0.625 0 0
-0.0502825 0.9375 0 0
-0.0407513 1.25 0 0
0.0246537 1.5625 0 0
8
