0 0 0 0
0 0.444444 0 0
0 1.05749 0 0.00838889
0 0 0 0
0 0 0 0
0.186403 0 0 0
-0.259381 0.0005 0 0
-0.477671 0.00125 0 0
-0.732108 0.0025 0 0
-1.07677 0.005 0 0
-1.19426 0.0075 0 0
-1.36282 0.01 0 0
-1.54721 0.015 0 0
-1.46416 0.025 0 0
-1.46932 0.05 0 0
-1.44637 0.1 0 0
-1.44771 0.125 0 0
-1.45322 0.15 0 0
-1.48322 0.175 0 0
-1.37619 0.2 0 0
-1.50533 0.225 0 0
-1.52085 0.275 0 0
-1.48578 0.325 0 0
-1.46129 0.35 0 0
-1.41502 0.375 0 0
-1.40165 0.4 0 0
-1.3334 0.425 0 0
-1.28542 0.45 0 0
-1.253 0.475 0 0
-1.22322 0.5 0 0
-0.942198 0.525 0 0
-0.853813 0.55 0 0
-0.813812 0.575 0 0
-0.756727 0.6 0 0
-0.684036 0.625 0 0
-0.636638 0.65 0 0
-0.571792 0.675 0 0
-0.507042 0.7 0 0
-0.39171 0.75 0 0
-0.284489 0.8 0 0
-0.229734 0.825 0 0
-0.206463 0.85 0 0
-0.141354 0.875 0 0
-0.108254 0.9 0 0
-0.0568233 0.925 0 0
-0.0136411 0.95 0 0
0.108736 0.99 0 0
0 0 0 0
0.49465 0 0 0
0.813754 0.0005 0 0
0.94891 0.00125 0 0
1.00738 0.0025 0 0
1.02854 0.005 0 0
1.0007 0.0075 0 0
0.924872 0.01 0 0
0.790747 0.015 0 0
0.658283 0.025 0 0
0.519269 0.05 0 0
0.348419 0.075 0 0
0.124563 0.125 0 0
0.0481533 0.15 0 0
-0.00539222 0.175 0 0
-0.0500067 0.2 0 0
-0.120722 0.225 0 0
-0.134534 0.25 0 0
-0.174267 0.275 0 0
-0.170722 0.3 0 0
-0.180637 0.325 0 0
-0.25875 0.35 0 0
-0.212384 0.375 0 0
-0.177093 0.4 0 0
-0.157 0.425 0 0
-0.140634 0.45 0 0
-0.117542 0.475 0 0
-0.0875856 0.5 0 0
-0.0592 0.525 0 0
-0.0798711 0.55 0 0
0.0917833 0.575 0 0
0.144251 0.6 0 0
0.162507 0.625 0 0
0.169588 0.65 0 0
0.219006 0.675 0 0
0.264831 0.7 0 0
0.305507 0.725 0 0
0.335996 0.75 0 0
0.384828 0.825 0 0
0.40618 0.85 0 0
0.393081 0.875 0 0
0.392321 0.9 0 0
0.37398 0.925 0 0
0.317206 0.95 0 0
0.282452 0.975 0 0
0.151516 0.99 0 0
0 0 0 0
1.01079 0.0625 0 0
1.0172 0.0875 0 0
1.01196 0.1125 0 0
1.02868 0.1375 0 0
1.01424 0.1625 0 0
1.00419 0.1875 0 0
1.02402 0.2125 0 0
1.02061 0.2375 0 0
1.01617 0.2625 0 0
1.02433 0.2875 0 0
1.01039 0.3125 0 0
1.02084 0.3375 0 0
1.01913 0.3625 0 0
1.02716 0.3875 0 0
1.029 0.4125 0 0
1.01582 0.4375 0 0
1.025 0.4525 0 0
1.01698 0.4675 0 0
1.01631 0.4825 0 0
1.0281 0.4975 0 0
1.01258 0.5125 0 0
1.01541 0.5275 0 0
0.959131 0.5425 0 0
1.03155 0.5575 0 0
1.01949 0.5725 0 0
1.02657 0.5875 0 0
1.01913 0.6025 0 0
1.0259 0.6175 0 0
1.02604 0.6325 0 0
1.01142 0.6475 0 0
1.02375 0.6625 0 0
1.01321 0.6775 0 0
1.01922 0.6925 0 0
0.995763 0.7075 0 0
1.0116 0.7225 0 0
1.01339 0.7375 0 0
0.962403 0.7475 0 0
1.01025 0.7575 0 0
1.01048 0.7675 0 0
0.99595 0.7775 0 0
1.01132 0.7875 0 0
1.0085 0.7975 0 0
1.03008 0.8075 0 0
1.02667 0.8175 0 0
0.999132 0.8275 0 0
1.00761 0.8375 0 0
1.0242 0.8475 0 0
1.0133 0.8575 0 0
1.01052 0.8675 0 0
1.01089 0.8775 0 0
0.996812 0.8875 0 0
0.938996 0.8975 0 0
0.880797 0.9075 0 0
0.828106 0.9175 0 0
0.80357 0.9275 0 0
0.835286 0.9375 0 0
0.884648 0.9475 0 0
0.985058 0.9575 0 0
0.997526 0.9675 0 0
1.00357 0.9775 0 0
1.01618 0.9875 0 0
0.997113 0.9975 0 0
1.01801 1.0075 0 0
1.02155 1.0175 0 0
1.00935 1.0275 0 0
0.999221 1.0375 0 0
1.02133 1.0475 0 0
1.00716 1.0575 0 0
1.0133 1.0675 0 0
1.01111 1.0775 0 0
1.03075 1.0875 0 0
1.01362 1.0975 0 0
0.997426 1.1075 0 0
1.00906 1.1175 0 0
1.00855 1.1275 0 0
1.0081 1.1375 0 0
1.02931 1.1525 0 0
1.01173 1.1675 0 0
1.01344 1.1825 0 0
1.00379 1.1975 0 0
1.0025 1.2125 0 0
1.01168 1.2275 0 0
1.01707 1.2425 0 0
1.01827 1.2575 0 0
1.02093 1.2725 0 0
1.01043 1.2875 0 0
1.0181 1.3025 0 0
1.01944 1.3175 0 0
1.01218 1.3325 0 0
1.0164 1.3475 0 0
1.0186 1.3625 0 0
0.997293 1.3775 0 0
1.01263 1.3925 0 0
1.01891 1.4075 0 0
1.01339 1.4225 0 0
1.02128 1.4375 0 0
1.00981 1.4625 0 0
1.02541 1.4875 0 0
1.02734 1.5125 0 0
1.00339 1.5375 0 0
1.0033 1.5625 0 0
1.00581 1.5875 0 0
1.02528 1.6125 0 0
0.975052 1.6375 0 0
1.01456 1.6625 0 0
1.03003 1.6875 0 0
1.00142 1.7125 0 0
1.00863 1.7375 0 0
0.999041 1.7625 0 0
1.01388 1.7875 0 0
1.02519 1.8125 0 0
0 0 0 0
0.00999556 0.625 0 0
-0.0174078 0.9375 0 0
-0.0474044 1.25 0 0
0.00905444 1.5625 0 0
9
