0 0 0 0
0 1 0 0
0 1.38596 0 0.0108143
0 0 0 0
0 0 0 0
-0.869431 0 0 0
-1.47853 0.0005 0 0
-1.70764 0.00125 0 0
-1.9818 0.0025 0 0
-2.33304 0.005 0 0
-2.42139 0.0075 0 0
-2.5113 0.01 0 0
-2.63187 0.015 0 0
-2.38871 0.025 0 0
-2.26756 0.05 0 0
-2.01918 0.1 0 0
-1.94116 0.125 0 0
-1.89054 0.15 0 0
-1.87777 0.175 0 0
-1.72105 0.2 0 0
-1.83575 0.225 0 0
-1.80411 0.275 0 0
-1.73074 0.325 0 0
-1.69185 0.35 0 0
-1.6446 0.375 0 0
-1.61998 0.4 0 0
-1.48131 0.425 0 0
-1.3525 0.45 0 0
-1.28058 0.475 0 0
-1.20036 0.5 0 0
-1.08403 0.525 0 0
-0.983846 0.55 0 0
-0.91105 0.575 0 0
-0.832801 0.6 0 0
-0.748289 0.625 0 0
-0.684201 0.65 0 0
-0.612631 0.675 0 0
-0.54013 0.7 0 0
-0.409117 0.75 0 0
-0.289244 0.8 0 0
-0.229519 0.825 0 0
-0.201833 0.85 0 0
-0.1313 0.875 0 0
-0.09334 0.9 0 0
-0.04046 0.925 0 0
-0.000112857 0.95 0 0
0.0917771 0.99 0 0
0 0 0 0
-0.400177 0 0 0
0.203343 0.0005 0 0
0.541351 0.00125 0 0
0.759666 0.0025 0 0
0.894221 0.005 0 0
0.98913 0.0075 0 0
1.003 0.01 0 0
0.993831 0.015 0 0
0.903219 0.025 0 0
0.789854 0.05 0 0
0.625697 0.075 0 0
0.381953 0.125 0 0
0.293954 0.15 0 0
0.23045 0.175 0 0
0.176057 0.2 0 0
0.0948471 0.225 0 0
0.0742457 0.25 0 0
0.02148 0.275 0 0
0.0107971 0.3 0 0
-0.00818429 0.325 0 0
-0.0959471 0.35 0 0
-0.0621643 0.375 0 0
-0.0354071 0.4 0 0
-0.0262957 0.425 0 0
-0.0222329 0.45 0 0
-0.00487429 0.475 0 0
0.0309429 0.5 0 0
0.0683829 0.525 0 0
0.0586271 0.55 0 0
0.07941 0.575 0 0
0.158703 0.6 0 0
0.240547 0.625 0 0
0.23132 0.65 0 0
0.271893 0.675 0 0
0.311717 0.7 0 0
0.345151 0.725 0 0
0.372836 0.75 0 0
0.410106 0.825 0 0
0.429669 0.85 0 0
0.413529 0.875 0 0
0.40877 0.9 0 0
0.386539 0.925 0 0
0.31973 0.95 0 0
0.277353 0.975 0 0
0.0998986 0.99 0 0
0 0 0 0
1.0127 0.0625 0 0
1.01943 0.0875 0 0
1.01409 0.1125 0 0
1.03127 0.1375 0 0
1.01867 0.1625 0 0
1.00538 0.1875 0 0
1.02559 0.2125 0 0
1.02419 0.2375 0 0
1.01705 0.2625 0 0
1.02849 0.2875 0 0
1.01438 0.3125 0 0
1.02245 0.3375 0 0
1.02303 0.3625 0 0
1.03295 0.3875 0 0
1.03052 0.4125 0 0
1.01641 0.4375 0 0
1.0246 0.4525 0 0
1.02013 0.4675 0 0
1.01647 0.4825 0 0
1.02988 0.4975 0 0
1.01519 0.5125 0 0
1.01903 0.5275 0 0
0.966261 0.5425 0 0
1.03301 0.5575 0 0
1.0221 0.5725 0 0
1.02843 0.5875 0 0
1.02117 0.6025 0 0
1.0307 0.6175 0 0
1.02779 0.6325 0 0
1.0135 0.6475 0 0
1.02727 0.6625 0 0
1.01653 0.6775 0 0
1.02216 0.6925 0 0
0.999234 0.7075 0 0
1.01478 0.7225 0 0
1.0145 0.7375 0 0
0.963009 0.7475 0 0
1.01223 0.7575 0 0
1.0127 0.7675 0 0
0.999697 0.7775 0 0
1.01566 0.7875 0 0
1.0127 0.7975 0 0
1.03197 0.8075 0 0
1.02332 0.8175 0 0
0.978916 0.8275 0 0
0.958427 0.8375 0 0
0.921039 0.8475 0 0
0.864673 0.8575 0 0
0.827641 0.8675 0 0
0.821603 0.8775 0 0
0.850344 0.8875 0 0
0.877857 0.8975 0 0
0.930443 0.9075 0 0
0.969279 0.9175 0 0
0.98402 0.9275 0 0
1.00829 0.9375 0 0
1.01293 0.9475 0 0
1.05635 0.9575 0 0
1.03081 0.9675 0 0
1.01554 0.9775 0 0
1.01885 0.9875 0 0
0.999229 0.9975 0 0
1.02129 1.0075 0 0
1.02413 1.0175 0 0
1.01136 1.0275 0 0
1.00144 1.0375 0 0
1.0228 1.0475 0 0
1.01055 1.0575 0 0
1.01484 1.0675 0 0
1.01682 1.0775 0 0
1.03296 1.0875 0 0
1.0185 1.0975 0 0
0.99981 1.1075 0 0
1.0059 1.1175 0 0
1.01101 1.1275 0 0
1.012 1.1375 0 0
1.02988 1.1525 0 0
1.01479 1.1675 0 0
1.01763 1.1825 0 0
1.00457 1.1975 0 0
1.00515 1.2125 0 0
1.01676 1.2275 0 0
1.01902 1.2425 0 0
1.01757 1.2575 0 0
1.02297 1.2725 0 0
1.00968 1.2875 0 0
1.01804 1.3025 0 0
1.02181 1.3175 0 0
1.0167 1.3325 0 0
1.01856 1.3475 0 0
1.02274 1.3625 0 0
0.998764 1.3775 0 0
1.01717 1.3925 0 0
1.01931 1.4075 0 0
1.01618 1.4225 0 0
1.02065 1.4375 0 0
1.0127 1.4625 0 0
1.02878 1.4875 0 0
1.03046 1.5125 0 0
1.00829 1.5375 0 0
1.00445 1.5625 0 0
1.00945 1.5875 0 0
1.02895 1.6125 0 0
0.980076 1.6375 0 0
1.01897 1.6625 0 0
1.03412 1.6875 0 0
1.00584 1.7125 0 0
1.01444 1.7375 0 0
1.00079 1.7625 0 0
1.01775 1.7875 0 0
1.02756 1.8125 0 0
0 0 0 0
0.01887 0.625 0 0
-0.0146843 0.9375 0 0
-0.0491029 1.25 0 0
0.00348714 1.5625 0 0
7
