0 0 0 0
0 3.6 0 0
0 1.26286 0 0.22032
0 0 0 0
0 0 0 0
-2.59663 0 0 0
-2.63597 0.0005 0 0
-2.61101 0.00125 0 0
-2.60423 0.0025 0 0
-2.61851 0.005 0 0
-2.59345 0.0075 0 0
-2.5648 0.01 0 0
-2.78582 0.015 0 0
-2.56582 0.025 0 0
-2.64357 0.05 0 0
-2.57137 0.1 0 0
-2.27088 0.125 0 0
-2.02897 0.15 0 0
-1.85387 0.175 0 0
-1.6778 0.2 0 0
-1.49437 0.225 0 0
-1.10356 0.275 0 0
-0.687586 0.325 0 0
-0.580914 0.35 0 0
-0.539954 0.375 0 0
-0.534058 0.4 0 0
-0.524202 0.425 0 0
-0.522908 0.45 0 0
-0.5242 0.475 0 0
-0.525864 0.5 0 0
-0.527672 0.525 0 0
-0.534554 0.55 0 0
-0.538908 0.575 0 0
-0.548028 0.6 0 0
-0.556448 0.625 0 0
-0.563042 0.65 0 0
-0.567868 0.675 0 0
-0.573004 0.7 0 0
-0.58116 0.75 0 0
-0.584056 0.8 0 0
-0.585474 0.825 0 0
-0.593384 0.85 0 0
-0.587244 0.875 0 0
-0.588394 0.9 0 0
-0.58225 0.925 0 0
-0.576046 0.95 0 0
-0.55181 0.99 0 0
0 0 0 0
-2.64141 0 0 0
-1.92723 0.0005 0 0
-1.11529 0.00125 0 0
-0.551602 0.0025 0 0
-0.156232 0.005 0 0
0.267426 0.0075 0 0
0.572026 0.01 0 0
0.91765 0.015 0 0
1.00546 0.025 0 0
1.01649 0.05 0 0
0.939688 0.075 0 0
0.731628 0.125 0 0
0.639422 0.15 0 0
0.551648 0.175 0 0
0.483576 0.2 0 0
0.38874 0.225 0 0
0.325042 0.25 0 0
0.26488 0.275 0 0
0.225644 0.3 0 0
0.183434 0.325 0 0
0.10965 0.35 0 0
0.096032 0.375 0 0
0.081796 0.4 0 0
0.060702 0.425 0 0
0.047906 0.45 0 0
0.04462 0.475 0 0
0.055812 0.5 0 0
0.079866 0.525 0 0
0.088596 0.55 0 0
0.103488 0.575 0 0
0.12222 0.6 0 0
0.139578 0.625 0 0
0.149132 0.65 0 0
0.181216 0.675 0 0
0.228296 0.7 0 0
0.253174 0.725 0 0
0.262496 0.75 0 0
0.272476 0.825 0 0
0.275148 0.85 0 0
0.243046 0.875 0 0
0.208556 0.9 0 0
0.153628 0.925 0 0
0.035148 0.95 0 0
-0.096828 0.975 0 0
-0.542978 0.99 0 0
0 0 0 0
1.01949 0.0625 0 0
1.01881 0.0875 0 0
1.01815 0.1125 0 0
1.02029 0.1375 0 0
1.02074 0.1625 0 0
1.01528 0.1875 0 0
1.02241 0.2125 0 0
1.02064 0.2375 0 0
1.0192 0.2625 0 0
1.02162 0.2875 0 0
1.01684 0.3125 0 0
1.02105 0.3375 0 0
1.02134 0.3625 0 0
1.02436 0.3875 0 0
1.02308 0.4125 0 0
1.01986 0.4375 0 0
1.02136 0.4525 0 0
1.02056 0.4675 0 0
1.01854 0.4825 0 0
1.02384 0.4975 0 0
1.01938 0.5125 0 0
1.02008 0.5275 0 0
1.00644 0.5425 0 0
1.02388 0.5575 0 0
1.01682 0.5725 0 0
1.0191 0.5875 0 0
1.01517 0.6025 0 0
1.01143 0.6175 0 0
1.00568 0.6325 0 0
0.991306 0.6475 0 0
0.981062 0.6625 0 0
0.959902 0.6775 0 0
0.9386 0.6925 0 0
0.906596 0.7075 0 0
0.882684 0.7225 0 0
0.854794 0.7375 0 0
0.825008 0.7475 0 0
0.817942 0.7575 0 0
0.788666 0.7675 0 0
0.76416 0.7775 0 0
0.749428 0.7875 0 0
0.720454 0.7975 0 0
0.701328 0.8075 0 0
0.689188 0.8175 0 0
0.651992 0.8275 0 0
0.643662 0.8375 0 0
0.626816 0.8475 0 0
0.601618 0.8575 0 0
0.585964 0.8675 0 0
0.572326 0.8775 0 0
0.557658 0.8875 0 0
0.534628 0.8975 0 0
0.52678 0.9075 0 0
0.504636 0.9175 0 0
0.485062 0.9275 0 0
0.473912 0.9375 0 0
0.47278 0.9475 0 0
0.473384 0.9575 0 0
0.469074 0.9675 0 0
0.451612 0.9775 0 0
0.459438 0.9875 0 0
0.45687 0.9975 0 0
0.444152 1.0075 0 0
0.45365 1.0175 0 0
0.446998 1.0275 0 0
0.450082 1.0375 0 0
0.446134 1.0475 0 0
0.465034 1.0575 0 0
0.463428 1.0675 0 0
0.456134 1.0775 0 0
0.487168 1.0875 0 0
0.484596 1.0975 0 0
0.491908 1.1075 0 0
0.499704 1.1175 0 0
0.528122 1.1275 0 0
0.539358 1.1375 0 0
0.544616 1.1525 0 0
0.550596 1.1675 0 0
0.583172 1.1825 0 0
0.609978 1.1975 0 0
0.648088 1.2125 0 0
0.690628 1.2275 0 0
0.720616 1.2425 0 0
0.75568 1.2575 0 0
0.785584 1.2725 0 0
0.819864 1.2875 0 0
0.843876 1.3025 0 0
0.868638 1.3175 0 0
0.883816 1.3325 0 0
0.906456 1.3475 0 0
0.929748 1.3625 0 0
0.937676 1.3775 0 0
0.96185 1.3925 0 0
0.972494 1.4075 0 0
0.979006 1.4225 0 0
0.992092 1.4375 0 0
1.00352 1.4625 0 0
1.01704 1.4875 0 0
1.02138 1.5125 0 0
1.01575 1.5375 0 0
1.01433 1.5625 0 0
1.0155 1.5875 0 0
1.02091 1.6125 0 0
0.995786 1.6375 0 0
1.0191 1.6625 0 0
1.02179 1.6875 0 0
1.01016 1.7125 0 0
1.01427 1.7375 0 0
1.01144 1.7625 0 0
1.01762 1.7875 0 0
1.01974 1.8125 0 0
0 0 0 0
-0.028406 0.625 0 0
-0.195358 0.9375 0 0
-0.162392 1.25 0 0
-0.030582 1.5625 0 0
5
