0 0 0 0
0 -0.888889 0 0
0 -0.457344 0 0.0114111
0 0 0 0
0 0 0 0
-0.122813 0 0 0
0.368994 0.0005 0 0
0.63363 0.00125 0 0
0.831498 0.0025 0 0
0.965943 0.005 0 0
1.00258 0.0075 0 0
1.01118 0.01 0 0
0.943064 0.015 0 0
0.878824 0.025 0 0
0.744607 0.05 0 0
0.400251 0.1 0 0
0.245194 0.125 0 0
0.114549 0.15 0 0
-0.00524667 0.175 0 0
-0.08457 0.2 0 0
-0.194807 0.225 0 0
-0.342033 0.275 0 0
-0.446919 0.325 0 0
-0.490058 0.35 0 0
-0.50311 0.375 0 0
-0.540798 0.4 0 0
-0.539979 0.425 0 0
-0.528094 0.45 0 0
-0.522542 0.475 0 0
-0.501222 0.5 0 0
-0.464631 0.525 0 0
-0.431257 0.55 0 0
-0.404054 0.575 0 0
-0.381778 0.6 0 0
-0.325598 0.625 0 0
-0.282242 0.65 0 0
-0.255812 0.675 0 0
-0.228713 0.7 0 0
-0.176447 0.75 0 0
-0.123449 0.8 0 0
-0.0977856 0.825 0 0
-0.0794333 0.85 0 0
-0.0501611 0.875 0 0
-0.0386644 0.9 0 0
-0.00899 0.925 0 0
0.01771 0.95 0 0
0.111419 0.99 0 0
0 0 0 0
-0.463753 0 0 0
-1.11308 0.0005 0 0
-1.40124 0.00125 0 0
-1.6642 0.0025 0 0
-1.85763 0.005 0 0
-2.08133 0.0075 0 0
-2.11119 0.01 0 0
-1.99673 0.015 0 0
-1.90147 0.025 0 0
-1.75391 0.05 0 0
-1.61477 0.075 0 0
-1.41695 0.125 0 0
-1.34351 0.15 0 0
-1.3196 0.175 0 0
-1.18017 0.2 0 0
-1.26605 0.225 0 0
-1.23039 0.25 0 0
-1.17022 0.275 0 0
-1.0865 0.3 0 0
-1.02053 0.325 0 0
-1.02188 0.35 0 0
-0.921131 0.375 0 0
-0.835413 0.4 0 0
-0.768087 0.425 0 0
-0.691519 0.45 0 0
-0.604172 0.475 0 0
-0.511262 0.5 0 0
-0.408959 0.525 0 0
-0.327747 0.55 0 0
-0.250032 0.575 0 0
-0.174498 0.6 0 0
-0.108106 0.625 0 0
-0.0597678 0.65 0 0
-0.00934556 0.675 0 0
0.0297978 0.7 0 0
0.0601756 0.725 0 0
0.0856967 0.75 0 0
0.142676 0.825 0 0
0.164937 0.85 0 0
0.179802 0.875 0 0
0.198901 0.9 0 0
0.213061 0.925 0 0
0.21587 0.95 0 0
0.219357 0.975 0 0
0.193813 0.99 0 0
0 0 0 0
1.01301 0.0625 0 0
1.01293 0.0875 0 0
1.01173 0.1125 0 0
1.0133 0.1375 0 0
1.01451 0.1625 0 0
1.00875 0.1875 0 0
1.01592 0.2125 0 0
1.01426 0.2375 0 0
1.01262 0.2625 0 0
1.01512 0.2875 0 0
1.0095 0.3125 0 0
1.01481 0.3375 0 0
1.01468 0.3625 0 0
1.01708 0.3875 0 0
1.01626 0.4125 0 0
1.01274 0.4375 0 0
1.01531 0.4525 0 0
1.01378 0.4675 0 0
1.01239 0.4825 0 0
1.01678 0.4975 0 0
1.01268 0.5125 0 0
1.01319 0.5275 0 0
0.999281 0.5425 0 0
1.01743 0.5575 0 0
1.01173 0.5725 0 0
1.01615 0.5875 0 0
1.01422 0.6025 0 0
1.01479 0.6175 0 0
1.01554 0.6325 0 0
1.01083 0.6475 0 0
1.01291 0.6625 0 0
1.01205 0.6775 0 0
1.01387 0.6925 0 0
1.00417 0.7075 0 0
1.01139 0.7225 0 0
1.01077 0.7375 0 0
0.997618 0.7475 0 0
1.00972 0.7575 0 0
1.01047 0.7675 0 0
1.00226 0.7775 0 0
1.00904 0.7875 0 0
1.00846 0.7975 0 0
1.01544 0.8075 0 0
1.01244 0.8175 0 0
1.00684 0.8275 0 0
1.00909 0.8375 0 0
1.01465 0.8475 0 0
1.01215 0.8575 0 0
1.00845 0.8675 0 0
1.01229 0.8775 0 0
1.01244 0.8875 0 0
1.00856 0.8975 0 0
1.0118 0.9075 0 0
1.01168 0.9175 0 0
1.0057 0.9275 0 0
1.00974 0.9375 0 0
1.01049 0.9475 0 0
1.02034 0.9575 0 0
1.01442 0.9675 0 0
1.00697 0.9775 0 0
1.01043 0.9875 0 0
1.00564 0.9975 0 0
1.01161 1.0075 0 0
1.01254 1.0175 0 0
1.00365 1.0275 0 0
1.00436 1.0375 0 0
1.00952 1.0475 0 0
1.00378 1.0575 0 0
1.00275 1.0675 0 0
0.996002 1.0775 0 0
0.987466 1.0875 0 0
0.956059 1.0975 0 0
0.922654 1.1075 0 0
0.89174 1.1175 0 0
0.868074 1.1275 0 0
0.847601 1.1375 0 0
0.852234 1.1525 0 0
0.890832 1.1675 0 0
0.942269 1.1825 0 0
0.987434 1.1975 0 0
1.00293 1.2125 0 0
1.00915 1.2275 0 0
1.00893 1.2425 0 0
1.00991 1.2575 0 0
1.01118 1.2725 0 0
1.00735 1.2875 0 0
1.00892 1.3025 0 0
1.00985 1.3175 0 0
1.00803 1.3325 0 0
1.00903 1.3475 0 0
1.00896 1.3625 0 0
1.00384 1.3775 0 0
1.00787 1.3925 0 0
1.00837 1.4075 0 0
1.00834 1.4225 0 0
1.00947 1.4375 0 0
1.00768 1.4625 0 0
1.01514 1.4875 0 0
1.01525 1.5125 0 0
1.00908 1.5375 0 0
1.00826 1.5625 0 0
1.00915 1.5875 0 0
1.0142 1.6125 0 0
0.98858 1.6375 0 0
1.01219 1.6625 0 0
1.0152 1.6875 0 0
1.00389 1.7125 0 0
1.00898 1.7375 0 0
1.00528 1.7625 0 0
1.01074 1.7875 0 0
1.01304 1.8125 0 0
0 0 0 0
-0.0288989 0.625 0 0
-0.0463822 0.9375 0 0
-0.03955 1.25 0 0
0.0231311 1.5625 0 0
9
