0 0 0 0
0 -1.33333 0 0
0 -0.441867 0 0.00808333
0 0 0 0
0 0 0 0
-0.0883433 0 0 0
0.393617 0.0005 0 0
0.645308 0.00125 0 0
0.840488 0.0025 0 0
0.976232 0.005 0 0
1.012 0.0075 0 0
1.0139 0.01 0 0
0.824263 0.015 0 0
0.875508 0.025 0 0
0.736172 0.05 0 0
0.39537 0.1 0 0
0.230348 0.125 0 0
0.103927 0.15 0 0
-0.0122183 0.175 0 0
-0.10146 0.2 0 0
-0.200775 0.225 0 0
-0.34896 0.275 0 0
-0.452873 0.325 0 0
-0.487623 0.35 0 0
-0.50276 0.375 0 0
-0.554478 0.4 0 0
-0.540348 0.425 0 0
-0.52568 0.45 0 0
-0.522502 0.475 0 0
-0.491878 0.5 0 0
-0.454497 0.525 0 0
-0.42799 0.55 0 0
-0.396352 0.575 0 0
-0.375933 0.6 0 0
-0.367822 0.625 0 0
-0.339092 0.65 0 0
-0.312523 0.675 0 0
-0.22896 0.7 0 0
-0.16541 0.75 0 0
-0.119037 0.8 0 0
-0.089965 0.825 0 0
-0.0892183 0.85 0 0
-0.047105 0.875 0 0
-0.0398717 0.9 0 0
-0.0101933 0.925 0 0
0.01219 0.95 0 0
0.110015 0.99 0 0
0 0 0 0
-0.420617 0 0 0
-1.05726 0.0005 0 0
-1.34857 0.00125 0 0
-1.61291 0.0025 0 0
-1.79537 0.005 0 0
-2.02023 0.0075 0 0
-2.06417 0.01 0 0
-1.95033 0.015 0 0
-1.869 0.025 0 0
-1.72222 0.05 0 0
-1.58552 0.075 0 0
-1.41394 0.125 0 0
-1.36676 0.15 0 0
-1.30761 0.175 0 0
-1.28171 0.2 0 0
-1.26542 0.225 0 0
-1.216 0.25 0 0
-1.15359 0.275 0 0
-1.05347 0.3 0 0
-0.99574 0.325 0 0
-1.04672 0.35 0 0
-0.924208 0.375 0 0
-0.82909 0.4 0 0
-0.762978 0.425 0 0
-0.697735 0.45 0 0
-0.61951 0.475 0 0
-0.521688 0.5 0 0
-0.409872 0.525 0 0
-0.346393 0.55 0 0
-0.260192 0.575 0 0
-0.180287 0.6 0 0
-0.118425 0.625 0 0
-0.0807683 0.65 0 0
-0.00910667 0.675 0 0
0.045515 0.7 0 0
0.0897967 0.725 0 0
0.129685 0.75 0 0
0.188165 0.825 0 0
0.213108 0.85 0 0
0.21926 0.875 0 0
0.235892 0.9 0 0
0.242322 0.925 0 0
0.221218 0.95 0 0
0.222097 0.975 0 0
0.18181 0.99 0 0
0 0 0 0
1.00895 0.0625 0 0
1.01275 0.0875 0 0
1.00496 0.1125 0 0
1.02207 0.1375 0 0
1.00842 0.1625 0 0
0.99969 0.1875 0 0
1.01971 0.2125 0 0
1.01639 0.2375 0 0
1.00964 0.2625 0 0
1.01904 0.2875 0 0
1.00543 0.3125 0 0
1.01734 0.3375 0 0
1.01606 0.3625 0 0
1.02288 0.3875 0 0
1.02342 0.4125 0 0
1.01038 0.4375 0 0
1.01639 0.4525 0 0
1.01213 0.4675 0 0
1.01112 0.4825 0 0
1.02106 0.4975 0 0
1.00795 0.5125 0 0
1.01138 0.5275 0 0
0.959747 0.5425 0 0
1.02599 0.5575 0 0
1.01606 0.5725 0 0
1.01768 0.5875 0 0
1.01694 0.6025 0 0
1.02221 0.6175 0 0
1.02215 0.6325 0 0
1.00794 0.6475 0 0
1.02025 0.6625 0 0
1.01153 0.6775 0 0
1.01214 0.6925 0 0
0.993215 0.7075 0 0
1.00923 0.7225 0 0
1.00963 0.7375 0 0
0.957505 0.7475 0 0
1.00733 0.7575 0 0
1.00606 0.7675 0 0
0.992938 0.7775 0 0
1.00753 0.7875 0 0
1.00247 0.7975 0 0
1.02451 0.8075 0 0
1.02099 0.8175 0 0
0.992798 0.8275 0 0
1.00524 0.8375 0 0
1.01998 0.8475 0 0
1.00849 0.8575 0 0
1.00673 0.8675 0 0
1.01004 0.8775 0 0
1.01802 0.8875 0 0
1.00835 0.8975 0 0
1.01125 0.9075 0 0
1.012 0.9175 0 0
0.998342 0.9275 0 0
1.00666 0.9375 0 0
1.00693 0.9475 0 0
1.04715 0.9575 0 0
1.02214 0.9675 0 0
1.0016 0.9775 0 0
1.0126 0.9875 0 0
0.992257 0.9975 0 0
1.01389 1.0075 0 0
1.01565 1.0175 0 0
1.0049 1.0275 0 0
0.998675 1.0375 0 0
1.01423 1.0475 0 0
1.0024 1.0575 0 0
1.00808 1.0675 0 0
1.00815 1.0775 0 0
1.0168 1.0875 0 0
0.984077 1.0975 0 0
0.94055 1.1075 0 0
0.902333 1.1175 0 0
0.871648 1.1275 0 0
0.837372 1.1375 0 0
0.849202 1.1525 0 0
0.890713 1.1675 0 0
0.95779 1.1825 0 0
0.990167 1.1975 0 0
0.996517 1.2125 0 0
1.01051 1.2275 0 0
1.01526 1.2425 0 0
1.01099 1.2575 0 0
1.02031 1.2725 0 0
1.00057 1.2875 0 0
1.01626 1.3025 0 0
1.0145 1.3175 0 0
1.00748 1.3325 0 0
1.01464 1.3475 0 0
1.01714 1.3625 0 0
0.993405 1.3775 0 0
1.00835 1.3925 0 0
1.01173 1.4075 0 0
1.01004 1.4225 0 0
1.01464 1.4375 0 0
1.00456 1.4625 0 0
1.02032 1.4875 0 0
1.02214 1.5125 0 0
1.00159 1.5375 0 0
0.99976 1.5625 0 0
1.00341 1.5875 0 0
1.02025 1.6125 0 0
0.972042 1.6375 0 0
1.01031 1.6625 0 0
1.02383 1.6875 0 0
0.996587 1.7125 0 0
1.0072 1.7375 0 0
0.994627 1.7625 0 0
1.00753 1.7875 0 0
1.01957 1.8125 0 0
0 0 0 0
-0.0352733 0.625 0 0
-0.046495 0.9375 0 0
-0.0434483 1.25 0 0
0.02814 1.5625 0 0
6
