-4.51176 0 0 0
-5.22749 0.0005 0 0
-5.29613 0.00125 0 0
-5.37883 0.0025 0 0
-5.42502 0.005 0 0
-5.28539 0.0075 0 0
-4.93262 0.01 0 0
-4.87833 0.015 0 0
-4.5409 0.025 0 0
-3.10095 0.05 0 0
-2.28299 0.1 0 0
-1.89633 0.125 0 0
-1.54433 0.15 0 0
-1.25562 0.175 0 0
-0.891513 0.2 0 0
-0.752305 0.225 0 0
-0.632628 0.275 0 0
-0.620719 0.325 0 0
-0.612343 0.35 0 0
-0.612952 0.375 0 0
-0.641152 0.4 0 0
-0.622581 0.425 0 0
-0.622578 0.45 0 0
-0.631424 0.475 0 0
-0.631084 0.5 0 0
-0.633884 0.525 0 0
-0.649054 0.55 0 0
-0.654203 0.575 0 0
-0.666818 0.6 0 0
-0.68539 0.625 0 0
-0.686669 0.65 0 0
-0.69491 0.675 0 0
-0.697273 0.7 0 0
-0.700282 0.75 0 0
-0.696648 0.8 0 0
-0.690561 0.825 0 0
-0.713542 0.85 0 0
-0.693387 0.875 0 0
-0.694397 0.9 0 0
-0.687301 0.925 0 0
-0.683164 0.95 0 0
-0.655799 0.99 0 0
-0.676276 0.99 0 0
-0.169241 0.975 0 0
-0.0274017 0.95 0 0
0.114983 0.925 0 0
0.178907 0.9 0 0
0.214713 0.875 0 0
0.258411 0.85 0 0
0.251378 0.825 0 0
0.224064 0.75 0 0
0.205453 0.725 0 0
0.187954 0.7 0 0
0.167598 0.675 0 0
0.133855 0.65 0 0
0.143785 0.625 0 0
0.136144 0.6 0 0
0.116697 0.575 0 0
0.0991433 0.55 0 0
0.112989 0.525 0 0
0.0820133 0.5 0 0
0.0704692 0.475 0 0
0.0862158 0.45 0 0
0.115518 0.425 0 0
0.139138 0.4 0 0
0.144584 0.375 0 0
0.142331 0.35 0 0
0.259182 0.325 0 0
0.307502 0.3 0 0
0.352987 0.275 0 0
0.438925 0.25 0 0
0.480674 0.225 0 0
0.581637 0.2 0 0
0.652499 0.175 0 0
0.726108 0.15 0 0
0.816753 0.125 0 0
0.99827 0.075 0 0
1.03255 0.05 0 0
0.959205 0.025 0 0
0.813323 0.015 0 0
0.315756 0.01 0 0
-0.0608967 0.0075 0 0
-0.571727 0.005 0 0
-1.03633 0.0025 0 0
-1.68355 0.00125 0 0
-2.5743 0.0005 0 0
-3.80513 0 0 0
-4.96385 0.000416667 0 0
-5.66794 0.001125 0 0
-5.70718 0.00208333 0 0
-5.78535 0.00375 0 0
-5.80343 0.00708333 0 0
-5.5438 0.0116667 0 0
-5.12287 0.0183333 0 0
-5.03635 0.0254167 0 0
-4.6696 0.0375 0 0
-3.20559 0.0645833 0 0
-2.35728 0.116667 0 0
-1.95902 0.14375 0 0
-1.59705 0.172917 0 0
-1.30734 0.202083 0 0
-0.942542 0.229167 0 0
-0.803384 0.25625 0 0
-0.686058 0.308333 0 0
-0.672601 0.360417 0 0
-0.664224 0.3875 0 0
-0.665571 0.414583 0 0
-0.693742 0.441667 0 0
-0.675404 0.46875 0 0
-0.676666 0.495833 0 0
-0.685941 0.522917 0 0
-0.686652 0.55 0 0
-0.691 0.577083 0 0
-0.706277 0.604167 0 0
-0.712113 0.63125 0 0
-0.724924 0.658333 0 0
-0.743747 0.6875 0 0
-0.744723 0.716667 0 0
-0.752457 0.74375 0 0
-0.756735 0.770833 0 0
-0.758064 0.822917 0 0
-0.754514 0.875 0 0
-0.747836 0.902083 0 0
-0.770473 0.929167 0 0
-0.748037 0.9575 0 0
-0.750753 0.9825 0 0
-0.701404 1.00625 0 0
-0.685448 1.02917 0 0
-0.646217 1.06708 0 0
-0.676276 0.99 0 0
-0.169241 0.975 0 0
-0.0274017 0.95 0 0
0.114983 0.925 0 0
0.178907 0.9 0 0
-0.102382 0.875 0 0
0.0438858 0.850042 0 0
0.111082 0.825104 0 0
0.137703 0.750208 0 0
0.157809 0.725417 0 0
0.182879 0.700625 0 0
0.193911 0.675833 0 0
0.201632 0.65125 0 0
0.223719 0.627083 0 0
0.22219 0.604167 0 0
0.199887 0.58125 0 0
0.167206 0.560417 0 0
0.173498 0.5375 0 0
0.136388 0.514583 0 0
0.118939 0.491667 0 0
0.126272 0.46875 0 0
0.152095 0.445833 0 0
0.168554 0.422917 0 0
0.170209 0.4 0 0
0.163929 0.377083 0 0
0.271043 0.354167 0 0
0.31955 0.33125 0 0
0.364582 0.308333 0 0
0.448551 0.285417 0 0
0.487859 0.2625 0 0
0.587509 0.239583 0 0
0.659334 0.216667 0 0
0.735524 0.19375 0 0
0.825015 0.170833 0 0
1.00799 0.122917 0 0
1.0439 0.1 0 0
0.971187 0.0770833 0 0
-3.78724 0.0729167 0 0
-2.55276 0.0713333 0 0
-1.6626 0.07 0 0
0.824478 0.0691667 0 0
0.329722 0.06625 0 0
-0.0452338 0.0658333 0 0
-0.554606 0.0654167 0 0
-1.01766 0.065 0 0
-4.96385 0.000416667 0 0
-5.66794 0.001125 0 0
-5.70718 0.00208333 0 0
-5.78535 0.00375 0 0
-5.80343 0.00708333 0 0
-5.5438 0.0116667 0 0
-5.12287 0.0183333 0 0
-5.03635 0.0254167 0 0
-4.6696 0.0375 0 0
-3.20559 0.0645833 0 0
-2.35728 0.116667 0 0
-1.95902 0.14375 0 0
-1.59705 0.172917 0 0
-1.30734 0.202083 0 0
-0.942542 0.229167 0 0
-0.803384 0.25625 0 0
-0.686058 0.308333 0 0
-0.672601 0.360417 0 0
-0.664224 0.3875 0 0
-0.665571 0.414583 0 0
-0.693742 0.441667 0 0
-0.675404 0.46875 0 0
-0.676666 0.495833 0 0
-0.685941 0.522917 0 0
-0.686652 0.55 0 0
-0.691 0.577083 0 0
-0.706277 0.604167 0 0
-0.712113 0.63125 0 0
-0.724924 0.658333 0 0
-0.743747 0.6875 0 0
-0.744723 0.716667 0 0
-0.752457 0.74375 0 0
-0.756735 0.770833 0 0
-0.758064 0.822917 0 0
-0.754514 0.875 0 0
-0.747836 0.902083 0 0
-0.770473 0.929167 0 0
-0.748037 0.9575 0 0
-0.750753 0.9825 0 0
-0.701404 1.00625 0 0
-0.685448 1.02917 0 0
-0.646217 1.06708 0 0
-1.15989 0.99059 0 0
-0.651353 0.975312 0 0
-0.503 0.950174 0 0
-0.357345 0.925094 0 0
-0.234747 0.900035 0 0
-0.102382 0.875 0 0
0.0438858 0.850042 0 0
0.111082 0.825104 0 0
0.137703 0.750208 0 0
0.157809 0.725417 0 0
0.182879 0.700625 0 0
0.193911 0.675833 0 0
0.201632 0.65125 0 0
0.223719 0.627083 0 0
0.22219 0.604167 0 0
0.199887 0.58125 0 0
0.167206 0.560417 0 0
0.173498 0.5375 0 0
0.136388 0.514583 0 0
0.118939 0.491667 0 0
0.126272 0.46875 0 0
0.152095 0.445833 0 0
0.168554 0.422917 0 0
0.170209 0.4 0 0
0.163929 0.377083 0 0
0.271043 0.354167 0 0
0.31955 0.33125 0 0
0.364582 0.308333 0 0
0.448551 0.285417 0 0
0.487859 0.2625 0 0
0.587509 0.239583 0 0
0.659334 0.216667 0 0
0.735524 0.19375 0 0
0.825015 0.170833 0 0
1.00799 0.122917 0 0
1.0439 0.1 0 0
0.971187 0.0770833 0 0
-3.78724 0.0729167 0 0
-2.55276 0.0713333 0 0
-1.6626 0.07 0 0
0.824478 0.0691667 0 0
0.329722 0.06625 0 0
-0.0452338 0.0658333 0 0
-0.554606 0.0654167 0 0
-1.01766 0.065 0 0
-4.96385 0.000416667 0 0
-5.66794 0.001125 0 0
-5.70718 0.00208333 0 0
-5.78535 0.00375 0 0
-5.80343 0.00708333 0 0
-5.5438 0.0116667 0 0
-5.12287 0.0183333 0 0
-5.03635 0.0254167 0 0
-4.6696 0.0375 0 0
-3.20559 0.0645833 0 0
-2.35728 0.116667 0 0
-1.95902 0.14375 0 0
-1.59705 0.172917 0 0
-1.30734 0.202083 0 0
-0.942542 0.229167 0 0
-0.803384 0.25625 0 0
-0.686058 0.308333 0 0
-0.672601 0.360417 0 0
-0.664224 0.3875 0 0
-0.665571 0.414583 0 0
-0.693742 0.441667 0 0
-0.675404 0.46875 0 0
-0.676666 0.495833 0 0
-0.685941 0.522917 0 0
-0.686652 0.55 0 0
-0.691 0.577083 0 0
-0.706277 0.604167 0 0
-0.712113 0.63125 0 0
-0.724924 0.658333 0 0
-0.743747 0.6875 0 0
-0.744723 0.716667 0 0
-0.752457 0.74375 0 0
-0.756735 0.770833 0 0
-0.758064 0.822917 0 0
-0.754514 0.875 0 0
-0.747836 0.902083 0 0
-0.770473 0.929167 0 0
-0.748037 0.9575 0 0
-0.750753 0.9825 0 0
-0.701404 1.00625 0 0
-0.685448 1.02917 0 0
-0.646217 1.06708 0 0
-1.15989 0.99059 0 0
-0.651353 0.975312 0 0
-0.503 0.950174 0 0
-0.357345 0.925094 0 0
-0.234747 0.900035 0 0
-0.102382 0.875 0 0
0.0438858 0.850042 0 0
0.111082 0.825104 0 0
0.137703 0.750208 0 0
0.157809 0.725417 0 0
0.182879 0.700625 0 0
0.193911 0.675833 0 0
0.201632 0.65125 0 0
0.223719 0.627083 0 0
0.22219 0.604167 0 0
0.199887 0.58125 0 0
0.167206 0.560417 0 0
0.173498 0.5375 0 0
0.136388 0.514583 0 0
0.118939 0.491667 0 0
0.126272 0.46875 0 0
0.152095 0.445833 0 0
0.168554 0.422917 0 0
0.170209 0.4 0 0
0.163929 0.377083 0 0
0.271043 0.354167 0 0
0.31955 0.33125 0 0
0.364582 0.308333 0 0
0.448551 0.285417 0 0
0.487859 0.2625 0 0
0.587509 0.239583 0 0
0.659334 0.216667 0 0
0.735524 0.19375 0 0
0.825015 0.170833 0 0
1.00799 0.122917 0 0
1.0439 0.1 0 0
0.971187 0.0770833 0 0
-3.78724 0.0729167 0 0
-2.55276 0.0713333 0 0
-1.6626 0.07 0 0
0.824478 0.0691667 0 0
0.329722 0.06625 0 0
-0.0452338 0.0658333 0 0
-0.554606 0.0654167 0 0
-1.01766 0.065 0 0
-4.96385 0.000416667 0 0
-5.66794 0.001125 0 0
-5.70718 0.00208333 0 0
-5.78535 0.00375 0 0
-5.80343 0.00708333 0 0
-5.5438 0.0116667 0 0
-5.12287 0.0183333 0 0
-5.03635 0.0254167 0 0
-4.6696 0.0375 0 0
-3.20559 0.0645833 0 0
-2.35728 0.116667 0 0
-1.95902 0.14375 0 0
-1.59705 0.172917 0 0
-1.30734 0.202083 0 0
-0.942542 0.229167 0 0
-0.803384 0.25625 0 0
-0.686058 0.308333 0 0
-0.672601 0.360417 0 0
-0.664224 0.3875 0 0
-0.665571 0.414583 0 0
-0.693742 0.441667 0 0
-0.675404 0.46875 0 0
-0.676666 0.495833 0 0
-0.685941 0.522917 0 0
-0.686652 0.55 0 0
-0.691 0.577083 0 0
-0.706277 0.604167 0 0
-0.712113 0.63125 0 0
-0.724924 0.658333 0 0
-0.743747 0.6875 0 0
-0.744723 0.716667 0 0
-0.752457 0.74375 0 0
-0.756735 0.770833 0 0
-0.758064 0.822917 0 0
-0.754514 0.875 0 0
-0.747836 0.902083 0 0
-0.770473 0.929167 0 0
-0.748037 0.9575 0 0
-0.750753 0.9825 0 0
-0.701404 1.00625 0 0
-0.685448 1.02917 0 0
-0.646217 1.06708 0 0
-1.15989 0.99059 0 0
-0.651353 0.975312 0 0
-0.503 0.950174 0 0
-0.357345 0.925094 0 0
-0.234747 0.900035 0 0
-0.102382 0.875 0 0
0.0438858 0.850042 0 0
0.111082 0.825104 0 0
0.137703 0.750208 0 0
0.157809 0.725417 0 0
0.182879 0.700625 0 0
0.193911 0.675833 0 0
0.201632 0.65125 0 0
0.223719 0.627083 0 0
0.22219 0.604167 0 0
0.199887 0.58125 0 0
0.167206 0.560417 0 0
0.173498 0.5375 0 0
0.136388 0.514583 0 0
0.118939 0.491667 0 0
0.126272 0.46875 0 0
0.152095 0.445833 0 0
0.168554 0.422917 0 0
0.170209 0.4 0 0
0.163929 0.377083 0 0
0.271043 0.354167 0 0
0.31955 0.33125 0 0
0.364582 0.308333 0 0
0.448551 0.285417 0 0
0.487859 0.2625 0 0
0.587509 0.239583 0 0
0.659334 0.216667 0 0
0.735524 0.19375 0 0
0.825015 0.170833 0 0
1.00799 0.122917 0 0
1.0439 0.1 0 0
0.971187 0.0770833 0 0
-3.78724 0.0729167 0 0
-2.55276 0.0713333 0 0
-1.6626 0.07 0 0
0.824478 0.0691667 0 0
0.329722 0.06625 0 0
-0.0452338 0.0658333 0 0
-0.554606 0.0654167 0 0
-1.01766 0.065 0 0
-4.96385 0.000416667 0 0
-5.66794 0.001125 0 0
-5.70718 0.00208333 0 0
-5.78535 0.00375 0 0
-5.80343 0.00708333 0 0
-5.5438 0.0116667 0 0
-5.12287 0.0183333 0 0
-5.03635 0.0254167 0 0
-4.6696 0.0375 0 0
-3.20559 0.0645833 0 0
-2.35728 0.116667 0 0
-1.95902 0.14375 0 0
-1.59705 0.172917 0 0
-1.30734 0.202083 0 0
-0.942542 0.229167 0 0
-0.803384 0.25625 0 0
-0.686058 0.308333 0 0
-0.672601 0.360417 0 0
-0.664224 0.3875 0 0
-0.665571 0.414583 0 0
-0.693742 0.441667 0 0
-0.675404 0.46875 0 0
-0.676666 0.495833 0 0
-0.685941 0.522917 0 0
-0.686652 0.55 0 0
-0.691 0.577083 0 0
-0.706277 0.604167 0 0
-0.712113 0.63125 0 0
-0.724924 0.658333 0 0
-0.743747 0.6875 0 0
-0.744723 0.716667 0 0
-0.752457 0.74375 0 0
-0.756735 0.770833 0 0
-0.758064 0.822917 0 0
-0.754514 0.875 0 0
-0.747836 0.902083 0 0
-0.770473 0.929167 0 0
-0.748037 0.9575 0 0
-0.750753 0.9825 0 0
-0.701404 1.00625 0 0
-0.685448 1.02917 0 0
-0.646217 1.06708 0 0
-1.15989 0.99059 0 0
-0.651353 0.975312 0 0
-0.503 0.950174 0 0
-0.357345 0.925094 0 0
-0.234747 0.900035 0 0
-0.102382 0.875 0 0
0.0438858 0.850042 0 0
0.111082 0.825104 0 0
0.137703 0.750208 0 0
0.157809 0.725417 0 0
0.182879 0.700625 0 0
0.193911 0.675833 0 0
0.201632 0.65125 0 0
0.223719 0.627083 0 0
0.22219 0.604167 0 0
0.199887 0.58125 0 0
0.167206 0.560417 0 0
0.173498 0.5375 0 0
0.136388 0.514583 0 0
0.118939 0.491667 0 0
0.126272 0.46875 0 0
0.152095 0.445833 0 0
0.168554 0.422917 0 0
0.170209 0.4 0 0
0.163929 0.377083 0 0
0.271043 0.354167 0 0
0.31955 0.33125 0 0
0.364582 0.308333 0 0
0.448551 0.285417 0 0
0.487859 0.2625 0 0
0.587509 0.239583 0 0
0.659334 0.216667 0 0
0.735524 0.19375 0 0
0.825015 0.170833 0 0
1.00799 0.122917 0 0
1.0439 0.1 0 0
0.971187 0.0770833 0 0
-3.78724 0.0729167 0 0
-2.55276 0.0713333 0 0
-1.6626 0.07 0 0
0.824478 0.0691667 0 0
0.329722 0.06625 0 0
-0.0452338 0.0658333 0 0
-0.554606 0.0654167 0 0
-1.01766 0.065 0 0
