0 0 0 0
0 2.1 0 0
0 1.2175 0 0.26852
0 0 0 0
0 0 0 0
-2.60912 0 0 0
-2.64834 0.0005 0 0
-2.62345 0.00125 0 0
-2.6167 0.0025 0 0
-2.63093 0.005 0 0
-2.60595 0.0075 0 0
-2.57738 0.01 0 0
-2.79773 0.015 0 0
-2.5784 0.025 0 0
-2.65591 0.05 0 0
-2.36157 0.1 0 0
-1.98243 0.125 0 0
-1.6534 0.15 0 0
-1.38692 0.175 0 0
-1.05888 0.2 0 0
-0.834977 0.225 0 0
-0.622743 0.275 0 0
-0.604916 0.325 0 0
-0.603216 0.35 0 0
-0.603102 0.375 0 0
-0.611364 0.4 0 0
-0.609133 0.425 0 0
-0.612027 0.45 0 0
-0.617986 0.475 0 0
-0.623128 0.5 0 0
-0.627991 0.525 0 0
-0.635753 0.55 0 0
-0.642296 0.575 0 0
-0.65063 0.6 0 0
-0.659373 0.625 0 0
-0.664086 0.65 0 0
-0.668641 0.675 0 0
-0.671968 0.7 0 0
-0.677792 0.75 0 0
-0.677618 0.8 0 0
-0.679584 0.825 0 0
-0.685121 0.85 0 0
-0.679087 0.875 0 0
-0.676263 0.9 0 0
-0.671788 0.925 0 0
-0.662386 0.95 0 0
-0.639683 0.99 0 0
0 0 0 0
-2.65376 0 0 0
-2.3918 0.0005 0 0
-1.5087 0.00125 0 0
-0.885917 0.0025 0 0
-0.444958 0.005 0 0
0.04151 0.0075 0 0
0.403392 0.01 0 0
0.842282 0.015 0 0
0.976506 0.025 0 0
1.02383 0.05 0 0
0.977169 0.075 0 0
0.790682 0.125 0 0
0.701033 0.15 0 0
0.614495 0.175 0 0
0.546195 0.2 0 0
0.44966 0.225 0 0
0.383969 0.25 0 0
0.319547 0.275 0 0
0.275796 0.3 0 0
0.229836 0.325 0 0
0.15199 0.35 0 0
0.133442 0.375 0 0
0.114234 0.4 0 0
0.088342 0.425 0 0
0.070802 0.45 0 0
0.063112 0.475 0 0
0.068653 0.5 0 0
0.089612 0.525 0 0
0.094054 0.55 0 0
0.105407 0.575 0 0
0.121292 0.6 0 0
0.139483 0.625 0 0
0.148411 0.65 0 0
0.168041 0.675 0 0
0.190907 0.7 0 0
0.238504 0.725 0 0
0.252191 0.75 0 0
0.251871 0.825 0 0
0.253359 0.85 0 0
0.217102 0.875 0 0
0.179191 0.9 0 0
0.1202 0.925 0 0
-0.008806 0.95 0 0
-0.151761 0.975 0 0
-0.642345 0.99 0 0
0 0 0 0
1.02011 0.0625 0 0
1.02012 0.0875 0 0
1.01937 0.1125 0 0
1.02081 0.1375 0 0
1.02206 0.1625 0 0
1.0162 0.1875 0 0
1.02325 0.2125 0 0
1.022 0.2375 0 0
1.02001 0.2625 0 0
1.02241 0.2875 0 0
1.01688 0.3125 0 0
1.02243 0.3375 0 0
1.0217 0.3625 0 0
1.02506 0.3875 0 0
1.02476 0.4125 0 0
1.02066 0.4375 0 0
1.02224 0.4525 0 0
1.02089 0.4675 0 0
1.01894 0.4825 0 0
1.02361 0.4975 0 0
1.01859 0.5125 0 0
1.01773 0.5275 0 0
1.00253 0.5425 0 0
1.01909 0.5575 0 0
1.00916 0.5725 0 0
1.00775 0.5875 0 0
1.00256 0.6025 0 0
0.996289 0.6175 0 0
0.986745 0.6325 0 0
0.971681 0.6475 0 0
0.963588 0.6625 0 0
0.942913 0.6775 0 0
0.931865 0.6925 0 0
0.908683 0.7075 0 0
0.891237 0.7225 0 0
0.867675 0.7375 0 0
0.837451 0.7475 0 0
0.834166 0.7575 0 0
0.805723 0.7675 0 0
0.781762 0.7775 0 0
0.774487 0.7875 0 0
0.743308 0.7975 0 0
0.715353 0.8075 0 0
0.69219 0.8175 0 0
0.641327 0.8275 0 0
0.633349 0.8375 0 0
0.608131 0.8475 0 0
0.585605 0.8575 0 0
0.580319 0.8675 0 0
0.536843 0.8775 0 0
0.520896 0.8875 0 0
0.505618 0.8975 0 0
0.484136 0.9075 0 0
0.454847 0.9175 0 0
0.432657 0.9275 0 0
0.412487 0.9375 0 0
0.394488 0.9475 0 0
0.386105 0.9575 0 0
0.391487 0.9675 0 0
0.343237 0.9775 0 0
0.339231 0.9875 0 0
0.329991 0.9975 0 0
0.324463 1.0075 0 0
0.307006 1.0175 0 0
0.323909 1.0275 0 0
0.294118 1.0375 0 0
0.286709 1.0475 0 0
0.270924 1.0575 0 0
0.268263 1.0675 0 0
0.257973 1.0775 0 0
0.271407 1.0875 0 0
0.267386 1.0975 0 0
0.286044 1.1075 0 0
0.290185 1.1175 0 0
0.313016 1.1275 0 0
0.325014 1.1375 0 0
0.339274 1.1525 0 0
0.350325 1.1675 0 0
0.382301 1.1825 0 0
0.401693 1.1975 0 0
0.456274 1.2125 0 0
0.50076 1.2275 0 0
0.527716 1.2425 0 0
0.564534 1.2575 0 0
0.587325 1.2725 0 0
0.6261 1.2875 0 0
0.656274 1.3025 0 0
0.701681 1.3175 0 0
0.731633 1.3325 0 0
0.768549 1.3475 0 0
0.81097 1.3625 0 0
0.829572 1.3775 0 0
0.871836 1.3925 0 0
0.90072 1.4075 0 0
0.924905 1.4225 0 0
0.950929 1.4375 0 0
0.970128 1.4625 0 0
0.990549 1.4875 0 0
1.00004 1.5125 0 0
1.00449 1.5375 0 0
1.00992 1.5625 0 0
1.01423 1.5875 0 0
1.02178 1.6125 0 0
0.999058 1.6375 0 0
1.01953 1.6625 0 0
1.02317 1.6875 0 0
1.01218 1.7125 0 0
1.0161 1.7375 0 0
1.0126 1.7625 0 0
1.01891 1.7875 0 0
1.02129 1.8125 0 0
0 0 0 0
-0.03846 0.625 0 0
-0.22564 0.9375 0 0
-0.24286 1.25 0 0
-0.080928 1.5625 0 0
10
