0 0 0 0
0 4 0 0
0 1.24247 0 0.291617
0 0 0 0
0 0 0 0
-2.63771 0 0 0
-2.67683 0.0005 0 0
-2.65201 0.00125 0 0
-2.64527 0.0025 0 0
-2.65947 0.005 0 0
-2.63454 0.0075 0 0
-2.60605 0.01 0 0
-2.82586 0.015 0 0
-2.60707 0.025 0 0
-2.68439 0.05 0 0
-1.96948 0.1 0 0
-1.48158 0.125 0 0
-1.03318 0.15 0 0
-0.800202 0.175 0 0
-0.687417 0.2 0 0
-0.712597 0.225 0 0
-0.709308 0.275 0 0
-0.713753 0.325 0 0
-0.717023 0.35 0 0
-0.72026 0.375 0 0
-0.730457 0.4 0 0
-0.73095 0.425 0 0
-0.735428 0.45 0 0
-0.743208 0.475 0 0
-0.747807 0.5 0 0
-0.752317 0.525 0 0
-0.758533 0.55 0 0
-0.764678 0.575 0 0
-0.771708 0.6 0 0
-0.779388 0.625 0 0
-0.783148 0.65 0 0
-0.787288 0.675 0 0
-0.788822 0.7 0 0
-0.79345 0.75 0 0
-0.791087 0.8 0 0
-0.79282 0.825 0 0
-0.797827 0.85 0 0
-0.793075 0.875 0 0
-0.79037 0.9 0 0
-0.787798 0.925 0 0
-0.78123 0.95 0 0
-0.76453 0.99 0 0
0 0 0 0
-2.68224 0 0 0
-2.62025 0.0005 0 0
-1.8688 0.00125 0 0
-1.20111 0.0025 0 0
-0.724045 0.005 0 0
-0.18317 0.0075 0 0
0.227593 0.01 0 0
0.753775 0.015 0 0
0.933733 0.025 0 0
1.01848 0.05 0 0
1.00327 0.075 0 0
0.841953 0.125 0 0
0.756545 0.15 0 0
0.672535 0.175 0 0
0.603677 0.2 0 0
0.507708 0.225 0 0
0.44091 0.25 0 0
0.373652 0.275 0 0
0.32525 0.3 0 0
0.276052 0.325 0 0
0.194492 0.35 0 0
0.171477 0.375 0 0
0.147968 0.4 0 0
0.117375 0.425 0 0
0.0949717 0.45 0 0
0.0826617 0.475 0 0
0.08331 0.5 0 0
0.100657 0.525 0 0
0.100793 0.55 0 0
0.108437 0.575 0 0
0.120743 0.6 0 0
0.137905 0.625 0 0
0.144902 0.65 0 0
0.16356 0.675 0 0
0.180513 0.7 0 0
0.19822 0.725 0 0
0.2268 0.75 0 0
0.231262 0.825 0 0
0.229798 0.85 0 0
0.188448 0.875 0 0
0.145788 0.9 0 0
0.0804833 0.925 0 0
-0.0604383 0.95 0 0
-0.220327 0.975 0 0
-0.781655 0.99 0 0
0 0 0 0
1.02204 0.0625 0 0
1.0218 0.0875 0 0
1.02088 0.1125 0 0
1.02101 0.1375 0 0
1.02313 0.1625 0 0
1.01782 0.1875 0 0
1.02505 0.2125 0 0
1.02285 0.2375 0 0
1.02195 0.2625 0 0
1.02392 0.2875 0 0
1.01819 0.3125 0 0
1.02442 0.3375 0 0
1.02393 0.3625 0 0
1.02714 0.3875 0 0
1.02716 0.4125 0 0
1.02256 0.4375 0 0
1.0243 0.4525 0 0
1.02197 0.4675 0 0
1.01954 0.4825 0 0
1.0242 0.4975 0 0
1.01911 0.5125 0 0
1.01447 0.5275 0 0
0.99705 0.5425 0 0
1.01096 0.5575 0 0
1.00126 0.5725 0 0
1.00359 0.5875 0 0
0.998647 0.6025 0 0
0.992062 0.6175 0 0
0.986133 0.6325 0 0
0.973805 0.6475 0 0
0.963057 0.6625 0 0
0.940637 0.6775 0 0
0.926592 0.6925 0 0
0.903503 0.7075 0 0
0.875677 0.7225 0 0
0.855022 0.7375 0 0
0.831032 0.7475 0 0
0.818655 0.7575 0 0
0.780532 0.7675 0 0
0.767393 0.7775 0 0
0.768938 0.7875 0 0
0.739678 0.7975 0 0
0.69684 0.8075 0 0
0.689573 0.8175 0 0
0.615148 0.8275 0 0
0.600657 0.8375 0 0
0.546948 0.8475 0 0
0.516197 0.8575 0 0
0.51624 0.8675 0 0
0.413962 0.8775 0 0
0.397815 0.8875 0 0
0.389662 0.8975 0 0
0.36074 0.9075 0 0
0.324717 0.9175 0 0
0.284322 0.9275 0 0
0.270367 0.9375 0 0
0.214947 0.9475 0 0
0.203035 0.9575 0 0
0.2181 0.9675 0 0
0.13753 0.9775 0 0
0.106843 0.9875 0 0
0.0822533 0.9975 0 0
0.105718 1.0075 0 0
0.0700017 1.0175 0 0
0.123912 1.0275 0 0
0.0786717 1.0375 0 0
0.0727667 1.0475 0 0
0.0313283 1.0575 0 0
0.0340083 1.0675 0 0
0.0399183 1.0775 0 0
0.0406383 1.0875 0 0
0.033445 1.0975 0 0
0.06039 1.1075 0 0
0.0702983 1.1175 0 0
0.0806283 1.1275 0 0
0.0940017 1.1375 0 0
0.0943033 1.1525 0 0
0.09765 1.1675 0 0
0.122435 1.1825 0 0
0.136133 1.1975 0 0
0.17947 1.2125 0 0
0.228398 1.2275 0 0
0.260867 1.2425 0 0
0.310363 1.2575 0 0
0.342303 1.2725 0 0
0.392728 1.2875 0 0
0.414987 1.3025 0 0
0.454897 1.3175 0 0
0.481467 1.3325 0 0
0.53904 1.3475 0 0
0.594342 1.3625 0 0
0.61112 1.3775 0 0
0.676458 1.3925 0 0
0.726865 1.4075 0 0
0.758192 1.4225 0 0
0.808438 1.4375 0 0
0.863645 1.4625 0 0
0.904542 1.4875 0 0
0.93113 1.5125 0 0
0.943648 1.5375 0 0
0.953435 1.5625 0 0
0.966355 1.5875 0 0
0.981242 1.6125 0 0
0.967952 1.6375 0 0
1.00191 1.6625 0 0
1.01243 1.6875 0 0
1.00749 1.7125 0 0
1.01344 1.7375 0 0
1.01341 1.7625 0 0
1.02001 1.7875 0 0
1.02342 1.8125 0 0
0 0 0 0
-0.100953 0.625 0 0
-0.31625 0.9375 0 0
-0.347442 1.25 0 0
-0.174905 1.5625 0 0
6
