-2.91696 0 0 0
-3.66597 0.0005 0 0
-3.83985 0.00125 0 0
-4.05456 0.0025 0 0
-4.29933 0.005 0 0
-4.28971 0.0075 0 0
-4.16098 0.01 0 0
-4.14159 0.015 0 0
-3.603 0.025 0 0
-3.40923 0.05 0 0
-2.45768 0.1 0 0
-2.25503 0.125 0 0
-2.08484 0.15 0 0
-1.96928 0.175 0 0
-1.71244 0.2 0 0
-1.73596 0.225 0 0
-1.50806 0.275 0 0
-1.22718 0.325 0 0
-1.07591 0.35 0 0
-0.897881 0.375 0 0
-0.76552 0.4 0 0
-0.60673 0.425 0 0
-0.526419 0.45 0 0
-0.492676 0.475 0 0
-0.475493 0.5 0 0
-0.468207 0.525 0 0
-0.477636 0.55 0 0
-0.476816 0.575 0 0
-0.485894 0.6 0 0
-0.501341 0.625 0 0
-0.498252 0.65 0 0
-0.503858 0.675 0 0
-0.505779 0.7 0 0
-0.508836 0.75 0 0
-0.50798 0.8 0 0
-0.503125 0.825 0 0
-0.531905 0.85 0 0
-0.515011 0.875 0 0
-0.523328 0.9 0 0
-0.525481 0.925 0 0
-0.535352 0.95 0 0
-0.522085 0.99 0 0
-0.534572 0.99 0 0
-0.0796546 0.975 0 0
0.0457762 0.95 0 0
0.171458 0.925 0 0
0.226375 0.9 0 0
0.254178 0.875 0 0
0.290995 0.85 0 0
0.283555 0.825 0 0
0.285858 0.75 0 0
0.271742 0.725 0 0
0.194224 0.7 0 0
0.154001 0.675 0 0
0.119733 0.65 0 0
0.131995 0.625 0 0
0.125849 0.6 0 0
0.09953 0.575 0 0
0.0714423 0.55 0 0
0.0756985 0.525 0 0
0.0363254 0.5 0 0
0.0119277 0.475 0 0
0.0159292 0.45 0 0
0.0322585 0.425 0 0
0.0445215 0.4 0 0
0.0373969 0.375 0 0
0.0216377 0.35 0 0
0.130358 0.325 0 0
0.169098 0.3 0 0
0.199392 0.275 0 0
0.275484 0.25 0 0
0.312592 0.225 0 0
0.408953 0.2 0 0
0.477168 0.175 0 0
0.553549 0.15 0 0
0.650544 0.125 0 0
0.885009 0.075 0 0
0.998047 0.05 0 0
1.02172 0.025 0 0
0.998585 0.015 0 0
0.753025 0.01 0 0
0.543428 0.0075 0 0
0.21506 0.005 0 0
-0.113279 0.0025 0 0
-0.584985 0.00125 0 0
-1.25519 0.0005 0 0
-2.26268 0 0 0
-3.24768 0.000384615 0 0
-3.99595 0.00107692 0 0
-4.15993 0.00201923 0 0
-4.37314 0.00365385 0 0
-4.57648 0.00692308 0 0
-4.55196 0.0113462 0 0
-4.35003 0.0176923 0 0
-4.31505 0.0246154 0 0
-3.76337 0.0365385 0 0
-3.56072 0.0634615 0 0
-2.58941 0.115385 0 0
-2.38856 0.142308 0 0
-2.20085 0.171154 0 0
-2.06368 0.2 0 0
-1.7952 0.226923 0 0
-1.80503 0.253846 0 0
-1.56695 0.305769 0 0
-1.27385 0.357692 0 0
-1.1164 0.384615 0 0
-0.935779 0.411538 0 0
-0.802096 0.438462 0 0
-0.642746 0.465385 0 0
-0.56316 0.492308 0 0
-0.529354 0.519231 0 0
-0.51287 0.546154 0 0
-0.506772 0.573077 0 0
-0.515963 0.6 0 0
-0.515574 0.626923 0 0
-0.5248 0.653846 0 0
-0.540482 0.682692 0 0
-0.537327 0.711538 0 0
-0.54256 0.738462 0 0
-0.546695 0.765385 0 0
-0.548452 0.817308 0 0
-0.548236 0.869231 0 0
-0.543546 0.896154 0 0
-0.573086 0.923077 0 0
-0.555171 0.951154 0 0
-0.564449 0.976154 0 0
-0.531608 1 0 0
-0.531831 1.02308 0 0
-0.508896 1.06115 0 0
-0.534572 0.99 0 0
-0.0796546 0.975 0 0
0.0457762 0.95 0 0
0.171458 0.925 0 0
0.226375 0.9 0 0
0.0801262 0.875 0 0
0.194442 0.850038 0 0
0.238557 0.825096 0 0
0.277144 0.750192 0 0
0.288285 0.725385 0 0
0.236026 0.700577 0 0
0.211926 0.675769 0 0
0.196547 0.651154 0 0
0.210589 0.626923 0 0
0.202622 0.603846 0 0
0.167608 0.580769 0 0
0.121484 0.559615 0 0
0.118279 0.536538 0 0
0.0730306 0.513462 0 0
0.0433856 0.490385 0 0
0.0399748 0.467308 0 0
0.0534495 0.444231 0 0
0.0598594 0.421154 0 0
0.0504045 0.398077 0 0
0.0316652 0.375 0 0
0.132022 0.351923 0 0
0.171975 0.328846 0 0
0.202817 0.305769 0 0
0.277965 0.282692 0 0
0.313817 0.259615 0 0
0.409871 0.236538 0 0
0.479963 0.213462 0 0
0.559372 0.190385 0 0
0.656039 0.167308 0 0
0.892665 0.119231 0 0
1.00773 0.0961538 0 0
1.03188 0.0730769 0 0
-2.24313 0.0673077 0 0
-1.2328 0.0658846 0 0
1.00779 0.065 0 0
-0.563173 0.0647115 0 0
0.764872 0.0619231 0 0
0.558368 0.0613462 0 0
0.235963 0.0607692 0 0
-0.0912902 0.0601923 0 0
-3.24768 0.000384615 0 0
-3.99595 0.00107692 0 0
-4.15993 0.00201923 0 0
-4.37314 0.00365385 0 0
-4.57648 0.00692308 0 0
-4.55196 0.0113462 0 0
-4.35003 0.0176923 0 0
-4.31505 0.0246154 0 0
-3.76337 0.0365385 0 0
-3.56072 0.0634615 0 0
-2.58941 0.115385 0 0
-2.38856 0.142308 0 0
-2.20085 0.171154 0 0
-2.06368 0.2 0 0
-1.7952 0.226923 0 0
-1.80503 0.253846 0 0
-1.56695 0.305769 0 0
-1.27385 0.357692 0 0
-1.1164 0.384615 0 0
-0.935779 0.411538 0 0
-0.802096 0.438462 0 0
-0.642746 0.465385 0 0
-0.56316 0.492308 0 0
-0.529354 0.519231 0 0
-0.51287 0.546154 0 0
-0.506772 0.573077 0 0
-0.515963 0.6 0 0
-0.515574 0.626923 0 0
-0.5248 0.653846 0 0
-0.540482 0.682692 0 0
-0.537327 0.711538 0 0
-0.54256 0.738462 0 0
-0.546695 0.765385 0 0
-0.548452 0.817308 0 0
-0.548236 0.869231 0 0
-0.543546 0.896154 0 0
-0.573086 0.923077 0 0
-0.555171 0.951154 0 0
-0.564449 0.976154 0 0
-0.531608 1 0 0
-0.531831 1.02308 0 0
-0.508896 1.06115 0 0
-0.886608 0.990533 0 0
-0.41605 0.975281 0 0
-0.274218 0.950155 0 0
-0.135922 0.925083 0 0
-0.0234469 0.90003 0 0
0.0801262 0.875 0 0
0.194442 0.850038 0 0
0.238557 0.825096 0 0
0.277144 0.750192 0 0
0.288285 0.725385 0 0
0.236026 0.700577 0 0
0.211926 0.675769 0 0
0.196547 0.651154 0 0
0.210589 0.626923 0 0
0.202622 0.603846 0 0
0.167608 0.580769 0 0
0.121484 0.559615 0 0
0.118279 0.536538 0 0
0.0730306 0.513462 0 0
0.0433856 0.490385 0 0
0.0399748 0.467308 0 0
0.0534495 0.444231 0 0
0.0598594 0.421154 0 0
0.0504045 0.398077 0 0
0.0316652 0.375 0 0
0.132022 0.351923 0 0
0.171975 0.328846 0 0
0.202817 0.305769 0 0
0.277965 0.282692 0 0
0.313817 0.259615 0 0
0.409871 0.236538 0 0
0.479963 0.213462 0 0
0.559372 0.190385 0 0
0.656039 0.167308 0 0
0.892665 0.119231 0 0
1.00773 0.0961538 0 0
1.03188 0.0730769 0 0
-2.24313 0.0673077 0 0
-1.2328 0.0658846 0 0
1.00779 0.065 0 0
-0.563173 0.0647115 0 0
0.764872 0.0619231 0 0
0.558368 0.0613462 0 0
0.235963 0.0607692 0 0
-0.0912902 0.0601923 0 0
-3.24768 0.000384615 0 0
-3.99595 0.00107692 0 0
-4.15993 0.00201923 0 0
-4.37314 0.00365385 0 0
-4.57648 0.00692308 0 0
-4.55196 0.0113462 0 0
-4.35003 0.0176923 0 0
-4.31505 0.0246154 0 0
-3.76337 0.0365385 0 0
-3.56072 0.0634615 0 0
-2.58941 0.115385 0 0
-2.38856 0.142308 0 0
-2.20085 0.171154 0 0
-2.06368 0.2 0 0
-1.7952 0.226923 0 0
-1.80503 0.253846 0 0
-1.56695 0.305769 0 0
-1.27385 0.357692 0 0
-1.1164 0.384615 0 0
-0.935779 0.411538 0 0
-0.802096 0.438462 0 0
-0.642746 0.465385 0 0
-0.56316 0.492308 0 0
-0.529354 0.519231 0 0
-0.51287 0.546154 0 0
-0.506772 0.573077 0 0
-0.515963 0.6 0 0
-0.515574 0.626923 0 0
-0.5248 0.653846 0 0
-0.540482 0.682692 0 0
-0.537327 0.711538 0 0
-0.54256 0.738462 0 0
-0.546695 0.765385 0 0
-0.548452 0.817308 0 0
-0.548236 0.869231 0 0
-0.543546 0.896154 0 0
-0.573086 0.923077 0 0
-0.555171 0.951154 0 0
-0.564449 0.976154 0 0
-0.531608 1 0 0
-0.531831 1.02308 0 0
-0.508896 1.06115 0 0
-0.886608 0.990533 0 0
-0.41605 0.975281 0 0
-0.274218 0.950155 0 0
-0.135922 0.925083 0 0
-0.0234469 0.90003 0 0
0.0801262 0.875 0 0
0.194442 0.850038 0 0
0.238557 0.825096 0 0
0.277144 0.750192 0 0
0.288285 0.725385 0 0
0.236026 0.700577 0 0
0.211926 0.675769 0 0
0.196547 0.651154 0 0
0.210589 0.626923 0 0
0.202622 0.603846 0 0
0.167608 0.580769 0 0
0.121484 0.559615 0 0
0.118279 0.536538 0 0
0.0730306 0.513462 0 0
0.0433856 0.490385 0 0
0.0399748 0.467308 0 0
0.0534495 0.444231 0 0
0.0598594 0.421154 0 0
0.0504045 0.398077 0 0
0.0316652 0.375 0 0
0.132022 0.351923 0 0
0.171975 0.328846 0 0
0.202817 0.305769 0 0
0.277965 0.282692 0 0
0.313817 0.259615 0 0
0.409871 0.236538 0 0
0.479963 0.213462 0 0
0.559372 0.190385 0 0
0.656039 0.167308 0 0
0.892665 0.119231 0 0
1.00773 0.0961538 0 0
1.03188 0.0730769 0 0
-2.24313 0.0673077 0 0
-1.2328 0.0658846 0 0
1.00779 0.065 0 0
-0.563173 0.0647115 0 0
0.764872 0.0619231 0 0
0.558368 0.0613462 0 0
0.235963 0.0607692 0 0
-0.0912902 0.0601923 0 0
-3.24768 0.000384615 0 0
-3.99595 0.00107692 0 0
-4.15993 0.00201923 0 0
-4.37314 0.00365385 0 0
-4.57648 0.00692308 0 0
-4.55196 0.0113462 0 0
-4.35003 0.0176923 0 0
-4.31505 0.0246154 0 0
-3.76337 0.0365385 0 0
-3.56072 0.0634615 0 0
-2.58941 0.115385 0 0
-2.38856 0.142308 0 0
-2.20085 0.171154 0 0
-2.06368 0.2 0 0
-1.7952 0.226923 0 0
-1.80503 0.253846 0 0
-1.56695 0.305769 0 0
-1.27385 0.357692 0 0
-1.1164 0.384615 0 0
-0.935779 0.411538 0 0
-0.802096 0.438462 0 0
-0.642746 0.465385 0 0
-0.56316 0.492308 0 0
-0.529354 0.519231 0 0
-0.51287 0.546154 0 0
-0.506772 0.573077 0 0
-0.515963 0.6 0 0
-0.515574 0.626923 0 0
-0.5248 0.653846 0 0
-0.540482 0.682692 0 0
-0.537327 0.711538 0 0
-0.54256 0.738462 0 0
-0.546695 0.765385 0 0
-0.548452 0.817308 0 0
-0.548236 0.869231 0 0
-0.543546 0.896154 0 0
-0.573086 0.923077 0 0
-0.555171 0.951154 0 0
-0.564449 0.976154 0 0
-0.531608 1 0 0
-0.531831 1.02308 0 0
-0.508896 1.06115 0 0
-0.886608 0.990533 0 0
-0.41605 0.975281 0 0
-0.274218 0.950155 0 0
-0.135922 0.925083 0 0
-0.0234469 0.90003 0 0
0.0801262 0.875 0 0
0.194442 0.850038 0 0
0.238557 0.825096 0 0
0.277144 0.750192 0 0
0.288285 0.725385 0 0
0.236026 0.700577 0 0
0.211926 0.675769 0 0
0.196547 0.651154 0 0
0.210589 0.626923 0 0
0.202622 0.603846 0 0
0.167608 0.580769 0 0
0.121484 0.559615 0 0
0.118279 0.536538 0 0
0.0730306 0.513462 0 0
0.0433856 0.490385 0 0
0.0399748 0.467308 0 0
0.0534495 0.444231 0 0
0.0598594 0.421154 0 0
0.0504045 0.398077 0 0
0.0316652 0.375 0 0
0.132022 0.351923 0 0
0.171975 0.328846 0 0
0.202817 0.305769 0 0
0.277965 0.282692 0 0
0.313817 0.259615 0 0
0.409871 0.236538 0 0
0.479963 0.213462 0 0
0.559372 0.190385 0 0
0.656039 0.167308 0 0
0.892665 0.119231 0 0
1.00773 0.0961538 0 0
1.03188 0.0730769 0 0
-2.24313 0.0673077 0 0
-1.2328 0.0658846 0 0
1.00779 0.065 0 0
-0.563173 0.0647115 0 0
0.764872 0.0619231 0 0
0.558368 0.0613462 0 0
0.235963 0.0607692 0 0
-0.0912902 0.0601923 0 0
-3.24768 0.000384615 0 0
-3.99595 0.00107692 0 0
-4.15993 0.00201923 0 0
-4.37314 0.00365385 0 0
-4.57648 0.00692308 0 0
-4.55196 0.0113462 0 0
-4.35003 0.0176923 0 0
-4.31505 0.0246154 0 0
-3.76337 0.0365385 0 0
-3.56072 0.0634615 0 0
-2.58941 0.115385 0 0
-2.38856 0.142308 0 0
-2.20085 0.171154 0 0
-2.06368 0.2 0 0
-1.7952 0.226923 0 0
-1.80503 0.253846 0 0
-1.56695 0.305769 0 0
-1.27385 0.357692 0 0
-1.1164 0.384615 0 0
-0.935779 0.411538 0 0
-0.802096 0.438462 0 0
-0.642746 0.465385 0 0
-0.56316 0.492308 0 0
-0.529354 0.519231 0 0
-0.51287 0.546154 0 0
-0.506772 0.573077 0 0
-0.515963 0.6 0 0
-0.515574 0.626923 0 0
-0.5248 0.653846 0 0
-0.540482 0.682692 0 0
-0.537327 0.711538 0 0
-0.54256 0.738462 0 0
-0.546695 0.765385 0 0
-0.548452 0.817308 0 0
-0.548236 0.869231 0 0
-0.543546 0.896154 0 0
-0.573086 0.923077 0 0
-0.555171 0.951154 0 0
-0.564449 0.976154 0 0
-0.531608 1 0 0
-0.531831 1.02308 0 0
-0.508896 1.06115 0 0
-0.886608 0.990533 0 0
-0.41605 0.975281 0 0
-0.274218 0.950155 0 0
-0.135922 0.925083 0 0
-0.0234469 0.90003 0 0
0.0801262 0.875 0 0
0.194442 0.850038 0 0
0.238557 0.825096 0 0
0.277144 0.750192 0 0
0.288285 0.725385 0 0
0.236026 0.700577 0 0
0.211926 0.675769 0 0
0.196547 0.651154 0 0
0.210589 0.626923 0 0
0.202622 0.603846 0 0
0.167608 0.580769 0 0
0.121484 0.559615 0 0
0.118279 0.536538 0 0
0.0730306 0.513462 0 0
0.0433856 0.490385 0 0
0.0399748 0.467308 0 0
0.0534495 0.444231 0 0
0.0598594 0.421154 0 0
0.0504045 0.398077 0 0
0.0316652 0.375 0 0
0.132022 0.351923 0 0
0.171975 0.328846 0 0
0.202817 0.305769 0 0
0.277965 0.282692 0 0
0.313817 0.259615 0 0
0.409871 0.236538 0 0
0.479963 0.213462 0 0
0.559372 0.190385 0 0
0.656039 0.167308 0 0
0.892665 0.119231 0 0
1.00773 0.0961538 0 0
1.03188 0.0730769 0 0
-2.24313 0.0673077 0 0
-1.2328 0.0658846 0 0
1.00779 0.065 0 0
-0.563173 0.0647115 0 0
0.764872 0.0619231 0 0
0.558368 0.0613462 0 0
0.235963 0.0607692 0 0
-0.0912902 0.0601923 0 0
