0 0 0 0
0 1.15385 0 0
-0.281998 1.38681 0 0.127977
-0.295373 9.61538e-05 0 0
0 0 0 0
-3.24768 0.000384615 0 0
-3.99595 0.00107692 0 0
-4.15993 0.00201923 0 0
-4.37314 0.00365385 0 0
-4.57648 0.00692308 0 0
-4.55196 0.0113462 0 0
-4.35003 0.0176923 0 0
-4.31505 0.0246154 0 0
-3.76337 0.0365385 0 0
-3.56072 0.0634615 0 0
-2.58941 0.115385 0 0
-2.38856 0.142308 0 0
-2.20085 0.171154 0 0
-2.06368 0.2 0 0
-1.7952 0.226923 0 0
-1.80503 0.253846 0 0
-1.56695 0.305769 0 0
-1.27385 0.357692 0 0
-1.1164 0.384615 0 0
-0.935779 0.411538 0 0
-0.802096 0.438462 0 0
-0.642746 0.465385 0 0
-0.56316 0.492308 0 0
-0.529354 0.519231 0 0
-0.51287 0.546154 0 0
-0.506772 0.573077 0 0
-0.515963 0.6 0 0
-0.515574 0.626923 0 0
-0.5248 0.653846 0 0
-0.540482 0.682692 0 0
-0.537327 0.711538 0 0
-0.54256 0.738462 0 0
-0.546695 0.765385 0 0
-0.548452 0.817308 0 0
-0.548236 0.869231 0 0
-0.543546 0.896154 0 0
-0.573086 0.923077 0 0
-0.555171 0.951154 0 0
-0.564449 0.976154 0 0
-0.531608 1 0 0
-0.531831 1.02308 0 0
-0.508896 1.06115 0 0
0 0 0 0
-2.24313 0.0673077 0 0
-1.2328 0.0658846 0 0
-0.563173 0.0647115 0 0
-0.0912902 0.0601923 0 0
0.235963 0.0607692 0 0
0.558368 0.0613462 0 0
0.764872 0.0619231 0 0
1.00779 0.065 0 0
1.03188 0.0730769 0 0
1.00773 0.0961538 0 0
0.892665 0.119231 0 0
0.656039 0.167308 0 0
0.559372 0.190385 0 0
0.479963 0.213462 0 0
0.409871 0.236538 0 0
0.313817 0.259615 0 0
0.277965 0.282692 0 0
0.202817 0.305769 0 0
0.171975 0.328846 0 0
0.132022 0.351923 0 0
0.0316652 0.375 0 0
0.0504045 0.398077 0 0
0.0598594 0.421154 0 0
0.0534495 0.444231 0 0
0.0399748 0.467308 0 0
0.0433856 0.490385 0 0
0.0730306 0.513462 0 0
0.118279 0.536538 0 0
0.121484 0.559615 0 0
0.167608 0.580769 0 0
0.202622 0.603846 0 0
0.210589 0.626923 0 0
0.196547 0.651154 0 0
0.211926 0.675769 0 0
0.236026 0.700577 0 0
0.288285 0.725385 0 0
0.277144 0.750192 0 0
0.238557 0.825096 0 0
0.194442 0.850038 0 0
0.0801262 0.875 0 0
-0.0234469 0.90003 0 0
-0.135922 0.925083 0 0
-0.274218 0.950155 0 0
-0.41605 0.975281 0 0
-0.886608 0.990533 0 0
0 0 0 0
0.680263 0.0638609 0 0
0.689257 0.0893935 0 0
0.723464 0.115311 0 0
0.756363 0.142382 0 0
0.81815 0.171376 0 0
0.822132 0.198447 0 0
0.857625 0.225666 0 0
0.865784 0.252885 0 0
0.878605 0.279956 0 0
0.888516 0.307027 0 0
0.893876 0.336021 0 0
0.926131 0.365015 0 0
0.937702 0.392086 0 0
0.959792 0.419157 0 0
0.96885 0.446228 0 0
0.96884 0.473299 0 0
0.981904 0.49037 0 0
0.9787 0.507441 0 0
0.977952 0.524512 0 0
0.991848 0.541583 0 0
0.975129 0.558654 0 0
0.97894 0.575725 0 0
0.924862 0.592796 0 0
0.99427 0.610015 0 0
0.981176 0.627234 0 0
0.987295 0.644305 0 0
0.977719 0.661376 0 0
0.983827 0.68037 0 0
0.978918 0.699364 0 0
0.963927 0.716435 0 0
0.969064 0.733506 0 0
0.954813 0.750666 0 0
0.950036 0.767589 0 0
0.921848 0.784423 0 0
0.927898 0.801198 0 0
0.909486 0.819127 0 0
0.844368 0.823654 0 0
0.913458 0.8325 0 0
0.904254 0.840577 0 0
0.884784 0.848654 0 0
0.889983 0.856731 0 0
0.852403 0.864808 0 0
0.857373 0.872888 0 0
0.838632 0.880969 0 0
0.781546 0.885207 0 0
0.776341 0.893299 0 0
0.767429 0.901391 0 0
0.729359 0.909482 0 0
0.70645 0.917589 0 0
0.688582 0.925725 0 0
0.680877 0.93395 0 0
0.652282 0.942175 0 0
0.646454 0.950547 0 0
0.630578 0.958772 0 0
0.609706 0.966997 0 0
0.5974 0.975222 0 0
0.594586 0.983447 0 0
0.633209 0.991672 0 0
0.602234 0.999896 0 0
0.589253 1.00812 0 0
0.596562 1.01635 0 0
0.595122 1.02457 0 0
0.618083 1.0328 0 0
0.638186 1.04102 0 0
0.639373 1.04925 0 0
0.643607 1.05747 0 0
0.673979 1.0657 0 0
0.692931 1.07392 0 0
0.71185 1.08214 0 0
0.732102 1.09037 0 0
0.794534 1.09667 0 0
0.804871 1.1049 0 0
0.808699 1.11312 0 0
0.582384 1.12268 0 0
0.687643 1.13257 0 0
0.878312 1.1425 0 0
0.787371 1.15748 0 0
0.900175 1.17226 0 0
0.912826 1.18722 0 0
0.894607 1.20217 0 0
0.894432 1.21713 0 0
0.683175 1.22753 0 0
0.645266 1.24258 0 0
0.640841 1.25766 0 0
0.642262 1.27278 0 0
0.626165 1.28803 0 0
0.642799 1.30337 0 0
0.665448 1.31886 0 0
0.669836 1.33439 0 0
0.722098 1.35031 0 0
0.741873 1.36738 0 0
0.795877 1.38638 0 0
0.82882 1.40345 0 0
0.851038 1.42067 0 0
0.856864 1.43788 0 0
0.881483 1.45496 0 0
0.872905 1.48203 0 0
0.908498 1.51102 0 0
0.933976 1.54001 0 0
0.921722 1.56709 0 0
0.934296 1.59416 0 0
0.947883 1.62123 0 0
0.979373 1.6483 0 0
0.935968 1.67537 0 0
0.977976 1.70244 0 0
0.99494 1.72951 0 0
0.965119 1.75658 0 0
0.973863 1.78365 0 0
0.961195 1.81072 0 0
0.978165 1.8378 0 0
0.987144 1.86501 0 0
0 0 0 0
-0.0563062 0.681805 0 0
-0.194963 0.996376 0 0
-0.127484 1.31287 0 0
-0.0533297 1.62936 0 0
-0.0418112 0.0689349 0 0
-0.0440835 0.0710059 0 0
-0.0427055 0.0731657 0 0
-0.0434192 0.0750888 0 0
-0.0408929 0.0769231 0 0
-0.0409101 0.0786985 0 0
-0.0391458 0.0816269 0 0
-0.0682006 0.0761948 0 0
-0.0320038 0.0750216 0 0
-0.0210937 0.0730888 0 0
-0.0104555 0.0711602 0 0
-0.00180361 0.0692331 0 0
0.00616355 0.0673077 0 0
0.0149571 0.0653875 0 0
0.0183505 0.0634689 0 0
0.0213188 0.0577071 0 0
0.0221758 0.0557988 0 0
0.0181558 0.0538905 0 0
0.016302 0.0519822 0 0
0.015119 0.0500888 0 0
0.0161992 0.0482248 0 0
0.0155863 0.0464497 0 0
0.0128929 0.0446745 0 0
0.00934492 0.0430473 0 0
0.00909838 0.0412722 0 0
0.00561774 0.0394971 0 0
0.00333735 0.0377219 0 0
0.00307498 0.0359468 0 0
0.0041115 0.0341716 0 0
0.00460457 0.0323965 0 0
0.00387727 0.0306213 0 0
0.00243578 0.0288462 0 0
0.0101555 0.027071 0 0
0.0132288 0.0252958 0 0
0.0156013 0.0235207 0 0
0.0213819 0.0217455 0 0
0.0241398 0.0199704 0 0
0.0315285 0.0181952 0 0
0.0369202 0.0164202 0 0
0.0430286 0.014645 0 0
0.0504645 0.0128698 0 0
0.0686665 0.00917162 0 0
0.0775177 0.00739645 0 0
0.0793754 0.0056213 0 0
-0.172548 0.00517752 0 0
-0.0948308 0.00506805 0 0
0.0775223 0.005 0 0
-0.043321 0.00497781 0 0
0.0588363 0.00476332 0 0
0.0429514 0.00471894 0 0
0.018151 0.00467455 0 0
-0.00702232 0.00463018 0 0
-0.249822 2.95858e-05 0 0
-0.307381 8.284e-05 0 0
-0.319995 0.000155325 0 0
-0.336395 0.000281065 0 0
-0.352037 0.000532545 0 0
-0.350151 0.000872785 0 0
-0.334618 0.00136095 0 0
-0.331927 0.00189349 0 0
-0.28949 0.00281065 0 0
-0.273902 0.00488165 0 0
-0.199185 0.00887577 0 0
-0.183735 0.0109468 0 0
-0.169296 0.0131657 0 0
-0.158745 0.0153846 0 0
-0.138092 0.0174556 0 0
-0.138848 0.0195266 0 0
-0.120535 0.0235207 0 0
-0.0979885 0.0275148 0 0
-0.0858769 0.0295858 0 0
-0.071983 0.0316568 0 0
-0.0616997 0.0337278 0 0
-0.049442 0.0357988 0 0
-0.04332 0.0378698 0 0
-0.0407195 0.0399408 0 0
-0.0394515 0.0420118 0 0
-0.0389825 0.0440828 0 0
-0.0396895 0.0461538 0 0
-0.0396595 0.0482248 0 0
-0.0403692 0.0502958 0 0
-0.0415755 0.0525148 0 0
-0.0413328 0.0547337 0 0
-0.0417354 0.0568048 0 0
-0.0420535 0.0588758 0 0
-0.0421886 0.0628698 0 0
-0.042172 0.0668639 0 0
-0.0418112 0.0689349 0 0
-0.0440835 0.0710059 0 0
-0.0427055 0.0731657 0 0
-0.0434192 0.0750888 0 0
-0.0408929 0.0769231 0 0
-0.0409101 0.0786985 0 0
-0.0391458 0.0816269 0 0
-0.0682006 0.0761948 0 0
-0.0320038 0.0750216 0 0
-0.0210937 0.0730888 0 0
-0.0104555 0.0711602 0 0
-0.00180361 0.0692331 0 0
0.00616355 0.0673077 0 0
0.0149571 0.0653875 0 0
0.0183505 0.0634689 0 0
0.0213188 0.0577071 0 0
0.0221758 0.0557988 0 0
0.0181558 0.0538905 0 0
0.016302 0.0519822 0 0
0.015119 0.0500888 0 0
0.0161992 0.0482248 0 0
0.0155863 0.0464497 0 0
0.0128929 0.0446745 0 0
0.00934492 0.0430473 0 0
0.00909838 0.0412722 0 0
0.00561774 0.0394971 0 0
0.00333735 0.0377219 0 0
0.00307498 0.0359468 0 0
0.0041115 0.0341716 0 0
0.00460457 0.0323965 0 0
0.00387727 0.0306213 0 0
0.00243578 0.0288462 0 0
0.0101555 0.027071 0 0
0.0132288 0.0252958 0 0
0.0156013 0.0235207 0 0
0.0213819 0.0217455 0 0
0.0241398 0.0199704 0 0
0.0315285 0.0181952 0 0
0.0369202 0.0164202 0 0
0.0430286 0.014645 0 0
0.0504645 0.0128698 0 0
0.0686665 0.00917162 0 0
0.0775177 0.00739645 0 0
0.0793754 0.0056213 0 0
-0.172548 0.00517752 0 0
-0.0948308 0.00506805 0 0
0.0775223 0.005 0 0
-0.043321 0.00497781 0 0
0.0588363 0.00476332 0 0
0.0429514 0.00471894 0 0
0.018151 0.00467455 0 0
-0.00702232 0.00463018 0 0
-0.249822 2.95858e-05 0 0
-0.307381 8.284e-05 0 0
-0.319995 0.000155325 0 0
-0.336395 0.000281065 0 0
-0.352037 0.000532545 0 0
-0.350151 0.000872785 0 0
-0.334618 0.00136095 0 0
-0.331927 0.00189349 0 0
-0.28949 0.00281065 0 0
-0.273902 0.00488165 0 0
-0.199185 0.00887577 0 0
-0.183735 0.0109468 0 0
-0.169296 0.0131657 0 0
-0.158745 0.0153846 0 0
-0.138092 0.0174556 0 0
-0.138848 0.0195266 0 0
-0.120535 0.0235207 0 0
-0.0979885 0.0275148 0 0
-0.0858769 0.0295858 0 0
-0.071983 0.0316568 0 0
-0.0616997 0.0337278 0 0
-0.049442 0.0357988 0 0
-0.04332 0.0378698 0 0
-0.0407195 0.0399408 0 0
-0.0394515 0.0420118 0 0
-0.0389825 0.0440828 0 0
-0.0396895 0.0461538 0 0
-0.0396595 0.0482248 0 0
-0.0403692 0.0502958 0 0
-0.0415755 0.0525148 0 0
-0.0413328 0.0547337 0 0
-0.0417354 0.0568048 0 0
-0.0420535 0.0588758 0 0
-0.0421886 0.0628698 0 0
-0.042172 0.0668639 0 0
-0.0418112 0.0689349 0 0
-0.0440835 0.0710059 0 0
-0.0427055 0.0731657 0 0
-0.0434192 0.0750888 0 0
-0.0408929 0.0769231 0 0
-0.0409101 0.0786985 0 0
-0.0391458 0.0816269 0 0
-0.0682006 0.0761948 0 0
-0.0320038 0.0750216 0 0
-0.0210937 0.0730888 0 0
-0.0104555 0.0711602 0 0
-0.00180361 0.0692331 0 0
0.00616355 0.0673077 0 0
0.0149571 0.0653875 0 0
0.0183505 0.0634689 0 0
0.0213188 0.0577071 0 0
0.0221758 0.0557988 0 0
0.0181558 0.0538905 0 0
0.016302 0.0519822 0 0
0.015119 0.0500888 0 0
0.0161992 0.0482248 0 0
0.0155863 0.0464497 0 0
0.0128929 0.0446745 0 0
0.00934492 0.0430473 0 0
0.00909838 0.0412722 0 0
0.00561774 0.0394971 0 0
0.00333735 0.0377219 0 0
0.00307498 0.0359468 0 0
0.0041115 0.0341716 0 0
0.00460457 0.0323965 0 0
0.00387727 0.0306213 0 0
0.00243578 0.0288462 0 0
0.0101555 0.027071 0 0
0.0132288 0.0252958 0 0
0.0156013 0.0235207 0 0
0.0213819 0.0217455 0 0
0.0241398 0.0199704 0 0
0.0315285 0.0181952 0 0
0.0369202 0.0164202 0 0
0.0430286 0.014645 0 0
0.0504645 0.0128698 0 0
0.0686665 0.00917162 0 0
0.0775177 0.00739645 0 0
0.0793754 0.0056213 0 0
-0.172548 0.00517752 0 0
-0.0948308 0.00506805 0 0
0.0775223 0.005 0 0
-0.043321 0.00497781 0 0
0.0588363 0.00476332 0 0
0.0429514 0.00471894 0 0
0.018151 0.00467455 0 0
-0.00702232 0.00463018 0 0
13
