0 0 0 0
0 0.8 0 0
0 1.06174 0 0.00826
0 0 0 0
0 0 0 0
0.197194 0 0 0
-0.249526 0.0005 0 0
-0.466962 0.00125 0 0
-0.721872 0.0025 0 0
-1.07332 0.005 0 0
-1.19679 0.0075 0 0
-1.36282 0.01 0 0
-1.43283 0.015 0 0
-1.46878 0.025 0 0
-1.47494 0.05 0 0
-1.45495 0.1 0 0
-1.44939 0.125 0 0
-1.46084 0.15 0 0
-1.4958 0.175 0 0
-1.50086 0.2 0 0
-1.52139 0.225 0 0
-1.53537 0.275 0 0
-1.50331 0.325 0 0
-1.48894 0.35 0 0
-1.43963 0.375 0 0
-1.41159 0.4 0 0
-1.36212 0.425 0 0
-1.31435 0.45 0 0
-1.21438 0.475 0 0
-1.09159 0.5 0 0
-1.00195 0.525 0 0
-0.909008 0.55 0 0
-0.85304 0.575 0 0
-0.780258 0.6 0 0
-0.692516 0.625 0 0
-0.646638 0.65 0 0
-0.577886 0.675 0 0
-0.51306 0.7 0 0
-0.397482 0.75 0 0
-0.292802 0.8 0 0
-0.242094 0.825 0 0
-0.200064 0.85 0 0
-0.148144 0.875 0 0
-0.110796 0.9 0 0
-0.059292 0.925 0 0
-0.008848 0.95 0 0
0.110138 0.99 0 0
0 0 0 0
0.495658 0 0 0
0.813158 0.0005 0 0
0.949926 0.00125 0 0
1.00875 0.0025 0 0
1.02129 0.005 0 0
0.993564 0.0075 0 0
0.932704 0.01 0 0
0.776334 0.015 0 0
0.651898 0.025 0 0
0.503148 0.05 0 0
0.333414 0.075 0 0
0.113262 0.125 0 0
0.039368 0.15 0 0
-0.025684 0.175 0 0
-0.068456 0.2 0 0
-0.13614 0.225 0 0
-0.174306 0.25 0 0
-0.191904 0.275 0 0
-0.188984 0.3 0 0
-0.197188 0.325 0 0
-0.238416 0.35 0 0
-0.216178 0.375 0 0
-0.19474 0.4 0 0
-0.18025 0.425 0 0
-0.157662 0.45 0 0
-0.129974 0.475 0 0
-0.103214 0.5 0 0
-0.075756 0.525 0 0
0.042018 0.55 0 0
0.065986 0.575 0 0
0.10325 0.6 0 0
0.148182 0.625 0 0
0.178168 0.65 0 0
0.215782 0.675 0 0
0.263922 0.7 0 0
0.302562 0.725 0 0
0.329796 0.75 0 0
0.387964 0.825 0 0
0.406196 0.85 0 0
0.399144 0.875 0 0
0.393226 0.9 0 0
0.376576 0.925 0 0
0.328336 0.95 0 0
0.289342 0.975 0 0
0.161544 0.99 0 0
0 0 0 0
1.01839 0.0625 0 0
1.01895 0.0875 0 0
1.01712 0.1125 0 0
1.01948 0.1375 0 0
1.01987 0.1625 0 0
1.01455 0.1875 0 0
1.02178 0.2125 0 0
1.02035 0.2375 0 0
1.01874 0.2625 0 0
1.02133 0.2875 0 0
1.01582 0.3125 0 0
1.02033 0.3375 0 0
1.02057 0.3625 0 0
1.02312 0.3875 0 0
1.0223 0.4125 0 0
1.01901 0.4375 0 0
1.02164 0.4525 0 0
1.01849 0.4675 0 0
1.01845 0.4825 0 0
1.02187 0.4975 0 0
1.01886 0.5125 0 0
1.01852 0.5275 0 0
1.00386 0.5425 0 0
1.02271 0.5575 0 0
1.01662 0.5725 0 0
1.02174 0.5875 0 0
1.02067 0.6025 0 0
1.02053 0.6175 0 0
1.02114 0.6325 0 0
1.01648 0.6475 0 0
1.01847 0.6625 0 0
1.01741 0.6775 0 0
1.01866 0.6925 0 0
1.00867 0.7075 0 0
1.01619 0.7225 0 0
1.01623 0.7375 0 0
1.00283 0.7475 0 0
1.01397 0.7575 0 0
1.01611 0.7675 0 0
1.00906 0.7775 0 0
1.01488 0.7875 0 0
1.01457 0.7975 0 0
1.021 0.8075 0 0
1.01899 0.8175 0 0
1.01215 0.8275 0 0
1.01482 0.8375 0 0
1.01958 0.8475 0 0
1.01747 0.8575 0 0
1.01286 0.8675 0 0
1.0129 0.8775 0 0
0.994298 0.8875 0 0
0.94643 0.8975 0 0
0.892976 0.9075 0 0
0.84829 0.9175 0 0
0.843896 0.9275 0 0
0.879556 0.9375 0 0
0.930672 0.9475 0 0
0.988198 0.9575 0 0
1.00705 0.9675 0 0
1.01233 0.9775 0 0
1.01664 0.9875 0 0
1.0098 0.9975 0 0
1.01728 1.0075 0 0
1.01888 1.0175 0 0
1.0083 1.0275 0 0
1.00846 1.0375 0 0
1.01494 1.0475 0 0
1.01081 1.0575 0 0
1.01321 1.0675 0 0
1.01298 1.0775 0 0
1.01924 1.0875 0 0
1.01465 1.0975 0 0
1.01038 1.1075 0 0
1.00972 1.1175 0 0
1.01274 1.1275 0 0
1.01155 1.1375 0 0
1.01615 1.1525 0 0
1.01358 1.1675 0 0
1.0143 1.1825 0 0
1.01106 1.1975 0 0
1.01091 1.2125 0 0
1.01398 1.2275 0 0
1.01453 1.2425 0 0
1.01556 1.2575 0 0
1.01611 1.2725 0 0
1.01214 1.2875 0 0
1.01412 1.3025 0 0
1.0157 1.3175 0 0
1.0134 1.3325 0 0
1.01459 1.3475 0 0
1.0149 1.3625 0 0
1.00787 1.3775 0 0
1.01299 1.3925 0 0
1.014 1.4075 0 0
1.01321 1.4225 0 0
1.01554 1.4375 0 0
1.01379 1.4625 0 0
1.02002 1.4875 0 0
1.01977 1.5125 0 0
1.01438 1.5375 0 0
1.0129 1.5625 0 0
1.01541 1.5875 0 0
1.01983 1.6125 0 0
0.994242 1.6375 0 0
1.01697 1.6625 0 0
1.02028 1.6875 0 0
1.00894 1.7125 0 0
1.01334 1.7375 0 0
1.0106 1.7625 0 0
1.01632 1.7875 0 0
1.01852 1.8125 0 0
0 0 0 0
0.014888 0.625 0 0
-0.027432 0.9375 0 0
-0.050288 1.25 0 0
0.004178 1.5625 0 0
5
