0 0 0 0
0 1.25 0 0
0 1.17835 0 0.009125
0 0 0 0
0 0 0 0
-0.122565 0 0 0
-0.630305 0.0005 0 0
-0.858043 0.00125 0 0
-1.12308 0.0025 0 0
-1.48164 0.005 0 0
-1.59807 0.0075 0 0
-1.73988 0.01 0 0
-1.79001 0.015 0 0
-1.7771 0.025 0 0
-1.74497 0.05 0 0
-1.64586 0.1 0 0
-1.6136 0.125 0 0
-1.60741 0.15 0 0
-1.62938 0.175 0 0
-1.63341 0.2 0 0
-1.63303 0.225 0 0
-1.63059 0.275 0 0
-1.58443 0.325 0 0
-1.56431 0.35 0 0
-1.5125 0.375 0 0
-1.48241 0.4 0 0
-1.43317 0.425 0 0
-1.29421 0.45 0 0
-1.20533 0.475 0 0
-1.1486 0.5 0 0
-1.04534 0.525 0 0
-0.94317 0.55 0 0
-0.881223 0.575 0 0
-0.803025 0.6 0 0
-0.712427 0.625 0 0
-0.662237 0.65 0 0
-0.590975 0.675 0 0
-0.523998 0.7 0 0
-0.402617 0.75 0 0
-0.294077 0.8 0 0
-0.242398 0.825 0 0
-0.197938 0.85 0 0
-0.144742 0.875 0 0
-0.105055 0.9 0 0
-0.05191 0.925 0 0
-0.002005 0.95 0 0
0.10936 0.99 0 0
0 0 0 0
0.231965 0 0 0
0.645517 0.0005 0 0
0.849483 0.00125 0 0
0.960205 0.0025 0 0
1.00849 0.005 0 0
1.01882 0.0075 0 0
0.986265 0.01 0 0
0.86779 0.015 0 0
0.754242 0.025 0 0
0.61089 0.05 0 0
0.44076 0.075 0 0
0.21133 0.125 0 0
0.13272 0.15 0 0
0.064175 0.175 0 0
0.017585 0.2 0 0
-0.0539675 0.225 0 0
-0.0946275 0.25 0 0
-0.117915 0.275 0 0
-0.120097 0.3 0 0
-0.13162 0.325 0 0
-0.17614 0.35 0 0
-0.157272 0.375 0 0
-0.13989 0.4 0 0
-0.12908 0.425 0 0
-0.109625 0.45 0 0
-0.08372 0.475 0 0
-0.05502 0.5 0 0
-0.0315 0.525 0 0
0.0612475 0.55 0 0
0.0999125 0.575 0 0
0.131233 0.6 0 0
0.172898 0.625 0 0
0.200262 0.65 0 0
0.23536 0.675 0 0
0.28208 0.7 0 0
0.31861 0.725 0 0
0.344412 0.75 0 0
0.399325 0.825 0 0
0.416473 0.85 0 0
0.408288 0.875 0 0
0.401662 0.9 0 0
0.382613 0.925 0 0
0.333118 0.95 0 0
0.290168 0.975 0 0
0.149482 0.99 0 0
0 0 0 0
1.01839 0.0625 0 0
1.01846 0.0875 0 0
1.01746 0.1125 0 0
1.01998 0.1375 0 0
1.01941 0.1625 0 0
1.01422 0.1875 0 0
1.0209 0.2125 0 0
1.01892 0.2375 0 0
1.01874 0.2625 0 0
1.02043 0.2875 0 0
1.01556 0.3125 0 0
1.01972 0.3375 0 0
1.01995 0.3625 0 0
1.02223 0.3875 0 0
1.0219 0.4125 0 0
1.01794 0.4375 0 0
1.02033 0.4525 0 0
1.01836 0.4675 0 0
1.01715 0.4825 0 0
1.02177 0.4975 0 0
1.01728 0.5125 0 0
1.01761 0.5275 0 0
1.00391 0.5425 0 0
1.02221 0.5575 0 0
1.01566 0.5725 0 0
1.0209 0.5875 0 0
1.01864 0.6025 0 0
1.02049 0.6175 0 0
1.01985 0.6325 0 0
1.01461 0.6475 0 0
1.01835 0.6625 0 0
1.01682 0.6775 0 0
1.01797 0.6925 0 0
1.00762 0.7075 0 0
1.01605 0.7225 0 0
1.01569 0.7375 0 0
1.00249 0.7475 0 0
1.01345 0.7575 0 0
1.01527 0.7675 0 0
1.00868 0.7775 0 0
1.01374 0.7875 0 0
1.01297 0.7975 0 0
1.02021 0.8075 0 0
1.01864 0.8175 0 0
1.01122 0.8275 0 0
1.01438 0.8375 0 0
1.01849 0.8475 0 0
1.01071 0.8575 0 0
0.989455 0.8675 0 0
0.953053 0.8775 0 0
0.902658 0.8875 0 0
0.85704 0.8975 0 0
0.84512 0.9075 0 0
0.864012 0.9175 0 0
0.906367 0.9275 0 0
0.956997 0.9375 0 0
0.98932 0.9475 0 0
1.0189 0.9575 0 0
1.0178 0.9675 0 0
1.01399 0.9775 0 0
1.01584 0.9875 0 0
1.0114 0.9975 0 0
1.01764 1.0075 0 0
1.01843 1.0175 0 0
1.00788 1.0275 0 0
1.00932 1.0375 0 0
1.01566 1.0475 0 0
1.01106 1.0575 0 0
1.01286 1.0675 0 0
1.01271 1.0775 0 0
1.01815 1.0875 0 0
1.01445 1.0975 0 0
1.00962 1.1075 0 0
1.0105 1.1175 0 0
1.01204 1.1275 0 0
1.01143 1.1375 0 0
1.0161 1.1525 0 0
1.01345 1.1675 0 0
1.01373 1.1825 0 0
1.01109 1.1975 0 0
1.01127 1.2125 0 0
1.01338 1.2275 0 0
1.01389 1.2425 0 0
1.01545 1.2575 0 0
1.0161 1.2725 0 0
1.01201 1.2875 0 0
1.01402 1.3025 0 0
1.01489 1.3175 0 0
1.01335 1.3325 0 0
1.01394 1.3475 0 0
1.01414 1.3625 0 0
1.0078 1.3775 0 0
1.01314 1.3925 0 0
1.01335 1.4075 0 0
1.01263 1.4225 0 0
1.01494 1.4375 0 0
1.01412 1.4625 0 0
1.01982 1.4875 0 0
1.02031 1.5125 0 0
1.01491 1.5375 0 0
1.01379 1.5625 0 0
1.01415 1.5875 0 0
1.01972 1.6125 0 0
0.99484 1.6375 0 0
1.01663 1.6625 0 0
1.0202 1.6875 0 0
1.00944 1.7125 0 0
1.01397 1.7375 0 0
1.01042 1.7625 0 0
1.01694 1.7875 0 0
1.01912 1.8125 0 0
0 0 0 0
0.0204825 0.625 0 0
-0.02208 0.9375 0 0
-0.0482425 1.25 0 0
0.00436 1.5625 0 0
4
