-2.28621 0 0 0
-3.00492 0.0005 0 0
-3.20131 0.00125 0 0
-3.44003 0.0025 0 0
-3.72822 0.005 0 0
-3.75095 0.0075 0 0
-3.69302 0.01 0 0
-3.72026 0.015 0 0
-3.25343 0.025 0 0
-3.0004 0.05 0 0
-2.30008 0.1 0 0
-2.14521 0.125 0 0
-2.02116 0.15 0 0
-1.94056 0.175 0 0
-1.71124 0.2 0 0
-1.76822 0.225 0 0
-1.59778 0.275 0 0
-1.38846 0.325 0 0
-1.27954 0.35 0 0
-1.13631 0.375 0 0
-1.03471 0.4 0 0
-0.860496 0.425 0 0
-0.708949 0.45 0 0
-0.58471 0.475 0 0
-0.493956 0.5 0 0
-0.447323 0.525 0 0
-0.442203 0.55 0 0
-0.437138 0.575 0 0
-0.443693 0.6 0 0
-0.461683 0.625 0 0
-0.460686 0.65 0 0
-0.469782 0.675 0 0
-0.473909 0.7 0 0
-0.483446 0.75 0 0
-0.488844 0.8 0 0
-0.484806 0.825 0 0
-0.512686 0.85 0 0
-0.496475 0.875 0 0
-0.504493 0.9 0 0
-0.505517 0.925 0 0
-0.515346 0.95 0 0
-0.508657 0.99 0 0
-0.516014 0.99 0 0
-0.0583 0.975 0 0
0.0648307 0.95 0 0
0.186887 0.925 0 0
0.23981 0.9 0 0
0.266314 0.875 0 0
0.30013 0.85 0 0
0.292496 0.825 0 0
0.284714 0.75 0 0
0.273074 0.725 0 0
0.246361 0.7 0 0
0.168774 0.675 0 0
0.104268 0.65 0 0
0.11711 0.625 0 0
0.114917 0.6 0 0
0.0886157 0.575 0 0
0.05872 0.55 0 0
0.0595979 0.525 0 0
0.0179957 0.5 0 0
-0.00970643 0.475 0 0
-0.0123686 0.45 0 0
0.000297143 0.425 0 0
0.00746571 0.4 0 0
-0.00400357 0.375 0 0
-0.0230479 0.35 0 0
0.0820086 0.325 0 0
0.116209 0.3 0 0
0.142566 0.275 0 0
0.214709 0.25 0 0
0.248471 0.225 0 0
0.342439 0.2 0 0
0.40788 0.175 0 0
0.483299 0.15 0 0
0.580484 0.125 0 0
0.824446 0.075 0 0
0.958109 0.05 0 0
1.01381 0.025 0 0
1.02841 0.015 0 0
0.865247 0.01 0 0
0.716949 0.0075 0 0
0.457923 0.005 0 0
0.187306 0.0025 0 0
-0.211037 0.00125 0 0
-0.784734 0.0005 0 0
-1.68009 0 0 0
-2.55251 0.000357143 0 0
-3.27285 0.00103571 0 0
-3.4651 0.00196429 0 0
-3.70576 0.00357143 0 0
-3.96061 0.00678571 0 0
-3.96527 0.0110714 0 0
-3.85732 0.0171429 0 0
-3.87348 0.0239286 0 0
-3.39779 0.0357143 0 0
-3.13901 0.0625 0 0
-2.42231 0.114286 0 0
-2.27151 0.141071 0 0
-2.13529 0.169643 0 0
-2.03974 0.198214 0 0
-1.80263 0.225 0 0
-1.84938 0.251786 0 0
-1.67169 0.303571 0 0
-1.44992 0.355357 0 0
-1.33018 0.382143 0 0
-1.17808 0.408929 0 0
-1.06999 0.435714 0 0
-0.892447 0.4625 0 0
-0.740535 0.489286 0 0
-0.615934 0.516071 0 0
-0.525648 0.542857 0 0
-0.4803 0.569643 0 0
-0.475109 0.596429 0 0
-0.470694 0.623214 0 0
-0.477544 0.65 0 0
-0.496215 0.678571 0 0
-0.495603 0.707143 0 0
-0.504411 0.733929 0 0
-0.51053 0.760714 0 0
-0.518908 0.8125 0 0
-0.52488 0.864286 0 0
-0.520915 0.891071 0 0
-0.549497 0.917857 0 0
-0.532808 0.945714 0 0
-0.541351 0.970714 0 0
-0.509681 0.994643 0 0
-0.510716 1.01786 0 0
-0.495308 1.05607 0 0
-0.516014 0.99 0 0
-0.0583 0.975 0 0
0.0648307 0.95 0 0
0.186887 0.925 0 0
0.23981 0.9 0 0
0.146307 0.875 0 0
0.244078 0.850036 0 0
0.277422 0.825089 0 0
0.298093 0.750179 0 0
0.305782 0.725357 0 0
0.297571 0.700536 0 0
0.230577 0.675714 0 0
0.177726 0.651071 0 0
0.189525 0.626786 0 0
0.183353 0.603571 0 0
0.147505 0.580357 0 0
0.100183 0.558929 0 0
0.0941192 0.535714 0 0
0.04713 0.5125 0 0
0.0147535 0.489286 0 0
0.00537936 0.466071 0 0
0.0156335 0.442857 0 0
0.017649 0.419643 0 0
0.00429707 0.396429 0 0
-0.0171901 0.373214 0 0
0.0803623 0.35 0 0
0.115923 0.326786 0 0
0.143099 0.303571 0 0
0.214731 0.280357 0 0
0.247588 0.257143 0 0
0.341745 0.233929 0 0
0.409165 0.210714 0 0
0.487556 0.1875 0 0
0.584678 0.164286 0 0
0.830776 0.116071 0 0
0.966317 0.0928571 0 0
1.02218 0.0696429 0 0
-1.66107 0.0625 0 0
1.03585 0.0614286 0 0
-0.763296 0.0612143 0 0
-0.190145 0.0601786 0 0
0.877302 0.0582143 0 0
0.734546 0.0575 0 0
0.477428 0.0567857 0 0
0.207643 0.0560714 0 0
-2.55251 0.000357143 0 0
-3.27285 0.00103571 0 0
-3.4651 0.00196429 0 0
-3.70576 0.00357143 0 0
-3.96061 0.00678571 0 0
-3.96527 0.0110714 0 0
-3.85732 0.0171429 0 0
-3.87348 0.0239286 0 0
-3.39779 0.0357143 0 0
-3.13901 0.0625 0 0
-2.42231 0.114286 0 0
-2.27151 0.141071 0 0
-2.13529 0.169643 0 0
-2.03974 0.198214 0 0
-1.80263 0.225 0 0
-1.84938 0.251786 0 0
-1.67169 0.303571 0 0
-1.44992 0.355357 0 0
-1.33018 0.382143 0 0
-1.17808 0.408929 0 0
-1.06999 0.435714 0 0
-0.892447 0.4625 0 0
-0.740535 0.489286 0 0
-0.615934 0.516071 0 0
-0.525648 0.542857 0 0
-0.4803 0.569643 0 0
-0.475109 0.596429 0 0
-0.470694 0.623214 0 0
-0.477544 0.65 0 0
-0.496215 0.678571 0 0
-0.495603 0.707143 0 0
-0.504411 0.733929 0 0
-0.51053 0.760714 0 0
-0.518908 0.8125 0 0
-0.52488 0.864286 0 0
-0.520915 0.891071 0 0
-0.549497 0.917857 0 0
-0.532808 0.945714 0 0
-0.541351 0.970714 0 0
-0.509681 0.994643 0 0
-0.510716 1.01786 0 0
-0.495308 1.05607 0 0
-0.798915 0.990485 0 0
-0.322997 0.975255 0 0
-0.182676 0.95014 0 0
-0.0468879 0.925074 0 0
0.0574879 0.900026 0 0
0.146307 0.875 0 0
0.244078 0.850036 0 0
0.277422 0.825089 0 0
0.298093 0.750179 0 0
0.305782 0.725357 0 0
0.297571 0.700536 0 0
0.230577 0.675714 0 0
0.177726 0.651071 0 0
0.189525 0.626786 0 0
0.183353 0.603571 0 0
0.147505 0.580357 0 0
0.100183 0.558929 0 0
0.0941192 0.535714 0 0
0.04713 0.5125 0 0
0.0147535 0.489286 0 0
0.00537936 0.466071 0 0
0.0156335 0.442857 0 0
0.017649 0.419643 0 0
0.00429707 0.396429 0 0
-0.0171901 0.373214 0 0
0.0803623 0.35 0 0
0.115923 0.326786 0 0
0.143099 0.303571 0 0
0.214731 0.280357 0 0
0.247588 0.257143 0 0
0.341745 0.233929 0 0
0.409165 0.210714 0 0
0.487556 0.1875 0 0
0.584678 0.164286 0 0
0.830776 0.116071 0 0
0.966317 0.0928571 0 0
1.02218 0.0696429 0 0
-1.66107 0.0625 0 0
1.03585 0.0614286 0 0
-0.763296 0.0612143 0 0
-0.190145 0.0601786 0 0
0.877302 0.0582143 0 0
0.734546 0.0575 0 0
0.477428 0.0567857 0 0
0.207643 0.0560714 0 0
-2.55251 0.000357143 0 0
-3.27285 0.00103571 0 0
-3.4651 0.00196429 0 0
-3.70576 0.00357143 0 0
-3.96061 0.00678571 0 0
-3.96527 0.0110714 0 0
-3.85732 0.0171429 0 0
-3.87348 0.0239286 0 0
-3.39779 0.0357143 0 0
-3.13901 0.0625 0 0
-2.42231 0.114286 0 0
-2.27151 0.141071 0 0
-2.13529 0.169643 0 0
-2.03974 0.198214 0 0
-1.80263 0.225 0 0
-1.84938 0.251786 0 0
-1.67169 0.303571 0 0
-1.44992 0.355357 0 0
-1.33018 0.382143 0 0
-1.17808 0.408929 0 0
-1.06999 0.435714 0 0
-0.892447 0.4625 0 0
-0.740535 0.489286 0 0
-0.615934 0.516071 0 0
-0.525648 0.542857 0 0
-0.4803 0.569643 0 0
-0.475109 0.596429 0 0
-0.470694 0.623214 0 0
-0.477544 0.65 0 0
-0.496215 0.678571 0 0
-0.495603 0.707143 0 0
-0.504411 0.733929 0 0
-0.51053 0.760714 0 0
-0.518908 0.8125 0 0
-0.52488 0.864286 0 0
-0.520915 0.891071 0 0
-0.549497 0.917857 0 0
-0.532808 0.945714 0 0
-0.541351 0.970714 0 0
-0.509681 0.994643 0 0
-0.510716 1.01786 0 0
-0.495308 1.05607 0 0
-0.798915 0.990485 0 0
-0.322997 0.975255 0 0
-0.182676 0.95014 0 0
-0.0468879 0.925074 0 0
0.0574879 0.900026 0 0
0.146307 0.875 0 0
0.244078 0.850036 0 0
0.277422 0.825089 0 0
0.298093 0.750179 0 0
0.305782 0.725357 0 0
0.297571 0.700536 0 0
0.230577 0.675714 0 0
0.177726 0.651071 0 0
0.189525 0.626786 0 0
0.183353 0.603571 0 0
0.147505 0.580357 0 0
0.100183 0.558929 0 0
0.0941192 0.535714 0 0
0.04713 0.5125 0 0
0.0147535 0.489286 0 0
0.00537936 0.466071 0 0
0.0156335 0.442857 0 0
0.017649 0.419643 0 0
0.00429707 0.396429 0 0
-0.0171901 0.373214 0 0
0.0803623 0.35 0 0
0.115923 0.326786 0 0
0.143099 0.303571 0 0
0.214731 0.280357 0 0
0.247588 0.257143 0 0
0.341745 0.233929 0 0
0.409165 0.210714 0 0
0.487556 0.1875 0 0
0.584678 0.164286 0 0
0.830776 0.116071 0 0
0.966317 0.0928571 0 0
1.02218 0.0696429 0 0
-1.66107 0.0625 0 0
1.03585 0.0614286 0 0
-0.763296 0.0612143 0 0
-0.190145 0.0601786 0 0
0.877302 0.0582143 0 0
0.734546 0.0575 0 0
0.477428 0.0567857 0 0
0.207643 0.0560714 0 0
-2.55251 0.000357143 0 0
-3.27285 0.00103571 0 0
-3.4651 0.00196429 0 0
-3.70576 0.00357143 0 0
-3.96061 0.00678571 0 0
-3.96527 0.0110714 0 0
-3.85732 0.0171429 0 0
-3.87348 0.0239286 0 0
-3.39779 0.0357143 0 0
-3.13901 0.0625 0 0
-2.42231 0.114286 0 0
-2.27151 0.141071 0 0
-2.13529 0.169643 0 0
-2.03974 0.198214 0 0
-1.80263 0.225 0 0
-1.84938 0.251786 0 0
-1.67169 0.303571 0 0
-1.44992 0.355357 0 0
-1.33018 0.382143 0 0
-1.17808 0.408929 0 0
-1.06999 0.435714 0 0
-0.892447 0.4625 0 0
-0.740535 0.489286 0 0
-0.615934 0.516071 0 0
-0.525648 0.542857 0 0
-0.4803 0.569643 0 0
-0.475109 0.596429 0 0
-0.470694 0.623214 0 0
-0.477544 0.65 0 0
-0.496215 0.678571 0 0
-0.495603 0.707143 0 0
-0.504411 0.733929 0 0
-0.51053 0.760714 0 0
-0.518908 0.8125 0 0
-0.52488 0.864286 0 0
-0.520915 0.891071 0 0
-0.549497 0.917857 0 0
-0.532808 0.945714 0 0
-0.541351 0.970714 0 0
-0.509681 0.994643 0 0
-0.510716 1.01786 0 0
-0.495308 1.05607 0 0
-0.798915 0.990485 0 0
-0.322997 0.975255 0 0
-0.182676 0.95014 0 0
-0.0468879 0.925074 0 0
0.0574879 0.900026 0 0
0.146307 0.875 0 0
0.244078 0.850036 0 0
0.277422 0.825089 0 0
0.298093 0.750179 0 0
0.305782 0.725357 0 0
0.297571 0.700536 0 0
0.230577 0.675714 0 0
0.177726 0.651071 0 0
0.189525 0.626786 0 0
0.183353 0.603571 0 0
0.147505 0.580357 0 0
0.100183 0.558929 0 0
0.0941192 0.535714 0 0
0.04713 0.5125 0 0
0.0147535 0.489286 0 0
0.00537936 0.466071 0 0
0.0156335 0.442857 0 0
0.017649 0.419643 0 0
0.00429707 0.396429 0 0
-0.0171901 0.373214 0 0
0.0803623 0.35 0 0
0.115923 0.326786 0 0
0.143099 0.303571 0 0
0.214731 0.280357 0 0
0.247588 0.257143 0 0
0.341745 0.233929 0 0
0.409165 0.210714 0 0
0.487556 0.1875 0 0
0.584678 0.164286 0 0
0.830776 0.116071 0 0
0.966317 0.0928571 0 0
1.02218 0.0696429 0 0
-1.66107 0.0625 0 0
1.03585 0.0614286 0 0
-0.763296 0.0612143 0 0
-0.190145 0.0601786 0 0
0.877302 0.0582143 0 0
0.734546 0.0575 0 0
0.477428 0.0567857 0 0
0.207643 0.0560714 0 0
-2.55251 0.000357143 0 0
-3.27285 0.00103571 0 0
-3.4651 0.00196429 0 0
-3.70576 0.00357143 0 0
-3.96061 0.00678571 0 0
-3.96527 0.0110714 0 0
-3.85732 0.0171429 0 0
-3.87348 0.0239286 0 0
-3.39779 0.0357143 0 0
-3.13901 0.0625 0 0
-2.42231 0.114286 0 0
-2.27151 0.141071 0 0
-2.13529 0.169643 0 0
-2.03974 0.198214 0 0
-1.80263 0.225 0 0
-1.84938 0.251786 0 0
-1.67169 0.303571 0 0
-1.44992 0.355357 0 0
-1.33018 0.382143 0 0
-1.17808 0.408929 0 0
-1.06999 0.435714 0 0
-0.892447 0.4625 0 0
-0.740535 0.489286 0 0
-0.615934 0.516071 0 0
-0.525648 0.542857 0 0
-0.4803 0.569643 0 0
-0.475109 0.596429 0 0
-0.470694 0.623214 0 0
-0.477544 0.65 0 0
-0.496215 0.678571 0 0
-0.495603 0.707143 0 0
-0.504411 0.733929 0 0
-0.51053 0.760714 0 0
-0.518908 0.8125 0 0
-0.52488 0.864286 0 0
-0.520915 0.891071 0 0
-0.549497 0.917857 0 0
-0.532808 0.945714 0 0
-0.541351 0.970714 0 0
-0.509681 0.994643 0 0
-0.510716 1.01786 0 0
-0.495308 1.05607 0 0
-0.798915 0.990485 0 0
-0.322997 0.975255 0 0
-0.182676 0.95014 0 0
-0.0468879 0.925074 0 0
0.0574879 0.900026 0 0
0.146307 0.875 0 0
0.244078 0.850036 0 0
0.277422 0.825089 0 0
0.298093 0.750179 0 0
0.305782 0.725357 0 0
0.297571 0.700536 0 0
0.230577 0.675714 0 0
0.177726 0.651071 0 0
0.189525 0.626786 0 0
0.183353 0.603571 0 0
0.147505 0.580357 0 0
0.100183 0.558929 0 0
0.0941192 0.535714 0 0
0.04713 0.5125 0 0
0.0147535 0.489286 0 0
0.00537936 0.466071 0 0
0.0156335 0.442857 0 0
0.017649 0.419643 0 0
0.00429707 0.396429 0 0
-0.0171901 0.373214 0 0
0.0803623 0.35 0 0
0.115923 0.326786 0 0
0.143099 0.303571 0 0
0.214731 0.280357 0 0
0.247588 0.257143 0 0
0.341745 0.233929 0 0
0.409165 0.210714 0 0
0.487556 0.1875 0 0
0.584678 0.164286 0 0
0.830776 0.116071 0 0
0.966317 0.0928571 0 0
1.02218 0.0696429 0 0
-1.66107 0.0625 0 0
1.03585 0.0614286 0 0
-0.763296 0.0612143 0 0
-0.190145 0.0601786 0 0
0.877302 0.0582143 0 0
0.734546 0.0575 0 0
0.477428 0.0567857 0 0
0.207643 0.0560714 0 0
