0 0 0 0
0 0.928571 0 0
-0.214637 1.35857 0 0.0821929
-0.228665 8.92857e-05 0 0
0 0 0 0
-2.55251 0.000357143 0 0
-3.27285 0.00103571 0 0
-3.4651 0.00196429 0 0
-3.70576 0.00357143 0 0
-3.96061 0.00678571 0 0
-3.96527 0.0110714 0 0
-3.85732 0.0171429 0 0
-3.87348 0.0239286 0 0
-3.39779 0.0357143 0 0
-3.13901 0.0625 0 0
-2.42231 0.114286 0 0
-2.27151 0.141071 0 0
-2.13529 0.169643 0 0
-2.03974 0.198214 0 0
-1.80263 0.225 0 0
-1.84938 0.251786 0 0
-1.67169 0.303571 0 0
-1.44992 0.355357 0 0
-1.33018 0.382143 0 0
-1.17808 0.408929 0 0
-1.06999 0.435714 0 0
-0.892447 0.4625 0 0
-0.740535 0.489286 0 0
-0.615934 0.516071 0 0
-0.525648 0.542857 0 0
-0.4803 0.569643 0 0
-0.475109 0.596429 0 0
-0.470694 0.623214 0 0
-0.477544 0.65 0 0
-0.496215 0.678571 0 0
-0.495603 0.707143 0 0
-0.504411 0.733929 0 0
-0.51053 0.760714 0 0
-0.518908 0.8125 0 0
-0.52488 0.864286 0 0
-0.520915 0.891071 0 0
-0.549497 0.917857 0 0
-0.532808 0.945714 0 0
-0.541351 0.970714 0 0
-0.509681 0.994643 0 0
-0.510716 1.01786 0 0
-0.495308 1.05607 0 0
0 0 0 0
-1.66107 0.0625 0 0
-0.763296 0.0612143 0 0
-0.190145 0.0601786 0 0
0.207643 0.0560714 0 0
0.477428 0.0567857 0 0
0.734546 0.0575 0 0
0.877302 0.0582143 0 0
1.03585 0.0614286 0 0
1.02218 0.0696429 0 0
0.966317 0.0928571 0 0
0.830776 0.116071 0 0
0.584678 0.164286 0 0
0.487556 0.1875 0 0
0.409165 0.210714 0 0
0.341745 0.233929 0 0
0.247588 0.257143 0 0
0.214731 0.280357 0 0
0.143099 0.303571 0 0
0.115923 0.326786 0 0
0.0803623 0.35 0 0
-0.0171901 0.373214 0 0
0.00429707 0.396429 0 0
0.017649 0.419643 0 0
0.0156335 0.442857 0 0
0.00537936 0.466071 0 0
0.0147535 0.489286 0 0
0.04713 0.5125 0 0
0.0941192 0.535714 0 0
0.100183 0.558929 0 0
0.147505 0.580357 0 0
0.183353 0.603571 0 0
0.189525 0.626786 0 0
0.177726 0.651071 0 0
0.230577 0.675714 0 0
0.297571 0.700536 0 0
0.305782 0.725357 0 0
0.298093 0.750179 0 0
0.277422 0.825089 0 0
0.244078 0.850036 0 0
0.146307 0.875 0 0
0.0574879 0.900026 0 0
-0.0468879 0.925074 0 0
-0.182676 0.95014 0 0
-0.322997 0.975255 0 0
-0.798915 0.990485 0 0
0 0 0 0
0.738604 0.0637245 0 0
0.745089 0.0892092 0 0
0.771053 0.115051 0 0
0.809608 0.141964 0 0
0.845117 0.170663 0 0
0.843631 0.197577 0 0
0.872961 0.224617 0 0
0.879221 0.251658 0 0
0.891016 0.278571 0 0
0.895839 0.305485 0 0
0.896445 0.334184 0 0
0.920628 0.362883 0 0
0.928453 0.389796 0 0
0.948734 0.416709 0 0
0.954871 0.443622 0 0
0.954742 0.470536 0 0
0.973523 0.487449 0 0
0.977096 0.504362 0 0
0.981087 0.521276 0 0
0.99717 0.538189 0 0
0.984435 0.555102 0 0
0.988082 0.572015 0 0
0.93099 0.588929 0 0
0.999602 0.605969 0 0
0.986743 0.62301 0 0
0.994014 0.639924 0 0
0.984912 0.656837 0 0
0.993853 0.675536 0 0
0.990506 0.694235 0 0
0.978089 0.711148 0 0
0.987341 0.728061 0 0
0.977589 0.745051 0 0
0.984002 0.761837 0 0
0.957914 0.778546 0 0
0.968075 0.795204 0 0
0.959634 0.812934 0 0
0.899553 0.818214 0 0
0.965477 0.827143 0 0
0.964386 0.835357 0 0
0.948735 0.843571 0 0
0.951481 0.851786 0 0
0.924934 0.86 0 0
0.932735 0.868217 0 0
0.908754 0.876435 0 0
0.851632 0.881084 0 0
0.84226 0.889311 0 0
0.830408 0.897538 0 0
0.788665 0.905765 0 0
0.763273 0.914005 0 0
0.736676 0.92227 0 0
0.728992 0.930612 0 0
0.701297 0.938954 0 0
0.694358 0.947424 0 0
0.68427 0.955765 0 0
0.667602 0.964107 0 0
0.672408 0.972449 0 0
0.677861 0.980791 0 0
0.722045 0.989133 0 0
0.696211 0.997474 0 0
0.684883 1.00582 0 0
0.702605 1.01416 0 0
0.704459 1.0225 0 0
0.732886 1.03084 0 0
0.753913 1.03918 0 0
0.760972 1.04753 0 0
0.773402 1.05587 0 0
0.812317 1.06421 0 0
0.829394 1.07255 0 0
0.85433 1.08089 0 0
0.869302 1.08923 0 0
0.924089 1.09579 0 0
0.938229 1.10413 0 0
0.945689 1.11247 0 0
0.775646 1.12196 0 0
0.989141 1.13189 0 0
0.877599 1.14187 0 0
0.958763 1.1568 0 0
1.03182 1.17166 0 0
1.0349 1.18661 0 0
1.01444 1.20156 0 0
1.00577 1.21651 0 0
0.825931 1.22753 0 0
0.781002 1.24257 0 0
0.769314 1.25764 0 0
0.759589 1.27276 0 0
0.726793 1.28798 0 0
0.736137 1.30329 0 0
0.746915 1.31872 0 0
0.741257 1.33421 0 0
0.780734 1.35005 0 0
0.800478 1.36696 0 0
0.828912 1.38566 0 0
0.855219 1.40258 0 0
0.868515 1.41962 0 0
0.873413 1.43666 0 0
0.893036 1.45357 0 0
0.881273 1.48048 0 0
0.911048 1.50918 0 0
0.927034 1.53788 0 0
0.912684 1.5648 0 0
0.923894 1.59171 0 0
0.933904 1.61862 0 0
0.965332 1.64554 0 0
0.92733 1.67245 0 0
0.975955 1.69936 0 0
0.998292 1.72628 0 0
0.971139 1.75319 0 0
0.981837 1.7801 0 0
0.968817 1.80702 0 0
0.986577 1.83393 0 0
0.991708 1.86097 0 0
0 0 0 0
-0.0324844 0.677423 0 0
-0.14513 0.991837 0 0
-0.103596 1.30804 0 0
-0.0467093 1.62423 0 0
-0.0372082 0.0636479 0 0
-0.0392498 0.0655612 0 0
-0.0380577 0.067551 0 0
-0.0386679 0.0693367 0 0
-0.0364058 0.0710459 0 0
-0.0364797 0.0727043 0 0
-0.0353791 0.0754336 0 0
-0.0570654 0.0707489 0 0
-0.0230712 0.0696611 0 0
-0.0130483 0.0678671 0 0
-0.00334914 0.0660767 0 0
0.00410628 0.0642876 0 0
0.0104505 0.0625 0 0
0.0174341 0.0607169 0 0
0.0198159 0.0589349 0 0
0.0212924 0.0535842 0 0
0.0218416 0.0518112 0 0
0.0212551 0.0500383 0 0
0.0164698 0.0482653 0 0
0.0126947 0.0465051 0 0
0.0135375 0.0447704 0 0
0.0130966 0.0431122 0 0
0.0105361 0.0414541 0 0
0.00715593 0.0399235 0 0
0.0067228 0.0382653 0 0
0.00336643 0.0366071 0 0
0.00105382 0.034949 0 0
0.00038424 0.0332908 0 0
0.00111668 0.0316326 0 0
0.00126064 0.0299745 0 0
0.000306934 0.0283164 0 0
-0.00122786 0.0266581 0 0
0.00574016 0.025 0 0
0.00828021 0.0233419 0 0
0.0102214 0.0216836 0 0
0.0153379 0.0200255 0 0
0.0176849 0.0183674 0 0
0.0244104 0.0167092 0 0
0.0292261 0.015051 0 0
0.0348254 0.0133929 0 0
0.0417627 0.0117347 0 0
0.0593411 0.00829079 0 0
0.0690226 0.00663265 0 0
0.0730129 0.00497449 0 0
-0.118648 0.00446429 0 0
0.0739893 0.00438776 0 0
-0.0545211 0.00437245 0 0
-0.0135818 0.00429847 0 0
0.0626644 0.00415816 0 0
0.0524676 0.00410714 0 0
0.034102 0.00405612 0 0
0.0148316 0.0040051 0 0
-0.182322 2.55102e-05 0 0
-0.233775 7.39793e-05 0 0
-0.247507 0.000140306 0 0
-0.264697 0.000255102 0 0
-0.282901 0.000484694 0 0
-0.283234 0.000790814 0 0
-0.275523 0.00122449 0 0
-0.276677 0.00170919 0 0
-0.242699 0.00255102 0 0
-0.224215 0.00446429 0 0
-0.173022 0.00816329 0 0
-0.162251 0.0100765 0 0
-0.152521 0.0121174 0 0
-0.145696 0.0141581 0 0
-0.128759 0.0160714 0 0
-0.132099 0.0179847 0 0
-0.119406 0.0216836 0 0
-0.103566 0.0253826 0 0
-0.0950129 0.0272959 0 0
-0.0841486 0.0292092 0 0
-0.0764279 0.0311224 0 0
-0.0637462 0.0330357 0 0
-0.0528954 0.034949 0 0
-0.0439953 0.0368622 0 0
-0.0375463 0.0387755 0 0
-0.0343071 0.0406888 0 0
-0.0339364 0.0426021 0 0
-0.033621 0.0445153 0 0
-0.0341103 0.0464286 0 0
-0.0354439 0.0484694 0 0
-0.0354002 0.0505102 0 0
-0.0360294 0.0524235 0 0
-0.0364664 0.0543367 0 0
-0.0370649 0.0580357 0 0
-0.0374914 0.0617347 0 0
-0.0372082 0.0636479 0 0
-0.0392498 0.0655612 0 0
-0.0380577 0.067551 0 0
-0.0386679 0.0693367 0 0
-0.0364058 0.0710459 0 0
-0.0364797 0.0727043 0 0
-0.0353791 0.0754336 0 0
-0.0570654 0.0707489 0 0
-0.0230712 0.0696611 0 0
-0.0130483 0.0678671 0 0
-0.00334914 0.0660767 0 0
0.00410628 0.0642876 0 0
0.0104505 0.0625 0 0
0.0174341 0.0607169 0 0
0.0198159 0.0589349 0 0
0.0212924 0.0535842 0 0
0.0218416 0.0518112 0 0
0.0212551 0.0500383 0 0
0.0164698 0.0482653 0 0
0.0126947 0.0465051 0 0
0.0135375 0.0447704 0 0
0.0130966 0.0431122 0 0
0.0105361 0.0414541 0 0
0.00715593 0.0399235 0 0
0.0067228 0.0382653 0 0
0.00336643 0.0366071 0 0
0.00105382 0.034949 0 0
0.00038424 0.0332908 0 0
0.00111668 0.0316326 0 0
0.00126064 0.0299745 0 0
0.000306934 0.0283164 0 0
-0.00122786 0.0266581 0 0
0.00574016 0.025 0 0
0.00828021 0.0233419 0 0
0.0102214 0.0216836 0 0
0.0153379 0.0200255 0 0
0.0176849 0.0183674 0 0
0.0244104 0.0167092 0 0
0.0292261 0.015051 0 0
0.0348254 0.0133929 0 0
0.0417627 0.0117347 0 0
0.0593411 0.00829079 0 0
0.0690226 0.00663265 0 0
0.0730129 0.00497449 0 0
-0.118648 0.00446429 0 0
0.0739893 0.00438776 0 0
-0.0545211 0.00437245 0 0
-0.0135818 0.00429847 0 0
0.0626644 0.00415816 0 0
0.0524676 0.00410714 0 0
0.034102 0.00405612 0 0
0.0148316 0.0040051 0 0
-0.182322 2.55102e-05 0 0
-0.233775 7.39793e-05 0 0
-0.247507 0.000140306 0 0
-0.264697 0.000255102 0 0
-0.282901 0.000484694 0 0
-0.283234 0.000790814 0 0
-0.275523 0.00122449 0 0
-0.276677 0.00170919 0 0
-0.242699 0.00255102 0 0
-0.224215 0.00446429 0 0
-0.173022 0.00816329 0 0
-0.162251 0.0100765 0 0
-0.152521 0.0121174 0 0
-0.145696 0.0141581 0 0
-0.128759 0.0160714 0 0
-0.132099 0.0179847 0 0
-0.119406 0.0216836 0 0
-0.103566 0.0253826 0 0
-0.0950129 0.0272959 0 0
-0.0841486 0.0292092 0 0
-0.0764279 0.0311224 0 0
-0.0637462 0.0330357 0 0
-0.0528954 0.034949 0 0
-0.0439953 0.0368622 0 0
-0.0375463 0.0387755 0 0
-0.0343071 0.0406888 0 0
-0.0339364 0.0426021 0 0
-0.033621 0.0445153 0 0
-0.0341103 0.0464286 0 0
-0.0354439 0.0484694 0 0
-0.0354002 0.0505102 0 0
-0.0360294 0.0524235 0 0
-0.0364664 0.0543367 0 0
-0.0370649 0.0580357 0 0
-0.0374914 0.0617347 0 0
-0.0372082 0.0636479 0 0
-0.0392498 0.0655612 0 0
-0.0380577 0.067551 0 0
-0.0386679 0.0693367 0 0
-0.0364058 0.0710459 0 0
-0.0364797 0.0727043 0 0
-0.0353791 0.0754336 0 0
-0.0570654 0.0707489 0 0
-0.0230712 0.0696611 0 0
-0.0130483 0.0678671 0 0
-0.00334914 0.0660767 0 0
0.00410628 0.0642876 0 0
0.0104505 0.0625 0 0
0.0174341 0.0607169 0 0
0.0198159 0.0589349 0 0
0.0212924 0.0535842 0 0
0.0218416 0.0518112 0 0
0.0212551 0.0500383 0 0
0.0164698 0.0482653 0 0
0.0126947 0.0465051 0 0
0.0135375 0.0447704 0 0
0.0130966 0.0431122 0 0
0.0105361 0.0414541 0 0
0.00715593 0.0399235 0 0
0.0067228 0.0382653 0 0
0.00336643 0.0366071 0 0
0.00105382 0.034949 0 0
0.00038424 0.0332908 0 0
0.00111668 0.0316326 0 0
0.00126064 0.0299745 0 0
0.000306934 0.0283164 0 0
-0.00122786 0.0266581 0 0
0.00574016 0.025 0 0
0.00828021 0.0233419 0 0
0.0102214 0.0216836 0 0
0.0153379 0.0200255 0 0
0.0176849 0.0183674 0 0
0.0244104 0.0167092 0 0
0.0292261 0.015051 0 0
0.0348254 0.0133929 0 0
0.0417627 0.0117347 0 0
0.0593411 0.00829079 0 0
0.0690226 0.00663265 0 0
0.0730129 0.00497449 0 0
-0.118648 0.00446429 0 0
0.0739893 0.00438776 0 0
-0.0545211 0.00437245 0 0
-0.0135818 0.00429847 0 0
0.0626644 0.00415816 0 0
0.0524676 0.00410714 0 0
0.034102 0.00405612 0 0
0.0148316 0.0040051 0 0
14
