0 0 0 0
0 -0.285714 0 0
0 0.3056 0 0.00724286
0 0 0 0
0 0 0 0
1.01154 0 0 0
0.993227 0.0005 0 0
0.927517 0.00125 0 0
0.829929 0.0025 0 0
0.648776 0.005 0 0
0.552531 0.0075 0 0
0.36964 0.01 0 0
0.243454 0.015 0 0
0.0609829 0.025 0 0
-0.0977957 0.05 0 0
-0.388106 0.1 0 0
-0.500054 0.125 0 0
-0.594899 0.15 0 0
-0.68883 0.175 0 0
-0.71086 0.2 0 0
-0.820263 0.225 0 0
-0.915671 0.275 0 0
-0.964494 0.325 0 0
-0.983926 0.35 0 0
-0.966493 0.375 0 0
-0.976366 0.4 0 0
-0.949374 0.425 0 0
-0.911034 0.45 0 0
-0.877053 0.475 0 0
-0.833569 0.5 0 0
-0.794156 0.525 0 0
-0.689297 0.55 0 0
-0.605294 0.575 0 0
-0.571046 0.6 0 0
-0.511043 0.625 0 0
-0.487017 0.65 0 0
-0.436501 0.675 0 0
-0.388153 0.7 0 0
-0.303809 0.75 0 0
-0.22397 0.8 0 0
-0.18599 0.825 0 0
-0.155429 0.85 0 0
-0.114584 0.875 0 0
-0.0899357 0.9 0 0
-0.0477314 0.925 0 0
-0.00733571 0.95 0 0
0.110841 0.99 0 0
0 0 0 0
0.962473 0 0 0
0.787227 0.0005 0 0
0.626357 0.00125 0 0
0.450174 0.0025 0 0
0.303801 0.005 0 0
0.0966357 0.0075 0 0
-0.0384571 0.01 0 0
-0.229227 0.015 0 0
-0.32463 0.025 0 0
-0.409557 0.05 0 0
-0.493311 0.075 0 0
-0.57926 0.125 0 0
-0.605209 0.15 0 0
-0.627951 0.175 0 0
-0.640541 0.2 0 0
-0.672596 0.225 0 0
-0.684076 0.25 0 0
-0.664991 0.275 0 0
-0.627823 0.3 0 0
-0.607493 0.325 0 0
-0.621834 0.35 0 0
-0.577651 0.375 0 0
-0.537849 0.4 0 0
-0.508369 0.425 0 0
-0.44458 0.45 0 0
-0.364024 0.475 0 0
-0.31228 0.5 0 0
-0.23081 0.525 0 0
-0.175247 0.55 0 0
-0.11788 0.575 0 0
-0.0572014 0.6 0 0
0.00574714 0.625 0 0
0.0505971 0.65 0 0
0.101717 0.675 0 0
0.158551 0.7 0 0
0.204993 0.725 0 0
0.23969 0.75 0 0
0.314986 0.825 0 0
0.336844 0.85 0 0
0.337339 0.875 0 0
0.338391 0.9 0 0
0.329154 0.925 0 0
0.293589 0.95 0 0
0.268271 0.975 0 0
0.187033 0.99 0 0
0 0 0 0
1.01483 0.0625 0 0
1.01482 0.0875 0 0
1.0142 0.1125 0 0
1.01568 0.1375 0 0
1.01595 0.1625 0 0
1.01072 0.1875 0 0
1.01803 0.2125 0 0
1.01643 0.2375 0 0
1.0154 0.2625 0 0
1.01682 0.2875 0 0
1.01165 0.3125 0 0
1.01655 0.3375 0 0
1.01651 0.3625 0 0
1.01904 0.3875 0 0
1.0182 0.4125 0 0
1.01498 0.4375 0 0
1.01728 0.4525 0 0
1.01585 0.4675 0 0
1.01419 0.4825 0 0
1.01928 0.4975 0 0
1.01413 0.5125 0 0
1.01516 0.5275 0 0
1.0018 0.5425 0 0
1.01947 0.5575 0 0
1.01327 0.5725 0 0
1.01799 0.5875 0 0
1.01664 0.6025 0 0
1.01707 0.6175 0 0
1.01734 0.6325 0 0
1.01243 0.6475 0 0
1.01562 0.6625 0 0
1.01367 0.6775 0 0
1.01571 0.6925 0 0
1.00569 0.7075 0 0
1.01299 0.7225 0 0
1.01292 0.7375 0 0
0.99966 0.7475 0 0
1.01134 0.7575 0 0
1.0129 0.7675 0 0
1.00504 0.7775 0 0
1.01099 0.7875 0 0
1.0101 0.7975 0 0
1.01756 0.8075 0 0
1.01479 0.8175 0 0
1.00891 0.8275 0 0
1.01153 0.8375 0 0
1.01701 0.8475 0 0
1.01412 0.8575 0 0
1.00988 0.8675 0 0
1.01426 0.8775 0 0
1.01471 0.8875 0 0
1.0105 0.8975 0 0
1.01376 0.9075 0 0
1.01345 0.9175 0 0
1.00814 0.9275 0 0
1.01175 0.9375 0 0
1.01281 0.9475 0 0
1.02307 0.9575 0 0
1.01659 0.9675 0 0
1.00977 0.9775 0 0
1.01221 0.9875 0 0
1.00254 0.9975 0 0
0.988031 1.0075 0 0
0.930754 1.0175 0 0
0.861514 1.0275 0 0
0.831227 1.0375 0 0
0.857841 1.0475 0 0
0.910629 1.0575 0 0
0.974011 1.0675 0 0
1.00124 1.0775 0 0
1.0138 1.0875 0 0
1.01123 1.0975 0 0
1.00672 1.1075 0 0
1.00608 1.1175 0 0
1.00868 1.1275 0 0
1.0076 1.1375 0 0
1.01264 1.1525 0 0
1.01035 1.1675 0 0
1.00961 1.1825 0 0
1.00764 1.1975 0 0
1.00712 1.2125 0 0
1.01057 1.2275 0 0
1.01052 1.2425 0 0
1.01201 1.2575 0 0
1.01266 1.2725 0 0
1.00878 1.2875 0 0
1.01077 1.3025 0 0
1.01228 1.3175 0 0
1.00993 1.3325 0 0
1.01105 1.3475 0 0
1.01151 1.3625 0 0
1.00586 1.3775 0 0
1.01043 1.3925 0 0
1.01027 1.4075 0 0
1.01039 1.4225 0 0
1.01159 1.4375 0 0
1.01023 1.4625 0 0
1.01739 1.4875 0 0
1.01733 1.5125 0 0
1.01151 1.5375 0 0
1.01086 1.5625 0 0
1.01149 1.5875 0 0
1.01598 1.6125 0 0
0.991331 1.6375 0 0
1.01458 1.6625 0 0
1.01776 1.6875 0 0
1.00656 1.7125 0 0
1.01094 1.7375 0 0
1.00683 1.7625 0 0
1.01231 1.7875 0 0
1.01516 1.8125 0 0
0 0 0 0
-0.00384 0.625 0 0
-0.0320314 0.9375 0 0
-0.0419171 1.25 0 0
0.0140029 1.5625 0 0
7
