0 0 0 0
0 1.7 0 0
0 1.41145 0 0.16378
0 0 0 0
0 0 0 0
-3.52044 0 0 0
-4.28516 0.0005 0 0
-4.43034 0.00125 0 0
-4.61311 0.0025 0 0
-4.80787 0.005 0 0
-4.76247 0.0075 0 0
-4.55639 0.01 0 0
-4.4968 0.015 0 0
-3.96308 0.025 0 0
-3.84538 0.05 0 0
-2.55071 0.1 0 0
-2.29416 0.125 0 0
-2.0846 0.15 0 0
-1.93331 0.175 0 0
-1.65006 0.2 0 0
-1.63267 0.225 0 0
-1.32998 0.275 0 0
-0.962185 0.325 0 0
-0.780561 0.35 0 0
-0.633943 0.375 0 0
-0.580736 0.4 0 0
-0.525853 0.425 0 0
-0.510761 0.45 0 0
-0.508512 0.475 0 0
-0.502865 0.5 0 0
-0.498613 0.525 0 0
-0.50986 0.55 0 0
-0.50925 0.575 0 0
-0.519513 0.6 0 0
-0.535424 0.625 0 0
-0.534155 0.65 0 0
-0.540744 0.675 0 0
-0.543894 0.7 0 0
-0.549006 0.75 0 0
-0.549579 0.8 0 0
-0.544916 0.825 0 0
-0.573175 0.85 0 0
-0.554935 0.875 0 0
-0.562297 0.9 0 0
-0.559352 0.925 0 0
-0.5643 0.95 0 0
-0.544549 0.99 0 0
0 0 0 0
-2.8275 0 0 0
-1.72281 0.0005 0 0
-0.964317 0.00125 0 0
-0.42344 0.0025 0 0
-0.04223 0.005 0 0
0.350962 0.0075 0 0
0.621585 0.01 0 0
0.95196 0.015 0 0
1.01535 0.025 0 0
1.02288 0.05 0 0
0.932856 0.075 0 0
0.713683 0.125 0 0
0.617736 0.15 0 0
0.540809 0.175 0 0
0.471035 0.2 0 0
0.373247 0.225 0 0
0.335377 0.25 0 0
0.254808 0.275 0 0
0.218898 0.3 0 0
0.17653 0.325 0 0
0.065408 0.35 0 0
0.076533 0.375 0 0
0.079029 0.4 0 0
0.064591 0.425 0 0
0.042913 0.45 0 0
0.036004 0.475 0 0
0.054815 0.5 0 0
0.092033 0.525 0 0
0.085447 0.55 0 0
0.110889 0.575 0 0
0.134852 0.6 0 0
0.142295 0.625 0 0
0.132566 0.65 0 0
0.16757 0.675 0 0
0.185568 0.7 0 0
0.222172 0.725 0 0
0.286463 0.75 0 0
0.278938 0.825 0 0
0.285522 0.85 0 0
0.246302 0.875 0 0
0.21612 0.9 0 0
0.160495 0.925 0 0
0.030114 0.95 0 0
-0.097815 0.975 0 0
-0.560004 0.99 0 0
0 0 0 0
1.01261 0.0625 0 0
1.0212 0.0875 0 0
1.01089 0.1125 0 0
1.03028 0.1375 0 0
1.01661 0.1625 0 0
1.00541 0.1875 0 0
1.02635 0.2125 0 0
1.02254 0.2375 0 0
1.01776 0.2625 0 0
1.02602 0.2875 0 0
1.01269 0.3125 0 0
1.02238 0.3375 0 0
1.02353 0.3625 0 0
1.03044 0.3875 0 0
1.03027 0.4125 0 0
1.01482 0.4375 0 0
1.02488 0.4525 0 0
1.01894 0.4675 0 0
1.01645 0.4825 0 0
1.02884 0.4975 0 0
1.01642 0.5125 0 0
1.0165 0.5275 0 0
0.961283 0.5425 0 0
1.03151 0.5575 0 0
1.01875 0.5725 0 0
1.02235 0.5875 0 0
1.0142 0.6025 0 0
1.01646 0.6175 0 0
1.01188 0.6325 0 0
0.985427 0.6475 0 0
0.988453 0.6625 0 0
0.969192 0.6775 0 0
0.960276 0.6925 0 0
0.92282 0.7075 0 0
0.914515 0.7225 0 0
0.886372 0.7375 0 0
0.811192 0.7475 0 0
0.836121 0.7575 0 0
0.809483 0.7675 0 0
0.773853 0.7775 0 0
0.773617 0.7875 0 0
0.75606 0.7975 0 0
0.752948 0.8075 0 0
0.730328 0.8175 0 0
0.670263 0.8275 0 0
0.668921 0.8375 0 0
0.65997 0.8475 0 0
0.62411 0.8575 0 0
0.611428 0.8675 0 0
0.59373 0.8775 0 0
0.586865 0.8875 0 0
0.565096 0.8975 0 0
0.561822 0.9075 0 0
0.551143 0.9175 0 0
0.5304 0.9275 0 0
0.529266 0.9375 0 0
0.528415 0.9475 0 0
0.570423 0.9575 0 0
0.540654 0.9675 0 0
0.510309 0.9775 0 0
0.518164 0.9875 0 0
0.509876 0.9975 0 0
0.521246 1.0075 0 0
0.540723 1.0175 0 0
0.542 1.0275 0 0
0.548377 1.0375 0 0
0.57381 1.0475 0 0
0.590181 1.0575 0 0
0.602371 1.0675 0 0
0.6092 1.0775 0 0
0.653353 1.0875 0 0
0.650979 1.0975 0 0
0.651424 1.1075 0 0
0.671094 1.1175 0 0
0.699837 1.1275 0 0
0.722206 1.1375 0 0
0.762696 1.1525 0 0
0.777255 1.1675 0 0
0.811686 1.1825 0 0
0.823622 1.1975 0 0
0.840794 1.2125 0 0
0.877351 1.2275 0 0
0.907435 1.2425 0 0
0.921175 1.2575 0 0
0.948086 1.2725 0 0
0.956092 1.2875 0 0
0.977488 1.3025 0 0
0.990618 1.3175 0 0
0.995286 1.3325 0 0
1.00519 1.3475 0 0
1.01546 1.3625 0 0
0.993255 1.3775 0 0
1.01567 1.3925 0 0
1.02058 1.4075 0 0
1.01576 1.4225 0 0
1.02304 1.4375 0 0
1.01424 1.4625 0 0
1.03016 1.4875 0 0
1.03155 1.5125 0 0
1.00868 1.5375 0 0
1.00483 1.5625 0 0
1.01064 1.5875 0 0
1.03048 1.6125 0 0
0.979606 1.6375 0 0
1.01952 1.6625 0 0
1.03613 1.6875 0 0
1.00606 1.7125 0 0
1.01494 1.7375 0 0
1.00095 1.7625 0 0
1.01981 1.7875 0 0
1.0277 1.8125 0 0
0 0 0 0
-0.024966 0.625 0 0
-0.173467 0.9375 0 0
-0.109525 1.25 0 0
-0.018597 1.5625 0 0
10
