0 0 0 0
0 2.875 0 0
0 1.21946 0 0.294175
0 0 0 0
0 0 0 0
-2.62071 0 0 0
-2.65978 0.0005 0 0
-2.63499 0.00125 0 0
-2.62826 0.0025 0 0
-2.64244 0.005 0 0
-2.61755 0.0075 0 0
-2.58909 0.01 0 0
-2.80861 0.015 0 0
-2.59011 0.025 0 0
-2.66733 0.05 0 0
-2.10354 0.1 0 0
-1.65325 0.125 0 0
-1.23063 0.15 0 0
-0.910833 0.175 0 0
-0.690184 0.2 0 0
-0.686974 0.225 0 0
-0.674002 0.275 0 0
-0.674769 0.325 0 0
-0.677217 0.35 0 0
-0.679832 0.375 0 0
-0.690429 0.4 0 0
-0.690288 0.425 0 0
-0.694598 0.45 0 0
-0.701863 0.475 0 0
-0.706403 0.5 0 0
-0.710673 0.525 0 0
-0.716614 0.55 0 0
-0.722608 0.575 0 0
-0.729795 0.6 0 0
-0.737218 0.625 0 0
-0.740801 0.65 0 0
-0.745391 0.675 0 0
-0.747596 0.7 0 0
-0.752456 0.75 0 0
-0.75183 0.8 0 0
-0.754265 0.825 0 0
-0.759546 0.85 0 0
-0.753304 0.875 0 0
-0.750917 0.9 0 0
-0.747793 0.925 0 0
-0.740135 0.95 0 0
-0.720413 0.99 0 0
0 0 0 0
-2.66519 0 0 0
-2.60326 0.0005 0 0
-1.75103 0.00125 0 0
-1.09797 0.0025 0 0
-0.632108 0.005 0 0
-0.109078 0.0075 0 0
0.286114 0.01 0 0
0.78373 0.015 0 0
0.948266 0.025 0 0
1.02064 0.05 0 0
0.995045 0.075 0 0
0.825211 0.125 0 0
0.738529 0.15 0 0
0.653824 0.175 0 0
0.584905 0.2 0 0
0.489169 0.225 0 0
0.42229 0.25 0 0
0.355702 0.275 0 0
0.309164 0.3 0 0
0.260531 0.325 0 0
0.180464 0.35 0 0
0.158916 0.375 0 0
0.136794 0.4 0 0
0.107569 0.425 0 0
0.0867325 0.45 0 0
0.07579 0.475 0 0
0.0784712 0.5 0 0
0.0967425 0.525 0 0
0.0984512 0.55 0 0
0.107212 0.575 0 0
0.120894 0.6 0 0
0.138259 0.625 0 0
0.146255 0.65 0 0
0.165496 0.675 0 0
0.182113 0.7 0 0
0.207357 0.725 0 0
0.240169 0.75 0 0
0.237986 0.825 0 0
0.237261 0.85 0 0
0.197835 0.875 0 0
0.156671 0.9 0 0
0.0936937 0.925 0 0
-0.0422825 0.95 0 0
-0.196293 0.975 0 0
-0.731965 0.99 0 0
0 0 0 0
1.02011 0.0625 0 0
1.02024 0.0875 0 0
1.01912 0.1125 0 0
1.01994 0.1375 0 0
1.02112 0.1625 0 0
1.01569 0.1875 0 0
1.02316 0.2125 0 0
1.02148 0.2375 0 0
1.02014 0.2625 0 0
1.02252 0.2875 0 0
1.0163 0.3125 0 0
1.02257 0.3375 0 0
1.02194 0.3625 0 0
1.02504 0.3875 0 0
1.02447 0.4125 0 0
1.02074 0.4375 0 0
1.02272 0.4525 0 0
1.02046 0.4675 0 0
1.01842 0.4825 0 0
1.02418 0.4975 0 0
1.01964 0.5125 0 0
1.01787 0.5275 0 0
1.00343 0.5425 0 0
1.02139 0.5575 0 0
1.01241 0.5725 0 0
1.01473 0.5875 0 0
1.00865 0.6025 0 0
1.0022 0.6175 0 0
0.995276 0.6325 0 0
0.984084 0.6475 0 0
0.975496 0.6625 0 0
0.95466 0.6775 0 0
0.929594 0.6925 0 0
0.901594 0.7075 0 0
0.869016 0.7225 0 0
0.836101 0.7375 0 0
0.801186 0.7475 0 0
0.79596 0.7575 0 0
0.754983 0.7675 0 0
0.732488 0.7775 0 0
0.725312 0.7875 0 0
0.695831 0.7975 0 0
0.66311 0.8075 0 0
0.643378 0.8175 0 0
0.578525 0.8275 0 0
0.569619 0.8375 0 0
0.534409 0.8475 0 0
0.509226 0.8575 0 0
0.507426 0.8675 0 0
0.437519 0.8775 0 0
0.423019 0.8875 0 0
0.424525 0.8975 0 0
0.39141 0.9075 0 0
0.353809 0.9175 0 0
0.317256 0.9275 0 0
0.304986 0.9375 0 0
0.268479 0.9475 0 0
0.254525 0.9575 0 0
0.262649 0.9675 0 0
0.201718 0.9775 0 0
0.177473 0.9875 0 0
0.154652 0.9975 0 0
0.165829 1.0075 0 0
0.141961 1.0175 0 0
0.17873 1.0275 0 0
0.133419 1.0375 0 0
0.132518 1.0475 0 0
0.100879 1.0575 0 0
0.101593 1.0675 0 0
0.102641 1.0775 0 0
0.100861 1.0875 0 0
0.0842675 1.0975 0 0
0.10321 1.1075 0 0
0.109547 1.1175 0 0
0.124485 1.1275 0 0
0.144535 1.1375 0 0
0.155507 1.1525 0 0
0.167159 1.1675 0 0
0.195018 1.1825 0 0
0.207022 1.1975 0 0
0.254434 1.2125 0 0
0.297659 1.2275 0 0
0.332487 1.2425 0 0
0.370312 1.2575 0 0
0.394721 1.2725 0 0
0.450048 1.2875 0 0
0.479141 1.3025 0 0
0.515894 1.3175 0 0
0.552203 1.3325 0 0
0.601876 1.3475 0 0
0.652546 1.3625 0 0
0.673489 1.3775 0 0
0.733931 1.3925 0 0
0.777905 1.4075 0 0
0.807404 1.4225 0 0
0.855184 1.4375 0 0
0.898223 1.4625 0 0
0.940314 1.4875 0 0
0.966105 1.5125 0 0
0.980917 1.5375 0 0
0.988059 1.5625 0 0
0.998354 1.5875 0 0
1.00842 1.6125 0 0
0.986477 1.6375 0 0
1.01142 1.6625 0 0
1.01925 1.6875 0 0
1.00951 1.7125 0 0
1.01422 1.7375 0 0
1.01241 1.7625 0 0
1.01889 1.7875 0 0
1.02123 1.8125 0 0
0 0 0 0
-0.07064 0.625 0 0
-0.300682 0.9375 0 0
-0.311421 1.25 0 0
-0.129923 1.5625 0 0
8
