0 0 0 0
0 -1.42857 0 0
0 -0.672757 0 0.0397571
0 0 0 0
0 0 0 0
-0.873147 0 0 0
-0.201323 0.0005 0 0
0.194774 0.00125 0 0
0.520259 0.0025 0 0
0.783497 0.005 0 0
0.885236 0.0075 0 0
0.98709 0.01 0 0
0.969691 0.015 0 0
0.980133 0.025 0 0
0.887774 0.05 0 0
0.57989 0.1 0 0
0.426397 0.125 0 0
0.2939 0.15 0 0
0.172751 0.175 0 0
0.0730414 0.2 0 0
-0.0253286 0.225 0 0
-0.183124 0.275 0 0
-0.301297 0.325 0 0
-0.350624 0.35 0 0
-0.371884 0.375 0 0
-0.416729 0.4 0 0
-0.423396 0.425 0 0
-0.419749 0.45 0 0
-0.422783 0.475 0 0
-0.41011 0.5 0 0
-0.380387 0.525 0 0
-0.350243 0.55 0 0
-0.330059 0.575 0 0
-0.311187 0.6 0 0
-0.286117 0.625 0 0
-0.264971 0.65 0 0
-0.223273 0.675 0 0
-0.183593 0.7 0 0
-0.149697 0.75 0 0
-0.109184 0.8 0 0
-0.0904871 0.825 0 0
-0.0799557 0.85 0 0
-0.0587843 0.875 0 0
-0.0570329 0.9 0 0
-0.0399243 0.925 0 0
-0.0292657 0.95 0 0
0.0143971 0.99 0 0
0 0 0 0
-1.30311 0 0 0
-2.06808 0.0005 0 0
-2.35391 0.00125 0 0
-2.60808 0.0025 0 0
-2.5916 0.005 0 0
-2.46889 0.0075 0 0
-2.6306 0.01 0 0
-2.54627 0.015 0 0
-2.47878 0.025 0 0
-2.25209 0.05 0 0
-1.93759 0.075 0 0
-1.66791 0.125 0 0
-1.57663 0.15 0 0
-1.51429 0.175 0 0
-1.36028 0.2 0 0
-1.40361 0.225 0 0
-1.34451 0.25 0 0
-1.25812 0.275 0 0
-1.15099 0.3 0 0
-1.06315 0.325 0 0
-1.03041 0.35 0 0
-0.905861 0.375 0 0
-0.789989 0.4 0 0
-0.684097 0.425 0 0
-0.563123 0.45 0 0
-0.433063 0.475 0 0
-0.310499 0.5 0 0
-0.228041 0.525 0 0
-0.194977 0.55 0 0
-0.179987 0.575 0 0
-0.172227 0.6 0 0
-0.172344 0.625 0 0
-0.175014 0.65 0 0
-0.16415 0.675 0 0
-0.158181 0.7 0 0
-0.151026 0.725 0 0
-0.143091 0.75 0 0
-0.116216 0.825 0 0
-0.101296 0.85 0 0
-0.0872357 0.875 0 0
-0.0635829 0.9 0 0
-0.0379 0.925 0 0
-0.0132243 0.95 0 0
0.0179571 0.975 0 0
0.0408814 0.99 0 0
0 0 0 0
1.01236 0.0625 0 0
1.01175 0.0875 0 0
1.01166 0.1125 0 0
1.01222 0.1375 0 0
1.01347 0.1625 0 0
1.00825 0.1875 0 0
1.015 0.2125 0 0
1.01371 0.2375 0 0
1.01212 0.2625 0 0
1.01375 0.2875 0 0
1.00831 0.3125 0 0
1.01371 0.3375 0 0
1.01371 0.3625 0 0
1.01621 0.3875 0 0
1.01617 0.4125 0 0
1.01252 0.4375 0 0
1.0148 0.4525 0 0
1.01303 0.4675 0 0
1.01198 0.4825 0 0
1.01611 0.4975 0 0
1.01166 0.5125 0 0
1.0124 0.5275 0 0
0.998759 0.5425 0 0
1.01672 0.5575 0 0
1.01085 0.5725 0 0
1.01578 0.5875 0 0
1.01433 0.6025 0 0
1.0142 0.6175 0 0
1.01502 0.6325 0 0
1.01082 0.6475 0 0
1.01236 0.6625 0 0
1.01123 0.6775 0 0
1.01244 0.6925 0 0
1.00313 0.7075 0 0
1.00959 0.7225 0 0
1.01069 0.7375 0 0
0.996771 0.7475 0 0
1.00901 0.7575 0 0
1.00975 0.7675 0 0
1.00104 0.7775 0 0
1.00767 0.7875 0 0
1.00748 0.7975 0 0
1.01441 0.8075 0 0
1.01083 0.8175 0 0
1.00574 0.8275 0 0
1.00791 0.8375 0 0
1.01306 0.8475 0 0
1.01038 0.8575 0 0
1.00625 0.8675 0 0
1.00869 0.8775 0 0
1.00803 0.8875 0 0
1.00071 0.8975 0 0
1.00018 0.9075 0 0
0.997847 0.9175 0 0
0.985759 0.9275 0 0
0.983689 0.9375 0 0
0.977607 0.9475 0 0
0.979153 0.9575 0 0
0.96298 0.9675 0 0
0.941441 0.9775 0 0
0.92899 0.9875 0 0
0.910337 0.9975 0 0
0.901163 1.0075 0 0
0.886386 1.0175 0 0
0.858866 1.0275 0 0
0.843829 1.0375 0 0
0.837516 1.0475 0 0
0.821384 1.0575 0 0
0.810479 1.0675 0 0
0.801713 1.0775 0 0
0.802034 1.0875 0 0
0.792816 1.0975 0 0
0.791653 1.1075 0 0
0.795196 1.1175 0 0
0.804616 1.1275 0 0
0.814829 1.1375 0 0
0.83214 1.1525 0 0
0.851523 1.1675 0 0
0.877307 1.1825 0 0
0.904667 1.1975 0 0
0.931079 1.2125 0 0
0.951889 1.2275 0 0
0.973544 1.2425 0 0
0.98909 1.2575 0 0
0.998727 1.2725 0 0
1.00204 1.2875 0 0
1.00755 1.3025 0 0
1.00875 1.3175 0 0
1.00759 1.3325 0 0
1.00853 1.3475 0 0
1.00844 1.3625 0 0
1.00331 1.3775 0 0
1.00723 1.3925 0 0
1.008 1.4075 0 0
1.00719 1.4225 0 0
1.0087 1.4375 0 0
1.00637 1.4625 0 0
1.01417 1.4875 0 0
1.01401 1.5125 0 0
1.00848 1.5375 0 0
1.00793 1.5625 0 0
1.00851 1.5875 0 0
1.01283 1.6125 0 0
0.9876 1.6375 0 0
1.01069 1.6625 0 0
1.01419 1.6875 0 0
1.00278 1.7125 0 0
1.00771 1.7375 0 0
1.00443 1.7625 0 0
1.01025 1.7875 0 0
1.01184 1.8125 0 0
0 0 0 0
-0.0410929 0.625 0 0
-0.0686114 0.9375 0 0
-0.0458586 1.25 0 0
0.0252771 1.5625 0 0
7
