0 0 0 0
0 -1 0 0
0 -0.07032 0 0.00746
0 0 0 0
0 0 0 0
0.710288 0 0 0
0.9255 0.0005 0 0
0.98896 0.00125 0 0
1.0146 0.0025 0 0
0.986034 0.005 0 0
0.945054 0.0075 0 0
0.833708 0.01 0 0
0.594236 0.015 0 0
0.560804 0.025 0 0
0.390142 0.05 0 0
0.045494 0.1 0 0
-0.105772 0.125 0 0
-0.220516 0.15 0 0
-0.327558 0.175 0 0
-0.37584 0.2 0 0
-0.492052 0.225 0 0
-0.619948 0.275 0 0
-0.697442 0.325 0 0
-0.721138 0.35 0 0
-0.724384 0.375 0 0
-0.76399 0.4 0 0
-0.7338 0.425 0 0
-0.706942 0.45 0 0
-0.688838 0.475 0 0
-0.644454 0.5 0 0
-0.598926 0.525 0 0
-0.576128 0.55 0 0
-0.549424 0.575 0 0
-0.535224 0.6 0 0
-0.4432 0.625 0 0
-0.357172 0.65 0 0
-0.33275 0.675 0 0
-0.30305 0.7 0 0
-0.236664 0.75 0 0
-0.168424 0.8 0 0
-0.135878 0.825 0 0
-0.128654 0.85 0 0
-0.080048 0.875 0 0
-0.064218 0.9 0 0
-0.029406 0.925 0 0
-0.000278 0.95 0 0
0.107656 0.99 0 0
0 0 0 0
0.512604 0 0 0
0.098494 0.0005 0 0
-0.155022 0.00125 0 0
-0.395556 0.0025 0 0
-0.5719 0.005 0 0
-0.811132 0.0075 0 0
-0.92742 0.01 0 0
-0.999242 0.015 0 0
-1.03 0.025 0 0
-1.01271 0.05 0 0
-1.00314 0.075 0 0
-0.977818 0.125 0 0
-0.972702 0.15 0 0
-0.950062 0.175 0 0
-0.944794 0.2 0 0
-0.958018 0.225 0 0
-0.922718 0.25 0 0
-0.905106 0.275 0 0
-0.854226 0.3 0 0
-0.81787 0.325 0 0
-0.848624 0.35 0 0
-0.778594 0.375 0 0
-0.727308 0.4 0 0
-0.689326 0.425 0 0
-0.549916 0.45 0 0
-0.479226 0.475 0 0
-0.413008 0.5 0 0
-0.315386 0.525 0 0
-0.26523 0.55 0 0
-0.191548 0.575 0 0
-0.120786 0.6 0 0
-0.059112 0.625 0 0
-0.026242 0.65 0 0
0.044362 0.675 0 0
0.106606 0.7 0 0
0.160162 0.725 0 0
0.203332 0.75 0 0
0.275642 0.825 0 0
0.303394 0.85 0 0
0.30006 0.875 0 0
0.309968 0.9 0 0
0.30169 0.925 0 0
0.26217 0.95 0 0
0.248374 0.975 0 0
0.175826 0.99 0 0
0 0 0 0
1.00802 0.0625 0 0
1.01574 0.0875 0 0
1.00827 0.1125 0 0
1.02401 0.1375 0 0
1.0107 0.1625 0 0
1.00137 0.1875 0 0
1.02125 0.2125 0 0
1.0181 0.2375 0 0
1.01071 0.2625 0 0
1.02166 0.2875 0 0
1.00129 0.3125 0 0
1.01833 0.3375 0 0
1.01695 0.3625 0 0
1.0241 0.3875 0 0
1.02548 0.4125 0 0
1.0112 0.4375 0 0
1.0189 0.4525 0 0
1.01444 0.4675 0 0
1.00916 0.4825 0 0
1.02564 0.4975 0 0
1.01225 0.5125 0 0
1.01541 0.5275 0 0
0.962262 0.5425 0 0
1.02653 0.5575 0 0
1.01453 0.5725 0 0
1.02296 0.5875 0 0
1.01558 0.6025 0 0
1.02353 0.6175 0 0
1.02167 0.6325 0 0
1.00917 0.6475 0 0
1.02011 0.6625 0 0
1.01038 0.6775 0 0
1.01623 0.6925 0 0
0.991634 0.7075 0 0
1.0116 0.7225 0 0
1.01209 0.7375 0 0
0.960146 0.7475 0 0
1.00567 0.7575 0 0
1.00283 0.7675 0 0
0.993822 0.7775 0 0
1.00827 0.7875 0 0
1.00535 0.7975 0 0
1.02653 0.8075 0 0
1.02272 0.8175 0 0
0.997476 0.8275 0 0
1.00251 0.8375 0 0
1.02094 0.8475 0 0
1.00989 0.8575 0 0
1.00875 0.8675 0 0
1.01176 0.8775 0 0
1.01906 0.8875 0 0
1.01022 0.8975 0 0
1.01477 0.9075 0 0
1.01282 0.9175 0 0
1.00016 0.9275 0 0
1.00721 0.9375 0 0
1.00965 0.9475 0 0
1.05063 0.9575 0 0
1.02539 0.9675 0 0
1.0077 0.9775 0 0
1.01493 0.9875 0 0
0.994794 0.9975 0 0
1.01827 1.0075 0 0
1.0206 1.0175 0 0
1.00835 1.0275 0 0
0.998208 1.0375 0 0
1.0112 1.0475 0 0
0.978904 1.0575 0 0
0.934176 1.0675 0 0
0.882646 1.0775 0 0
0.8527 1.0875 0 0
0.830882 1.0975 0 0
0.855628 1.1075 0 0
0.926462 1.1175 0 0
0.978398 1.1275 0 0
1.00209 1.1375 0 0
1.02612 1.1525 0 0
1.00908 1.1675 0 0
1.01135 1.1825 0 0
0.998618 1.1975 0 0
0.998696 1.2125 0 0
1.01281 1.2275 0 0
1.01347 1.2425 0 0
1.01387 1.2575 0 0
1.01931 1.2725 0 0
1.00876 1.2875 0 0
1.01403 1.3025 0 0
1.01598 1.3175 0 0
1.00949 1.3325 0 0
1.01371 1.3475 0 0
1.01842 1.3625 0 0
1.00056 1.3775 0 0
1.0107 1.3925 0 0
1.01452 1.4075 0 0
1.01322 1.4225 0 0
1.01411 1.4375 0 0
1.00559 1.4625 0 0
1.02134 1.4875 0 0
1.02345 1.5125 0 0
1.00332 1.5375 0 0
1.00195 1.5625 0 0
1.00462 1.5875 0 0
1.0236 1.6125 0 0
0.976862 1.6375 0 0
1.01314 1.6625 0 0
1.02799 1.6875 0 0
1.00056 1.7125 0 0
1.01298 1.7375 0 0
0.996268 1.7625 0 0
1.01419 1.7875 0 0
1.0228 1.8125 0 0
0 0 0 0
-0.021052 0.625 0 0
-0.03647 0.9375 0 0
-0.041172 1.25 0 0
0.024714 1.5625 0 0
5
