0 0 0 0
0 0.166667 0 0
0 0.812308 0 0.00785833
0 0 0 0
0 0 0 0
0.678301 0 0 0
0.36215 0.0005 0 0
0.171864 0.00125 0 0
-0.04709 0.0025 0 0
-0.35778 0.005 0 0
-0.478082 0.0075 0 0
-0.677667 0.01 0 0
-0.895742 0.015 0 0
-0.886813 0.025 0 0
-0.963902 0.05 0 0
-1.06793 0.1 0 0
-1.11765 0.125 0 0
-1.15433 0.15 0 0
-1.20723 0.175 0 0
-1.13681 0.2 0 0
-1.2685 0.225 0 0
-1.3142 0.275 0 0
-1.30874 0.325 0 0
-1.29554 0.35 0 0
-1.25977 0.375 0 0
-1.25964 0.4 0 0
-1.19693 0.425 0 0
-1.14368 0.45 0 0
-1.10441 0.475 0 0
-1.06608 0.5 0 0
-1.04264 0.525 0 0
-0.777812 0.55 0 0
-0.715042 0.575 0 0
-0.683048 0.6 0 0
-0.6233 0.625 0 0
-0.585544 0.65 0 0
-0.527282 0.675 0 0
-0.468508 0.7 0 0
-0.363698 0.75 0 0
-0.265021 0.8 0 0
-0.215512 0.825 0 0
-0.194998 0.85 0 0
-0.132153 0.875 0 0
-0.103726 0.9 0 0
-0.0549925 0.925 0 0
-0.0140383 0.95 0 0
0.107207 0.99 0 0
0 0 0 0
0.86785 0 0 0
1.00974 0.0005 0 0
1.02548 0.00125 0 0
0.996037 0.0025 0 0
0.957546 0.005 0 0
0.851893 0.0075 0 0
0.732533 0.01 0 0
0.550567 0.015 0 0
0.407802 0.025 0 0
0.270693 0.05 0 0
0.114619 0.075 0 0
-0.0811925 0.125 0 0
-0.146293 0.15 0 0
-0.187619 0.175 0 0
-0.224939 0.2 0 0
-0.287483 0.225 0 0
-0.292565 0.25 0 0
-0.320551 0.275 0 0
-0.308632 0.3 0 0
-0.309236 0.325 0 0
-0.379393 0.35 0 0
-0.325203 0.375 0 0
-0.281686 0.4 0 0
-0.253298 0.425 0 0
-0.234232 0.45 0 0
-0.213656 0.475 0 0
-0.189978 0.5 0 0
-0.166236 0.525 0 0
-0.0397033 0.55 0 0
0.0493475 0.575 0 0
0.0799942 0.6 0 0
0.113873 0.625 0 0
0.126573 0.65 0 0
0.17962 0.675 0 0
0.23172 0.7 0 0
0.275268 0.725 0 0
0.308847 0.75 0 0
0.363948 0.825 0 0
0.386308 0.85 0 0
0.375561 0.875 0 0
0.375934 0.9 0 0
0.359904 0.925 0 0
0.306151 0.95 0 0
0.278602 0.975 0 0
0.160449 0.99 0 0
0 0 0 0
1.00954 0.0625 0 0
1.01705 0.0875 0 0
1.00907 0.1125 0 0
1.02797 0.1375 0 0
1.01267 0.1625 0 0
1.00318 0.1875 0 0
1.02228 0.2125 0 0
1.02045 0.2375 0 0
1.01415 0.2625 0 0
1.02167 0.2875 0 0
1.01137 0.3125 0 0
1.01928 0.3375 0 0
1.01887 0.3625 0 0
1.02743 0.3875 0 0
1.02577 0.4125 0 0
1.01392 0.4375 0 0
1.02238 0.4525 0 0
1.01706 0.4675 0 0
1.01423 0.4825 0 0
1.02669 0.4975 0 0
1.01227 0.5125 0 0
1.01578 0.5275 0 0
0.963776 0.5425 0 0
1.02928 0.5575 0 0
1.01961 0.5725 0 0
1.02649 0.5875 0 0
1.0188 0.6025 0 0
1.02537 0.6175 0 0
1.02473 0.6325 0 0
1.01109 0.6475 0 0
1.02309 0.6625 0 0
1.01278 0.6775 0 0
1.02005 0.6925 0 0
0.995802 0.7075 0 0
1.01318 0.7225 0 0
1.01399 0.7375 0 0
0.961078 0.7475 0 0
1.00728 0.7575 0 0
1.0087 0.7675 0 0
0.997422 0.7775 0 0
1.01288 0.7875 0 0
1.00759 0.7975 0 0
1.03066 0.8075 0 0
1.02351 0.8175 0 0
0.999808 0.8275 0 0
1.00766 0.8375 0 0
1.02403 0.8475 0 0
1.01274 0.8575 0 0
1.01187 0.8675 0 0
1.01328 0.8775 0 0
1.02103 0.8875 0 0
1.01335 0.8975 0 0
1.01631 0.9075 0 0
1.00709 0.9175 0 0
0.956509 0.9275 0 0
0.910838 0.9375 0 0
0.858034 0.9475 0 0
0.864366 0.9575 0 0
0.839089 0.9675 0 0
0.864947 0.9775 0 0
0.927059 0.9875 0 0
0.956863 0.9975 0 0
1.00358 1.0075 0 0
1.0186 1.0175 0 0
1.00914 1.0275 0 0
1.00021 1.0375 0 0
1.01972 1.0475 0 0
1.00583 1.0575 0 0
1.01284 1.0675 0 0
1.01264 1.0775 0 0
1.02878 1.0875 0 0
1.01096 1.0975 0 0
0.995703 1.1075 0 0
1.00423 1.1175 0 0
1.00904 1.1275 0 0
1.00769 1.1375 0 0
1.02814 1.1525 0 0
1.01042 1.1675 0 0
1.01281 1.1825 0 0
1.00254 1.1975 0 0
1.00224 1.2125 0 0
1.01426 1.2275 0 0
1.01766 1.2425 0 0
1.01205 1.2575 0 0
1.02285 1.2725 0 0
1.00809 1.2875 0 0
1.01716 1.3025 0 0
1.01844 1.3175 0 0
1.01139 1.3325 0 0
1.01745 1.3475 0 0
1.01904 1.3625 0 0
0.9959 1.3775 0 0
1.01355 1.3925 0 0
1.01843 1.4075 0 0
1.01476 1.4225 0 0
1.0189 1.4375 0 0
1.00729 1.4625 0 0
1.02514 1.4875 0 0
1.0279 1.5125 0 0
1.00651 1.5375 0 0
1.00513 1.5625 0 0
1.00665 1.5875 0 0
1.02389 1.6125 0 0
0.977615 1.6375 0 0
1.01523 1.6625 0 0
1.02992 1.6875 0 0
1.0017 1.7125 0 0
1.01055 1.7375 0 0
0.999271 1.7625 0 0
1.01469 1.7875 0 0
1.02348 1.8125 0 0
0 0 0 0
0.00512333 0.625 0 0
-0.0187858 0.9375 0 0
-0.0451925 1.25 0 0
0.0158358 1.5625 0 0
12
