0 0 0 0
0 0.125 0 0
0 0.685775 0 0.0081
0 0 0 0
0 0 0 0
0.849184 0 0 0
0.607611 0.0005 0 0
0.448714 0.00125 0 0
0.252412 0.0025 0 0
-0.0383262 0.005 0 0
-0.161895 0.0075 0 0
-0.36271 0.01 0 0
-0.473536 0.015 0 0
-0.617112 0.025 0 0
-0.721214 0.05 0 0
-0.88651 0.1 0 0
-0.949274 0.125 0 0
-1.00747 0.15 0 0
-1.07598 0.175 0 0
-1.08606 0.2 0 0
-1.16026 0.225 0 0
-1.21812 0.275 0 0
-1.22939 0.325 0 0
-1.23302 0.35 0 0
-1.19905 0.375 0 0
-1.19029 0.4 0 0
-1.14984 0.425 0 0
-1.10132 0.45 0 0
-1.05878 0.475 0 0
-1.01494 0.5 0 0
-0.872646 0.525 0 0
-0.770807 0.55 0 0
-0.73579 0.575 0 0
-0.679046 0.6 0 0
-0.603563 0.625 0 0
-0.569404 0.65 0 0
-0.509452 0.675 0 0
-0.452594 0.7 0 0
-0.352943 0.75 0 0
-0.260806 0.8 0 0
-0.216416 0.825 0 0
-0.179741 0.85 0 0
-0.133289 0.875 0 0
-0.102622 0.9 0 0
-0.0548525 0.925 0 0
-0.00925625 0.95 0 0
0.11219 0.99 0 0
0 0 0 0
0.968695 0 0 0
1.01993 0.0005 0 0
0.991644 0.00125 0 0
0.92052 0.0025 0 0
0.842761 0.005 0 0
0.706485 0.0075 0 0
0.587893 0.01 0 0
0.37304 0.015 0 0
0.243376 0.025 0 0
0.106232 0.05 0 0
-0.0371437 0.075 0 0
-0.206324 0.125 0 0
-0.260555 0.15 0 0
-0.307848 0.175 0 0
-0.337094 0.2 0 0
-0.389754 0.225 0 0
-0.417017 0.25 0 0
-0.417897 0.275 0 0
-0.397989 0.3 0 0
-0.393147 0.325 0 0
-0.422294 0.35 0 0
-0.388647 0.375 0 0
-0.356701 0.4 0 0
-0.331549 0.425 0 0
-0.304215 0.45 0 0
-0.276681 0.475 0 0
-0.208349 0.5 0 0
-0.09962 0.525 0 0
-0.0696963 0.55 0 0
-0.02499 0.575 0 0
0.0245787 0.6 0 0
0.0788987 0.625 0 0
0.117006 0.65 0 0
0.16118 0.675 0 0
0.214656 0.7 0 0
0.257514 0.725 0 0
0.2892 0.75 0 0
0.356576 0.825 0 0
0.376936 0.85 0 0
0.372916 0.875 0 0
0.369974 0.9 0 0
0.356149 0.925 0 0
0.313316 0.95 0 0
0.28147 0.975 0 0
0.179316 0.99 0 0
0 0 0 0
1.01645 0.0625 0 0
1.01665 0.0875 0 0
1.01585 0.1125 0 0
1.01776 0.1375 0 0
1.018 0.1625 0 0
1.01204 0.1875 0 0
1.01937 0.2125 0 0
1.01834 0.2375 0 0
1.01658 0.2625 0 0
1.01883 0.2875 0 0
1.01376 0.3125 0 0
1.01798 0.3375 0 0
1.01806 0.3625 0 0
1.0206 0.3875 0 0
1.02018 0.4125 0 0
1.01658 0.4375 0 0
1.0189 0.4525 0 0
1.01733 0.4675 0 0
1.01533 0.4825 0 0
1.01992 0.4975 0 0
1.01626 0.5125 0 0
1.01651 0.5275 0 0
1.0025 0.5425 0 0
1.02046 0.5575 0 0
1.01416 0.5725 0 0
1.01935 0.5875 0 0
1.01796 0.6025 0 0
1.01792 0.6175 0 0
1.01831 0.6325 0 0
1.01362 0.6475 0 0
1.01621 0.6625 0 0
1.01502 0.6775 0 0
1.01698 0.6925 0 0
1.00672 0.7075 0 0
1.01398 0.7225 0 0
1.01445 0.7375 0 0
1.00124 0.7475 0 0
1.01224 0.7575 0 0
1.0141 0.7675 0 0
1.00662 0.7775 0 0
1.01224 0.7875 0 0
1.01232 0.7975 0 0
1.01851 0.8075 0 0
1.01646 0.8175 0 0
1.01032 0.8275 0 0
1.01268 0.8375 0 0
1.01787 0.8475 0 0
1.01577 0.8575 0 0
1.0116 0.8675 0 0
1.01584 0.8775 0 0
1.01648 0.8875 0 0
1.013 0.8975 0 0
1.01493 0.9075 0 0
1.01512 0.9175 0 0
1.01002 0.9275 0 0
1.00815 0.9375 0 0
0.986185 0.9475 0 0
0.941555 0.9575 0 0
0.87747 0.9675 0 0
0.836713 0.9775 0 0
0.851344 0.9875 0 0
0.895219 0.9975 0 0
0.953544 1.0075 0 0
0.997111 1.0175 0 0
1.00352 1.0275 0 0
1.00713 1.0375 0 0
1.01262 1.0475 0 0
1.00891 1.0575 0 0
1.01161 1.0675 0 0
1.01122 1.0775 0 0
1.01654 1.0875 0 0
1.01273 1.0975 0 0
1.00836 1.1075 0 0
1.00831 1.1175 0 0
1.01068 1.1275 0 0
1.00965 1.1375 0 0
1.01387 1.1525 0 0
1.01129 1.1675 0 0
1.01132 1.1825 0 0
1.00943 1.1975 0 0
1.00863 1.2125 0 0
1.01161 1.2275 0 0
1.01185 1.2425 0 0
1.01329 1.2575 0 0
1.01403 1.2725 0 0
1.01055 1.2875 0 0
1.0121 1.3025 0 0
1.01316 1.3175 0 0
1.01122 1.3325 0 0
1.01202 1.3475 0 0
1.01282 1.3625 0 0
1.00587 1.3775 0 0
1.0121 1.3925 0 0
1.01176 1.4075 0 0
1.01034 1.4225 0 0
1.01278 1.4375 0 0
1.01166 1.4625 0 0
1.01819 1.4875 0 0
1.01835 1.5125 0 0
1.01292 1.5375 0 0
1.01169 1.5625 0 0
1.01276 1.5875 0 0
1.01791 1.6125 0 0
0.992761 1.6375 0 0
1.01531 1.6625 0 0
1.0183 1.6875 0 0
1.00765 1.7125 0 0
1.01164 1.7375 0 0
1.0085 1.7625 0 0
1.01482 1.7875 0 0
1.01651 1.8125 0 0
0 0 0 0
0.00952125 0.625 0 0
-0.0252013 0.9375 0 0
-0.0422463 1.25 0 0
0.0116712 1.5625 0 0
8
